Namespace(data='data/toy_one/5dim_5000seq_64ev/', epoch=100, batch_size=128, d_model=16, d_rnn=8, d_inner_hid=32, d_k=16, d_v=16, n_head=1, n_layers=1, dropout=0.1, lr=0.0001, smooth=0.1, log='data/toy_one/5dim_5000seq_64ev/100_10_20_input5_hidden32_softplus_batch128_grad.txt', num_events=64, lr_delay=0.0001, n_hidden=32, n_input=5, device=device(type='cpu'))
Epoch, Log-likelihood-Test, Accuracy, RMSE, Log-likelihood-Train, Gradient_Masker, Gradient_THP
1, -0.46646,  0.24127,  0.34190, -0.47440,  0.00000,  7472.52028
delay:
0.0
0.0
0.0
0.0
0.0
2, -0.44383,  0.24603,  0.39317, -0.45282,  0.00000,  7244.02750
delay:
0.0
0.0
0.0
0.0
0.0
3, -0.41940,  0.24778,  0.45620, -0.42961,  0.00000,  7041.12277
delay:
0.0
0.0
0.0
0.0
0.0
4, -0.39235,  0.24865,  0.51371, -0.40402,  0.00000,  6860.30127
delay:
0.0
0.0
0.0
0.0
0.0
5, -0.36196,  0.24940,  0.57065, -0.37575,  0.00000,  6696.28333
delay:
0.0
0.0
0.0
0.0
0.0
6, -0.32740,  0.25107,  0.63059, -0.34377,  0.00000,  6546.56414
delay:
0.0
0.0
0.0
0.0
0.0
7, -0.28773,  0.26262,  0.68800, -0.30688,  0.00000,  6410.28679
delay:
0.0
0.0
0.0
0.0
0.0
8, -0.24468,  0.27468,  0.73745, -0.26569,  0.00000,  6284.52261
delay:
0.0
0.0
0.0
0.0
0.0
9, -0.20077,  0.27532,  0.76670, -0.22226,  0.00000,  6169.51521
delay:
0.0
0.0
0.0
0.0
0.0
10, -0.15662,  0.26960,  0.77233, -0.17838,  0.00000,  6056.52890
delay:
0.0
0.0
0.0
0.0
0.0
11, -0.12465,  0.26139,  0.77892, -0.14064,  22.12525,  5949.92186
delay:
0.267
3.378
0.091
0.474
0.22
12, -0.09205,  0.25877,  0.77441, -0.10709,  11.77584,  5847.76133
delay:
0.216
3.293
0.099
0.575
0.195
13, -0.06042,  0.25742,  0.75186, -0.07459,  7.67823,  5742.94525
delay:
0.185
3.226
0.11
0.68
0.175
14, -0.02918,  0.25813,  0.71234, -0.04284,  5.89537,  5623.32699
delay:
0.16
3.189
0.124
0.794
0.161
15,  0.00198,  0.25619,  0.66289, -0.01127,  4.49927,  5487.55081
delay:
0.141
3.174
0.142
0.91
0.151
16,  0.03292,  0.25734,  0.60019,  0.02022,  3.40489,  5340.77849
delay:
0.125
3.187
0.166
1.027
0.145
17,  0.06342,  0.25873,  0.53413,  0.05142,  2.54975,  5176.56213
delay:
0.111
3.216
0.195
1.145
0.144
18,  0.09317,  0.25817,  0.47167,  0.08205,  1.98090,  5003.05879
delay:
0.1
3.253
0.23
1.259
0.144
19,  0.12139,  0.26067,  0.41519,  0.11160,  1.62979,  4811.75181
delay:
0.092
3.273
0.269
1.37
0.146
20,  0.14803,  0.26357,  0.36868,  0.13956,  1.36279,  4609.37499
delay:
0.085
3.297
0.311
1.481
0.149
21,  0.16067,  0.26607,  0.35023,  0.15972,  1.24623,  4447.77036
delay:
0.082
3.298
0.332
1.538
0.151
22,  0.17280,  0.26869,  0.33461,  0.17235,  1.10628,  4345.11590
delay:
0.079
3.3
0.353
1.593
0.153
23,  0.18445,  0.27175,  0.32217,  0.18453,  1.08265,  4238.46171
delay:
0.076
3.304
0.375
1.65
0.154
24,  0.19567,  0.27877,  0.31176,  0.19620,  1.00315,  4126.93957
delay:
0.074
3.302
0.395
1.709
0.156
25,  0.20645,  0.28190,  0.30456,  0.20747,  0.96963,  4020.89263
delay:
0.071
3.302
0.417
1.767
0.158
26,  0.21680,  0.28575,  0.29928,  0.21829,  0.86603,  3915.17700
delay:
0.069
3.309
0.439
1.83
0.16
27,  0.22669,  0.28675,  0.29627,  0.22868,  0.84968,  3804.01865
delay:
0.067
3.319
0.465
1.896
0.162
28,  0.23617,  0.29020,  0.29459,  0.23868,  0.83028,  3697.91646
delay:
0.065
3.32
0.489
1.959
0.165
29,  0.24523,  0.29194,  0.29417,  0.24816,  0.81779,  3591.55016
delay:
0.063
3.321
0.517
2.027
0.167
30,  0.25387,  0.29532,  0.29441,  0.25723,  0.77701,  3485.18867
delay:
0.061
3.329
0.547
2.097
0.17
31,  0.26464,  0.30048,  0.29458,  0.26827,  1.09341,  3342.76806
delay:
0.061
3.329
0.547
2.097
0.17
32,  0.27542,  0.30567,  0.29573,  0.28036,  1.09341,  3193.24054
delay:
0.061
3.329
0.547
2.097
0.17
33,  0.28472,  0.30889,  0.29672,  0.29060,  1.09341,  3063.60705
delay:
0.061
3.329
0.547
2.097
0.17
34,  0.29300,  0.33488,  0.29763,  0.29963,  1.09341,  2935.81115
delay:
0.061
3.329
0.547
2.097
0.17
35,  0.30046,  0.34952,  0.29840,  0.30769,  1.09341,  2820.02791
delay:
0.061
3.329
0.547
2.097
0.17
36,  0.30726,  0.35885,  0.29920,  0.31501,  1.09341,  2705.15267
delay:
0.061
3.329
0.547
2.097
0.17
37,  0.31346,  0.35976,  0.30017,  0.32171,  1.09341,  2598.61878
delay:
0.061
3.329
0.547
2.097
0.17
38,  0.31911,  0.36325,  0.30136,  0.32785,  1.09341,  2498.03110
delay:
0.061
3.329
0.547
2.097
0.17
39,  0.32429,  0.36817,  0.30298,  0.33348,  1.09341,  2400.62597
delay:
0.061
3.329
0.547
2.097
0.17
40,  0.32904,  0.36802,  0.30504,  0.33861,  1.09341,  2307.99226
delay:
0.061
3.329
0.547
2.097
0.17
41,  0.33219,  0.37774,  0.30740,  0.34215,  0.72566,  2251.63136
delay:
0.06
3.338
0.566
2.135
0.171
42,  0.33369,  0.37706,  0.31038,  0.34379,  0.77921,  2208.08232
delay:
0.06
3.348
0.586
2.173
0.172
43,  0.33511,  0.37754,  0.31385,  0.34532,  0.75387,  2186.73163
delay:
0.059
3.361
0.605
2.213
0.174
44,  0.33649,  0.37770,  0.31783,  0.34675,  0.83790,  2159.82394
delay:
0.059
3.374
0.625
2.256
0.176
45,  0.33785,  0.36770,  0.32191,  0.34814,  0.77111,  2135.62213
delay:
0.058
3.38
0.647
2.299
0.178
46,  0.33917,  0.34107,  0.32629,  0.34959,  0.98130,  2108.09156
delay:
0.058
3.397
0.668
2.344
0.18
47,  0.34048,  0.33286,  0.33080,  0.35091,  1.04712,  2073.25694
delay:
0.057
3.405
0.695
2.393
0.183
48,  0.34190,  0.32766,  0.33438,  0.35235,  1.04682,  2050.62219
delay:
0.057
3.411
0.724
2.446
0.186
49,  0.34325,  0.32587,  0.33833,  0.35385,  1.09085,  2025.45576
delay:
0.056
3.427
0.759
2.503
0.19
50,  0.34406,  0.31627,  0.34575,  0.35447,  1.13434,  2022.68063
delay:
0.057
3.446
0.787
2.563
0.192
51,  0.34488,  0.31639,  0.34663,  0.35605,  1.24727,  1998.08654
delay:
0.057
3.46
0.803
2.597
0.193
52,  0.34555,  0.31817,  0.34861,  0.35677,  1.27170,  1959.84457
delay:
0.057
3.477
0.822
2.631
0.194
53,  0.34630,  0.31738,  0.34966,  0.35749,  1.32214,  1954.34988
delay:
0.057
3.492
0.843
2.664
0.195
54,  0.34700,  0.31587,  0.35121,  0.35830,  1.38313,  1938.81026
delay:
0.058
3.509
0.867
2.698
0.197
55,  0.34773,  0.31595,  0.35233,  0.35901,  1.54999,  1929.38120
delay:
0.058
3.525
0.891
2.731
0.199
56,  0.34846,  0.31484,  0.35336,  0.35975,  1.54218,  1904.44810
delay:
0.058
3.546
0.919
2.767
0.201
57,  0.34916,  0.31512,  0.35464,  0.36055,  1.59587,  1887.66389
delay:
0.058
3.567
0.949
2.801
0.203
58,  0.34981,  0.31452,  0.35629,  0.36128,  1.73951,  1881.98429
delay:
0.058
3.589
0.98
2.836
0.206
59,  0.35050,  0.31389,  0.35757,  0.36198,  1.90556,  1864.34701
delay:
0.059
3.614
1.014
2.873
0.21
60,  0.35117,  0.31361,  0.35883,  0.36272,  1.94457,  1852.47238
delay:
0.059
3.646
1.05
2.911
0.214
61,  0.35131,  0.34075,  0.36067,  0.36383,  3.19061,  1828.52649
delay:
0.059
3.646
1.05
2.911
0.214
62,  0.35260,  0.34016,  0.36264,  0.36524,  3.19061,  1789.91698
delay:
0.059
3.646
1.05
2.911
0.214
63,  0.35385,  0.34171,  0.36445,  0.36663,  3.19061,  1762.35195
delay:
0.059
3.646
1.05
2.911
0.214
64,  0.35505,  0.34393,  0.36641,  0.36792,  3.19061,  1744.40099
delay:
0.059
3.646
1.05
2.911
0.214
65,  0.35622,  0.34520,  0.36802,  0.36923,  3.19061,  1695.84779
delay:
0.059
3.646
1.05
2.911
0.214
66,  0.35728,  0.34825,  0.37047,  0.37053,  3.19061,  1683.73041
delay:
0.059
3.646
1.05
2.911
0.214
67,  0.35841,  0.35310,  0.37145,  0.37170,  3.19061,  1645.92643
delay:
0.059
3.646
1.05
2.911
0.214
68,  0.35949,  0.35385,  0.37236,  0.37293,  3.19061,  1634.92401
delay:
0.059
3.646
1.05
2.911
0.214
69,  0.36052,  0.35980,  0.37348,  0.37406,  3.19061,  1609.32608
delay:
0.059
3.646
1.05
2.911
0.214
70,  0.36139,  0.36385,  0.37599,  0.37511,  3.19061,  1563.27378
delay:
0.059
3.646
1.05
2.911
0.214
71,  0.36299,  0.32758,  0.37631,  0.37575,  3.72401,  1542.66160
delay:
0.059
3.678
1.078
2.937
0.217
72,  0.36314,  0.33000,  0.37718,  0.37593,  3.86729,  1560.19256
delay:
0.059
3.713
1.107
2.965
0.221
73,  0.36339,  0.33258,  0.37665,  0.37611,  3.98752,  1559.11134
delay:
0.059
3.746
1.133
2.992
0.225
74,  0.36355,  0.33476,  0.37762,  0.37644,  3.97847,  1527.42656
delay:
0.059
3.777
1.158
3.018
0.229
75,  0.36376,  0.33683,  0.37772,  0.37656,  4.14279,  1531.78162
delay:
0.059
3.806
1.182
3.043
0.233
76,  0.36393,  0.33944,  0.37843,  0.37674,  4.20664,  1538.29744
delay:
0.06
3.838
1.206
3.068
0.237
77,  0.36415,  0.34083,  0.37843,  0.37702,  4.24130,  1524.09123
delay:
0.06
3.87
1.228
3.094
0.241
78,  0.36430,  0.34413,  0.37944,  0.37720,  4.49822,  1531.23513
delay:
0.06
3.903
1.25
3.119
0.245
79,  0.36448,  0.34821,  0.37979,  0.37743,  4.58323,  1520.45086
delay:
0.06
3.934
1.272
3.143
0.25
80,  0.36465,  0.35187,  0.38053,  0.37762,  4.76426,  1518.17861
delay:
0.06
3.966
1.294
3.169
0.254
81,  0.36477,  0.35373,  0.38033,  0.37779,  4.93911,  1516.26428
delay:
0.06
3.983
1.305
3.181
0.257
82,  0.36485,  0.35587,  0.38085,  0.37787,  4.87427,  1508.81600
delay:
0.06
3.999
1.316
3.193
0.259
83,  0.36494,  0.35825,  0.38113,  0.37805,  4.94645,  1501.15102
delay:
0.06
4.015
1.326
3.205
0.261
84,  0.36502,  0.36000,  0.38168,  0.37809,  4.94711,  1513.34499
delay:
0.06
4.03
1.336
3.216
0.264
85,  0.36511,  0.36202,  0.38189,  0.37814,  5.23978,  1518.73632
delay:
0.06
4.044
1.346
3.228
0.266
86,  0.36521,  0.36377,  0.38201,  0.37829,  5.23432,  1501.16782
delay:
0.06
4.06
1.356
3.239
0.269
87,  0.36530,  0.36583,  0.38218,  0.37844,  5.44154,  1496.55391
delay:
0.06
4.076
1.366
3.251
0.271
88,  0.36542,  0.36694,  0.38223,  0.37847,  5.45349,  1500.29228
delay:
0.061
4.091
1.375
3.262
0.274
89,  0.36553,  0.36817,  0.38232,  0.37865,  5.37162,  1486.02578
delay:
0.061
4.105
1.385
3.273
0.276
90,  0.36562,  0.37024,  0.38253,  0.37875,  5.30116,  1506.18398
delay:
0.061
4.119
1.394
3.283
0.278
91,  0.36445,  0.38135,  0.38286,  0.37894,  10.22870,  1485.60780
delay:
0.061
4.119
1.394
3.283
0.278
92,  0.36471,  0.38230,  0.38431,  0.37935,  10.22870,  1484.30842
delay:
0.061
4.119
1.394
3.283
0.278
93,  0.36501,  0.38183,  0.38524,  0.37967,  10.22870,  1475.36861
delay:
0.061
4.119
1.394
3.283
0.278
94,  0.36531,  0.38159,  0.38589,  0.38008,  10.22870,  1465.13744
delay:
0.061
4.119
1.394
3.283
0.278
95,  0.36560,  0.38139,  0.38678,  0.38039,  10.22870,  1466.51986
delay:
0.061
4.119
1.394
3.283
0.278
96,  0.36590,  0.38119,  0.38765,  0.38079,  10.22870,  1457.24451
delay:
0.061
4.119
1.394
3.283
0.278
97,  0.36615,  0.38091,  0.38897,  0.38102,  10.22870,  1464.58723
delay:
0.061
4.119
1.394
3.283
0.278
98,  0.36647,  0.38115,  0.38906,  0.38144,  10.22870,  1444.97081
delay:
0.061
4.119
1.394
3.283
0.278
99,  0.36675,  0.38127,  0.38978,  0.38181,  10.22870,  1450.44655
delay:
0.061
4.119
1.394
3.283
0.278
100,  0.36680,  0.38401,  0.39483,  0.38128,  10.22870,  1601.64460
delay:
0.061
4.119
1.394
3.283
0.278
