Namespace(data='data/toy_one/5dim_5000seq_64ev/', epoch=100, batch_size=128, d_model=16, d_rnn=8, d_inner_hid=32, d_k=16, d_v=16, n_head=1, n_layers=1, dropout=0.1, lr=0.0001, smooth=0.1, log='data/toy_one/5dim_5000seq_64ev/100_10_90_input5_hidden64_softplus_batch128_grad.txt', num_events=64, lr_delay=0.0001, n_hidden=64, n_input=5, device=device(type='cpu'))
Epoch, Log-likelihood-Test, Accuracy, RMSE, Log-likelihood-Train, Gradient_Masker, Gradient_THP
1, -0.54239,  0.13865,  0.72796, -0.54910,  0.00000,  7904.01033
delay:
0.0
0.0
0.0
0.0
0.0
2, -0.52229,  0.15083,  0.75561, -0.53043,  0.00000,  7754.65262
delay:
0.0
0.0
0.0
0.0
0.0
3, -0.49955,  0.19492,  0.78531, -0.50938,  0.00000,  7614.92772
delay:
0.0
0.0
0.0
0.0
0.0
4, -0.47360,  0.21651,  0.81621, -0.48554,  0.00000,  7475.74244
delay:
0.0
0.0
0.0
0.0
0.0
5, -0.44455,  0.23143,  0.84636, -0.45870,  0.00000,  7327.59790
delay:
0.0
0.0
0.0
0.0
0.0
6, -0.41280,  0.26337,  0.87309, -0.42895,  0.00000,  7169.13132
delay:
0.0
0.0
0.0
0.0
0.0
7, -0.37840,  0.30532,  0.89376, -0.39645,  0.00000,  7001.26221
delay:
0.0
0.0
0.0
0.0
0.0
8, -0.34215,  0.31329,  0.90177, -0.36144,  0.00000,  6825.95519
delay:
0.0
0.0
0.0
0.0
0.0
9, -0.30485,  0.31226,  0.89443, -0.32494,  0.00000,  6651.09375
delay:
0.0
0.0
0.0
0.0
0.0
10, -0.26629,  0.30810,  0.87647, -0.28719,  0.00000,  6480.45726
delay:
0.0
0.0
0.0
0.0
0.0
11, -0.23527,  0.27579,  0.86181, -0.25223,  72.51709,  6322.49495
delay:
1.172
1.24
3.635
0.24
2.104
12, -0.20418,  0.27048,  0.84139, -0.22096,  31.34066,  6186.45625
delay:
0.987
1.533
3.169
0.151
2.789
13, -0.17245,  0.27516,  0.82245, -0.18953,  17.35918,  6062.42780
delay:
0.895
1.771
2.865
0.112
3.457
14, -0.13956,  0.27909,  0.80497, -0.15719,  11.23038,  5950.49545
delay:
0.844
1.947
2.641
0.09
4.016
15, -0.10544,  0.28222,  0.78794, -0.12352,  7.84178,  5852.49283
delay:
0.835
2.048
2.478
0.076
4.499
16, -0.07055,  0.28444,  0.76974, -0.08874,  6.11942,  5755.92411
delay:
0.855
2.09
2.343
0.065
4.937
17, -0.03549,  0.28214,  0.75019, -0.05335,  4.97288,  5656.62126
delay:
0.917
2.089
2.232
0.057
5.282
18, -0.00081,  0.28143,  0.72624, -0.01797,  4.18560,  5543.63623
delay:
1.031
2.069
2.142
0.049
5.563
19,  0.03297,  0.28048,  0.69642,  0.01695,  3.97917,  5409.61917
delay:
1.185
2.046
2.053
0.043
5.795
20,  0.06554,  0.27937,  0.66097,  0.05068,  3.69404,  5238.53901
delay:
1.378
2.027
1.964
0.038
5.984
21,  0.08120,  0.27754,  0.64172,  0.07559,  3.45989,  5096.28511
delay:
1.487
2.017
1.913
0.035
6.085
22,  0.09635,  0.27786,  0.62136,  0.09133,  3.27801,  4996.66219
delay:
1.595
2.006
1.86
0.034
6.179
23,  0.11098,  0.27806,  0.60008,  0.10663,  3.17841,  4893.27911
delay:
1.704
1.998
1.811
0.032
6.279
24,  0.12514,  0.27861,  0.57817,  0.12138,  2.73307,  4786.22527
delay:
1.814
1.995
1.76
0.03
6.384
25,  0.13888,  0.28004,  0.55584,  0.13565,  2.76974,  4675.62396
delay:
1.909
1.992
1.709
0.029
6.497
26,  0.15214,  0.28198,  0.53267,  0.14953,  2.42555,  4562.02743
delay:
2.0
1.989
1.662
0.028
6.61
27,  0.16498,  0.28385,  0.50950,  0.16296,  2.18036,  4448.50656
delay:
2.089
1.989
1.616
0.027
6.725
28,  0.17734,  0.28770,  0.48586,  0.17590,  2.06354,  4333.82568
delay:
2.168
1.996
1.568
0.026
6.846
29,  0.18923,  0.29103,  0.46239,  0.18835,  1.86038,  4219.64862
delay:
2.242
2.004
1.526
0.025
6.972
30,  0.20059,  0.29294,  0.43918,  0.20025,  1.73596,  4099.84599
delay:
2.312
2.017
1.486
0.024
7.106
31,  0.20607,  0.29488,  0.42781,  0.20900,  1.60573,  4011.30203
delay:
2.34
2.023
1.466
0.024
7.175
32,  0.21140,  0.29595,  0.41671,  0.21453,  1.60909,  3956.32491
delay:
2.374
2.031
1.445
0.024
7.241
33,  0.21659,  0.29687,  0.40583,  0.21992,  1.63744,  3898.15757
delay:
2.409
2.042
1.423
0.023
7.311
34,  0.22165,  0.29877,  0.39525,  0.22521,  1.54783,  3840.18954
delay:
2.448
2.053
1.401
0.023
7.381
35,  0.22660,  0.30000,  0.38504,  0.23034,  1.49347,  3784.61242
delay:
2.485
2.064
1.379
0.023
7.452
36,  0.23140,  0.30028,  0.37521,  0.23535,  1.51163,  3726.85565
delay:
2.531
2.078
1.357
0.023
7.527
37,  0.23608,  0.30183,  0.36582,  0.24023,  1.41030,  3674.46754
delay:
2.572
2.093
1.337
0.022
7.6
38,  0.24064,  0.29992,  0.35690,  0.24501,  1.40423,  3617.84745
delay:
2.614
2.11
1.315
0.022
7.676
39,  0.24509,  0.30286,  0.34850,  0.24964,  1.43414,  3563.66791
delay:
2.66
2.129
1.293
0.022
7.755
40,  0.24941,  0.30556,  0.34058,  0.25417,  1.41375,  3507.35610
delay:
2.704
2.146
1.27
0.022
7.837
41,  0.25152,  0.30444,  0.33687,  0.25750,  1.35142,  3470.91639
delay:
2.726
2.157
1.259
0.022
7.88
42,  0.25361,  0.30544,  0.33325,  0.25967,  1.35109,  3442.80635
delay:
2.753
2.168
1.248
0.022
7.922
43,  0.25568,  0.30690,  0.32977,  0.26182,  1.36286,  3416.43008
delay:
2.775
2.18
1.236
0.022
7.966
44,  0.25772,  0.30702,  0.32641,  0.26395,  1.30627,  3394.98850
delay:
2.797
2.193
1.225
0.021
8.01
45,  0.25973,  0.30742,  0.32317,  0.26603,  1.30111,  3365.86313
delay:
2.824
2.207
1.213
0.021
8.056
46,  0.26173,  0.30817,  0.32007,  0.26810,  1.33770,  3335.30333
delay:
2.851
2.22
1.201
0.021
8.103
47,  0.26370,  0.30853,  0.31711,  0.27014,  1.30558,  3306.74187
delay:
2.881
2.236
1.189
0.021
8.15
48,  0.26564,  0.30901,  0.31429,  0.27218,  1.27882,  3284.00509
delay:
2.911
2.25
1.177
0.021
8.198
49,  0.26756,  0.30960,  0.31160,  0.27416,  1.30782,  3256.91132
delay:
2.937
2.266
1.164
0.021
8.247
50,  0.26930,  0.30611,  0.30880,  0.27597,  1.19264,  3232.84536
delay:
2.967
2.282
1.152
0.021
8.309
51,  0.27029,  0.30687,  0.30765,  0.27753,  1.19179,  3214.78813
delay:
2.982
2.291
1.145
0.021
8.339
52,  0.27126,  0.30766,  0.30652,  0.27853,  1.21842,  3195.21415
delay:
2.998
2.301
1.139
0.021
8.366
53,  0.27221,  0.30798,  0.30540,  0.27951,  1.21026,  3186.30670
delay:
3.016
2.31
1.132
0.021
8.393
54,  0.27316,  0.30885,  0.30429,  0.28047,  1.24589,  3171.00823
delay:
3.035
2.321
1.125
0.021
8.419
55,  0.27409,  0.30901,  0.30321,  0.28146,  1.22478,  3163.87056
delay:
3.054
2.332
1.118
0.021
8.446
56,  0.27503,  0.30921,  0.30216,  0.28244,  1.26105,  3145.08373
delay:
3.074
2.343
1.11
0.021
8.472
57,  0.27594,  0.30937,  0.30115,  0.28339,  1.23491,  3133.48512
delay:
3.096
2.354
1.103
0.021
8.499
58,  0.27686,  0.30929,  0.30016,  0.28433,  1.23583,  3121.79920
delay:
3.117
2.365
1.095
0.021
8.526
59,  0.27778,  0.30996,  0.29920,  0.28530,  1.21935,  3109.71187
delay:
3.139
2.377
1.088
0.021
8.553
60,  0.27868,  0.31024,  0.29828,  0.28625,  1.21240,  3098.14550
delay:
3.163
2.39
1.08
0.021
8.581
61,  0.27914,  0.31052,  0.29784,  0.28695,  1.23551,  3085.88395
delay:
3.176
2.396
1.077
0.021
8.595
62,  0.27959,  0.31044,  0.29740,  0.28742,  1.23118,  3076.66268
delay:
3.189
2.402
1.073
0.021
8.609
63,  0.28004,  0.31036,  0.29696,  0.28788,  1.22312,  3069.99630
delay:
3.203
2.409
1.069
0.021
8.623
64,  0.28050,  0.31024,  0.29653,  0.28834,  1.21815,  3063.02495
delay:
3.215
2.416
1.065
0.021
8.637
65,  0.28094,  0.31032,  0.29611,  0.28882,  1.22903,  3062.49347
delay:
3.228
2.423
1.061
0.021
8.651
66,  0.28139,  0.30996,  0.29570,  0.28927,  1.18130,  3055.36451
delay:
3.241
2.43
1.058
0.021
8.666
67,  0.28185,  0.31020,  0.29529,  0.28975,  1.21464,  3044.23902
delay:
3.255
2.437
1.054
0.021
8.681
68,  0.28230,  0.31024,  0.29488,  0.29024,  1.21816,  3037.88282
delay:
3.269
2.444
1.05
0.021
8.695
69,  0.28275,  0.31020,  0.29449,  0.29069,  1.20896,  3034.34927
delay:
3.282
2.452
1.045
0.021
8.711
70,  0.28319,  0.31036,  0.29410,  0.29115,  1.22793,  3031.32994
delay:
3.295
2.46
1.041
0.021
8.726
71,  0.28342,  0.31024,  0.29391,  0.29149,  1.18941,  3022.80434
delay:
3.302
2.463
1.039
0.021
8.734
72,  0.28364,  0.31067,  0.29372,  0.29175,  1.19976,  3021.42658
delay:
3.309
2.467
1.037
0.021
8.741
73,  0.28387,  0.31071,  0.29354,  0.29198,  1.21812,  3012.16080
delay:
3.316
2.471
1.035
0.02
8.749
74,  0.28409,  0.31067,  0.29335,  0.29218,  1.19633,  3013.45505
delay:
3.324
2.475
1.033
0.02
8.757
75,  0.28432,  0.31095,  0.29316,  0.29245,  1.20234,  3007.76120
delay:
3.331
2.479
1.031
0.02
8.765
76,  0.28454,  0.31067,  0.29298,  0.29266,  1.21777,  3010.19281
delay:
3.339
2.483
1.029
0.02
8.773
77,  0.28477,  0.31083,  0.29279,  0.29292,  1.23392,  3001.79438
delay:
3.347
2.487
1.026
0.02
8.781
78,  0.28500,  0.31087,  0.29261,  0.29314,  1.21667,  3003.62429
delay:
3.354
2.492
1.024
0.02
8.789
79,  0.28522,  0.31135,  0.29243,  0.29340,  1.21498,  2995.94233
delay:
3.362
2.496
1.022
0.02
8.797
80,  0.28545,  0.31099,  0.29224,  0.29361,  1.24647,  2991.88933
delay:
3.371
2.5
1.019
0.02
8.805
81,  0.28556,  0.31095,  0.29215,  0.29380,  1.22812,  2991.39754
delay:
3.374
2.502
1.018
0.02
8.809
82,  0.28567,  0.31111,  0.29206,  0.29390,  1.20516,  2982.60332
delay:
3.379
2.505
1.017
0.02
8.813
83,  0.28579,  0.31135,  0.29198,  0.29402,  1.20423,  2987.82972
delay:
3.383
2.507
1.016
0.02
8.817
84,  0.28590,  0.31111,  0.29189,  0.29415,  1.19841,  2982.52130
delay:
3.387
2.509
1.015
0.02
8.822
85,  0.28601,  0.31083,  0.29180,  0.29428,  1.19769,  2976.45262
delay:
3.391
2.512
1.013
0.02
8.826
86,  0.28613,  0.31103,  0.29171,  0.29439,  1.18834,  2987.06170
delay:
3.395
2.514
1.012
0.02
8.83
87,  0.28624,  0.31095,  0.29162,  0.29451,  1.20638,  2978.79486
delay:
3.399
2.517
1.011
0.02
8.834
88,  0.28636,  0.31115,  0.29153,  0.29462,  1.20536,  2982.26283
delay:
3.403
2.519
1.01
0.02
8.839
89,  0.28647,  0.31107,  0.29144,  0.29474,  1.24017,  2969.13518
delay:
3.407
2.521
1.008
0.02
8.843
90,  0.28659,  0.31115,  0.29135,  0.29486,  1.23205,  2972.04241
delay:
3.412
2.524
1.007
0.02
8.847
91,  0.28664,  0.31123,  0.29130,  0.29496,  1.21828,  2969.71496
delay:
3.414
2.525
1.006
0.02
8.85
92,  0.28670,  0.31115,  0.29126,  0.29502,  1.19191,  2970.02882
delay:
3.416
2.527
1.006
0.02
8.852
93,  0.28676,  0.31123,  0.29121,  0.29505,  1.22829,  2968.93488
delay:
3.418
2.528
1.005
0.02
8.854
94,  0.28682,  0.31131,  0.29117,  0.29512,  1.22247,  2973.08786
delay:
3.42
2.529
1.004
0.02
8.857
95,  0.28688,  0.31139,  0.29112,  0.29519,  1.23832,  2971.07802
delay:
3.422
2.531
1.003
0.02
8.859
96,  0.28693,  0.31139,  0.29108,  0.29525,  1.22441,  2968.86233
delay:
3.424
2.532
1.003
0.02
8.861
97,  0.28699,  0.31143,  0.29103,  0.29531,  1.23744,  2966.33597
delay:
3.426
2.533
1.002
0.02
8.863
98,  0.28705,  0.31155,  0.29098,  0.29538,  1.21327,  2964.26377
delay:
3.428
2.535
1.001
0.02
8.866
99,  0.28711,  0.31167,  0.29094,  0.29544,  1.21962,  2967.55260
delay:
3.43
2.536
1.0
0.02
8.868
100,  0.28705,  0.30980,  0.29067,  0.29536,  1.07610,  2956.60488
delay:
3.432
2.538
1.0
0.02
8.871
