Namespace(data='data/toy_one/5dim_5000seq_64ev/', epoch=100, batch_size=128, d_model=16, d_rnn=8, d_inner_hid=32, d_k=16, d_v=16, n_head=1, n_layers=1, dropout=0.1, lr=0.0001, smooth=0.1, log='data/toy_one/5dim_5000seq_64ev/100_10_input5_hidden32_softplus_batch128_grad.txt', num_events=64, lr_delay=0.0001, n_hidden=32, n_input=5, device=device(type='cpu'))
Epoch, Log-likelihood-Test, Accuracy, RMSE, Log-likelihood-Train, Gradient_Masker, Gradient_THP
1, -0.60427,  0.24925,  0.64193, -0.61481,  0.00000,  8459.06004
delay:
0.0
0.0
0.0
0.0
0.0
2, -0.57949,  0.24921,  0.60046, -0.59045,  0.00000,  8202.66735
delay:
0.0
0.0
0.0
0.0
0.0
3, -0.55457,  0.24921,  0.56106, -0.56578,  0.00000,  7975.72314
delay:
0.0
0.0
0.0
0.0
0.0
4, -0.52987,  0.24921,  0.52546, -0.54134,  0.00000,  7773.57950
delay:
0.0
0.0
0.0
0.0
0.0
5, -0.50420,  0.24921,  0.49948, -0.51657,  0.00000,  7590.53783
delay:
0.0
0.0
0.0
0.0
0.0
6, -0.47649,  0.24921,  0.48376, -0.49038,  0.00000,  7412.67642
delay:
0.0
0.0
0.0
0.0
0.0
7, -0.44667,  0.24921,  0.47502, -0.46216,  0.00000,  7235.41261
delay:
0.0
0.0
0.0
0.0
0.0
8, -0.41483,  0.24921,  0.46887, -0.43179,  0.00000,  7060.81196
delay:
0.0
0.0
0.0
0.0
0.0
9, -0.38096,  0.24933,  0.46377, -0.39924,  0.00000,  6890.76977
delay:
0.0
0.0
0.0
0.0
0.0
10, -0.34454,  0.26052,  0.45571, -0.36440,  0.00000,  6729.18623
delay:
0.0
0.0
0.0
0.0
0.0
11, -0.31731,  0.28179,  0.44064, -0.33296,  152.06376,  6582.75365
delay:
1.44
2.149
1.039
0.007
0.157
12, -0.28720,  0.28817,  0.42596, -0.30352,  95.55147,  6457.93895
delay:
1.694
2.391
0.972
0.008
0.106
13, -0.25486,  0.29187,  0.40531, -0.27226,  69.85794,  6347.89752
delay:
1.972
2.758
0.959
0.01
0.075
14, -0.22051,  0.29611,  0.38231, -0.23894,  55.26122,  6240.32540
delay:
2.272
3.158
0.974
0.014
0.055
15, -0.18477,  0.30413,  0.35969, -0.20364,  44.64247,  6124.28736
delay:
2.577
3.548
1.007
0.02
0.042
16, -0.14870,  0.32710,  0.34216, -0.16740,  37.43362,  5992.53619
delay:
2.874
3.908
1.047
0.026
0.033
17, -0.11312,  0.34726,  0.33190, -0.13124,  30.72149,  5848.61968
delay:
3.155
4.236
1.1
0.032
0.026
18, -0.07863,  0.36270,  0.32980, -0.09564,  25.28785,  5689.94390
delay:
3.405
4.541
1.171
0.038
0.021
19, -0.04498,  0.36413,  0.33114, -0.06097,  20.77280,  5526.65692
delay:
3.633
4.79
1.26
0.043
0.018
20, -0.01326,  0.36683,  0.33624, -0.02781,  17.37423,  5358.69562
delay:
3.831
4.991
1.35
0.048
0.015
21, -0.01366,  0.36710,  0.33977, -0.00010,  21.70329,  5195.10958
delay:
3.831
4.991
1.35
0.048
0.015
22,  0.00763,  0.36893,  0.34320,  0.02233,  21.70329,  5058.13141
delay:
3.831
4.991
1.35
0.048
0.015
23,  0.02624,  0.37163,  0.34559,  0.04179,  21.70329,  4931.36716
delay:
3.831
4.991
1.35
0.048
0.015
24,  0.04304,  0.37365,  0.34761,  0.05894,  21.70329,  4816.01099
delay:
3.831
4.991
1.35
0.048
0.015
25,  0.05841,  0.37540,  0.34968,  0.07467,  21.70329,  4716.04497
delay:
3.831
4.991
1.35
0.048
0.015
26,  0.07264,  0.37762,  0.35233,  0.08905,  21.70329,  4614.93281
delay:
3.831
4.991
1.35
0.048
0.015
27,  0.08599,  0.37925,  0.35482,  0.10266,  21.70329,  4515.90662
delay:
3.831
4.991
1.35
0.048
0.015
28,  0.09859,  0.38032,  0.35709,  0.11540,  21.70329,  4423.97226
delay:
3.831
4.991
1.35
0.048
0.015
29,  0.11081,  0.38107,  0.35805,  0.12746,  21.70329,  4341.43963
delay:
3.831
4.991
1.35
0.048
0.015
30,  0.12216,  0.38167,  0.36025,  0.13901,  21.70329,  4249.35187
delay:
3.831
4.991
1.35
0.048
0.015
31,  0.14968,  0.38401,  0.36017,  0.15034,  12.96822,  4164.00207
delay:
3.89
5.045
1.382
0.045
0.014
32,  0.15966,  0.38401,  0.36202,  0.16116,  11.84605,  4082.68849
delay:
3.933
5.085
1.402
0.041
0.013
33,  0.16930,  0.38389,  0.36323,  0.17135,  10.78314,  3998.22587
delay:
3.973
5.118
1.418
0.038
0.012
34,  0.17838,  0.38349,  0.36497,  0.18095,  9.85399,  3930.43112
delay:
4.012
5.149
1.436
0.034
0.012
35,  0.18723,  0.38345,  0.36573,  0.19025,  9.08604,  3854.24669
delay:
4.053
5.181
1.456
0.032
0.011
36,  0.19580,  0.38353,  0.36636,  0.19918,  8.01964,  3782.85842
delay:
4.092
5.215
1.476
0.03
0.011
37,  0.20410,  0.38365,  0.36592,  0.20778,  7.56151,  3700.15913
delay:
4.132
5.249
1.499
0.028
0.01
38,  0.21184,  0.38353,  0.36696,  0.21609,  6.88704,  3628.20362
delay:
4.17
5.281
1.523
0.026
0.01
39,  0.21963,  0.38294,  0.36623,  0.22396,  6.33954,  3559.67475
delay:
4.207
5.315
1.546
0.025
0.009
40,  0.22686,  0.38274,  0.36646,  0.23170,  5.78303,  3480.41244
delay:
4.244
5.351
1.573
0.024
0.009
41,  0.21682,  0.38024,  0.36928,  0.23757,  10.09081,  3420.99940
delay:
4.244
5.351
1.573
0.024
0.009
42,  0.22056,  0.38044,  0.36873,  0.24120,  10.09081,  3400.95209
delay:
4.244
5.351
1.573
0.024
0.009
43,  0.22412,  0.38040,  0.36889,  0.24494,  10.09081,  3359.08947
delay:
4.244
5.351
1.573
0.024
0.009
44,  0.22759,  0.38028,  0.36894,  0.24838,  10.09081,  3327.67199
delay:
4.244
5.351
1.573
0.024
0.009
45,  0.23124,  0.38048,  0.36755,  0.25182,  10.09081,  3291.59499
delay:
4.244
5.351
1.573
0.024
0.009
46,  0.23453,  0.38056,  0.36784,  0.25525,  10.09081,  3253.07533
delay:
4.244
5.351
1.573
0.024
0.009
47,  0.23783,  0.38020,  0.36769,  0.25860,  10.09081,  3221.45748
delay:
4.244
5.351
1.573
0.024
0.009
48,  0.24109,  0.37984,  0.36750,  0.26191,  10.09081,  3184.37666
delay:
4.244
5.351
1.573
0.024
0.009
49,  0.24420,  0.37940,  0.36756,  0.26513,  10.09081,  3158.88159
delay:
4.244
5.351
1.573
0.024
0.009
50,  0.24920,  0.38044,  0.36544,  0.26776,  10.09081,  3119.41370
delay:
4.244
5.351
1.573
0.024
0.009
51,  0.26276,  0.38262,  0.36284,  0.27102,  1.44816,  3079.52898
delay:
4.257
5.366
1.583
0.023
0.009
52,  0.26547,  0.38167,  0.36404,  0.27414,  1.50346,  3055.92550
delay:
4.268
5.381
1.593
0.023
0.009
53,  0.26844,  0.38147,  0.36261,  0.27697,  1.60611,  3030.03081
delay:
4.278
5.396
1.604
0.023
0.009
54,  0.27114,  0.38127,  0.36265,  0.27992,  1.67036,  2985.92441
delay:
4.29
5.409
1.616
0.023
0.009
55,  0.27383,  0.38147,  0.36216,  0.28266,  1.74101,  2953.36256
delay:
4.301
5.423
1.628
0.023
0.009
56,  0.27649,  0.38151,  0.36143,  0.28544,  1.79251,  2930.44794
delay:
4.313
5.438
1.641
0.023
0.009
57,  0.27903,  0.38143,  0.36120,  0.28816,  1.83452,  2897.41790
delay:
4.325
5.455
1.655
0.023
0.008
58,  0.28153,  0.38127,  0.36066,  0.29076,  1.87509,  2882.53346
delay:
4.338
5.47
1.671
0.022
0.008
59,  0.28395,  0.38111,  0.36046,  0.29339,  1.91408,  2847.65455
delay:
4.351
5.485
1.688
0.022
0.008
60,  0.28629,  0.38115,  0.36052,  0.29587,  1.92535,  2811.10866
delay:
4.364
5.5
1.704
0.022
0.008
61,  0.27621,  0.37905,  0.36005,  0.29776,  3.38896,  2794.50814
delay:
4.364
5.5
1.704
0.022
0.008
62,  0.27735,  0.37885,  0.36012,  0.29909,  3.38896,  2771.24043
delay:
4.364
5.5
1.704
0.022
0.008
63,  0.27848,  0.37897,  0.36006,  0.30018,  3.38896,  2750.95388
delay:
4.364
5.5
1.704
0.022
0.008
64,  0.27980,  0.37925,  0.35875,  0.30137,  3.38896,  2750.02369
delay:
4.364
5.5
1.704
0.022
0.008
65,  0.28088,  0.37913,  0.35911,  0.30263,  3.38896,  2731.36871
delay:
4.364
5.5
1.704
0.022
0.008
66,  0.28209,  0.37956,  0.35844,  0.30375,  3.38896,  2711.31191
delay:
4.364
5.5
1.704
0.022
0.008
67,  0.28326,  0.37917,  0.35805,  0.30492,  3.38896,  2689.66955
delay:
4.364
5.5
1.704
0.022
0.008
68,  0.28442,  0.37905,  0.35772,  0.30616,  3.38896,  2668.61551
delay:
4.364
5.5
1.704
0.022
0.008
69,  0.28555,  0.37933,  0.35745,  0.30725,  3.38896,  2657.86594
delay:
4.364
5.5
1.704
0.022
0.008
70,  0.28670,  0.37952,  0.35712,  0.30841,  3.38896,  2657.83479
delay:
4.364
5.5
1.704
0.022
0.008
71,  0.29888,  0.38119,  0.35584,  0.30954,  2.42388,  2636.48856
delay:
4.37
5.507
1.713
0.022
0.008
72,  0.29988,  0.38115,  0.35574,  0.31064,  2.47147,  2628.40174
delay:
4.377
5.515
1.721
0.021
0.008
73,  0.30095,  0.38115,  0.35504,  0.31170,  2.48200,  2606.64291
delay:
4.384
5.522
1.73
0.021
0.008
74,  0.30195,  0.38115,  0.35480,  0.31275,  2.54847,  2594.92535
delay:
4.391
5.53
1.738
0.021
0.008
75,  0.30296,  0.38079,  0.35459,  0.31383,  2.53311,  2588.56189
delay:
4.397
5.537
1.748
0.02
0.008
76,  0.30400,  0.38087,  0.35390,  0.31491,  2.48422,  2551.57280
delay:
4.404
5.545
1.757
0.02
0.008
77,  0.30499,  0.38083,  0.35365,  0.31598,  2.36389,  2572.93338
delay:
4.412
5.553
1.768
0.02
0.008
78,  0.30602,  0.38083,  0.35301,  0.31699,  2.38657,  2532.56912
delay:
4.418
5.56
1.777
0.02
0.008
79,  0.30700,  0.38063,  0.35277,  0.31811,  2.29534,  2523.91437
delay:
4.426
5.568
1.787
0.019
0.008
80,  0.30801,  0.38071,  0.35211,  0.31913,  2.32541,  2508.75693
delay:
4.432
5.576
1.796
0.019
0.008
81,  0.29775,  0.37845,  0.35226,  0.31990,  3.56954,  2487.03552
delay:
4.432
5.576
1.796
0.019
0.008
82,  0.29826,  0.37857,  0.35194,  0.32036,  3.56954,  2489.42244
delay:
4.432
5.576
1.796
0.019
0.008
83,  0.29879,  0.37905,  0.35149,  0.32091,  3.56954,  2477.67140
delay:
4.432
5.576
1.796
0.019
0.008
84,  0.29929,  0.37897,  0.35131,  0.32141,  3.56954,  2473.82959
delay:
4.432
5.576
1.796
0.019
0.008
85,  0.29976,  0.37889,  0.35127,  0.32187,  3.56954,  2474.49409
delay:
4.432
5.576
1.796
0.019
0.008
86,  0.30032,  0.37976,  0.35064,  0.32234,  3.56954,  2469.61306
delay:
4.432
5.576
1.796
0.019
0.008
87,  0.30080,  0.37964,  0.35044,  0.32296,  3.56954,  2455.81622
delay:
4.432
5.576
1.796
0.019
0.008
88,  0.30130,  0.37952,  0.35023,  0.32345,  3.56954,  2448.34731
delay:
4.432
5.576
1.796
0.019
0.008
89,  0.30177,  0.37877,  0.35030,  0.32391,  3.56954,  2454.36642
delay:
4.432
5.576
1.796
0.019
0.008
90,  0.30227,  0.37877,  0.35003,  0.32436,  3.56954,  2453.85270
delay:
4.432
5.576
1.796
0.019
0.008
91,  0.31325,  0.38020,  0.34992,  0.32488,  2.12321,  2420.49006
delay:
4.436
5.58
1.802
0.019
0.008
92,  0.31372,  0.38048,  0.34955,  0.32538,  2.03694,  2426.36824
delay:
4.439
5.583
1.807
0.019
0.008
93,  0.31417,  0.38028,  0.34946,  0.32585,  2.09744,  2407.97901
delay:
4.443
5.587
1.812
0.019
0.008
94,  0.31467,  0.38079,  0.34897,  0.32631,  2.08089,  2404.41835
delay:
4.446
5.591
1.818
0.018
0.008
95,  0.31512,  0.38087,  0.34873,  0.32678,  1.99425,  2406.18920
delay:
4.45
5.595
1.823
0.018
0.008
96,  0.31555,  0.38028,  0.34883,  0.32729,  1.92705,  2392.58692
delay:
4.454
5.599
1.828
0.018
0.008
97,  0.31605,  0.38091,  0.34821,  0.32777,  2.00140,  2382.28673
delay:
4.457
5.603
1.834
0.018
0.008
98,  0.31650,  0.38071,  0.34804,  0.32824,  2.00488,  2383.99383
delay:
4.461
5.607
1.84
0.018
0.008
99,  0.31693,  0.38063,  0.34799,  0.32874,  2.03470,  2370.46425
delay:
4.465
5.611
1.847
0.018
0.008
100,  0.31706,  0.38119,  0.34661,  0.32884,  0.78696,  2353.95204
delay:
4.468
5.616
1.851
0.018
0.008
