Namespace(data='data/toy_one/5dim_5000seq_64ev/', epoch=100, batch_size=128, d_model=16, d_rnn=8, d_inner_hid=32, d_k=16, d_v=16, n_head=1, n_layers=1, dropout=0.1, lr=0.0001, smooth=0.1, log='data/toy_one/5dim_5000seq_64ev/100_20_input16_hidden64_softplus_batch128_grad.txt', num_events=64, lr_delay=0.0001, n_hidden=64, n_input=16, device=device(type='cpu'))
Epoch, Log-likelihood-Test, Accuracy, RMSE, Log-likelihood-Train, Gradient_Masker, Gradient_THP
1, -0.61221,  0.18107,  0.38727, -0.62011,  0.00000,  8555.59825
delay:
0.0
0.0
0.0
0.0
0.0
2, -0.59054,  0.22488,  0.36915, -0.59848,  0.00000,  8306.34804
delay:
0.0
0.0
0.0
0.0
0.0
3, -0.56864,  0.24258,  0.35423, -0.57706,  0.00000,  8109.21445
delay:
0.0
0.0
0.0
0.0
0.0
4, -0.54575,  0.25083,  0.33912, -0.55510,  0.00000,  7937.08879
delay:
0.0
0.0
0.0
0.0
0.0
5, -0.52126,  0.25655,  0.32240, -0.53198,  0.00000,  7779.38313
delay:
0.0
0.0
0.0
0.0
0.0
6, -0.49456,  0.26167,  0.30619, -0.50686,  0.00000,  7631.33087
delay:
0.0
0.0
0.0
0.0
0.0
7, -0.46571,  0.26897,  0.29517, -0.47976,  0.00000,  7491.31361
delay:
0.0
0.0
0.0
0.0
0.0
8, -0.43492,  0.27639,  0.29247, -0.45061,  0.00000,  7354.99684
delay:
0.0
0.0
0.0
0.0
0.0
9, -0.40206,  0.28405,  0.29817, -0.41931,  0.00000,  7228.67671
delay:
0.0
0.0
0.0
0.0
0.0
10, -0.36730,  0.29631,  0.30960, -0.38581,  0.00000,  7102.77044
delay:
0.0
0.0
0.0
0.0
0.0
11, -0.34950,  0.30143,  0.31539, -0.35914,  0.00000,  7012.95207
delay:
0.0
0.0
0.0
0.0
0.0
12, -0.33165,  0.30563,  0.32085, -0.34138,  0.00000,  6955.77952
delay:
0.0
0.0
0.0
0.0
0.0
13, -0.31375,  0.30933,  0.32561, -0.32344,  0.00000,  6897.54902
delay:
0.0
0.0
0.0
0.0
0.0
14, -0.29583,  0.31349,  0.32930, -0.30558,  0.00000,  6844.32646
delay:
0.0
0.0
0.0
0.0
0.0
15, -0.27762,  0.31714,  0.33277, -0.28747,  0.00000,  6791.01947
delay:
0.0
0.0
0.0
0.0
0.0
16, -0.25933,  0.32107,  0.33467, -0.26912,  0.00000,  6742.45442
delay:
0.0
0.0
0.0
0.0
0.0
17, -0.24086,  0.32540,  0.33594, -0.25057,  0.00000,  6689.69836
delay:
0.0
0.0
0.0
0.0
0.0
18, -0.22229,  0.32968,  0.33639, -0.23198,  0.00000,  6642.06197
delay:
0.0
0.0
0.0
0.0
0.0
19, -0.20370,  0.33266,  0.33630, -0.21316,  0.00000,  6587.22910
delay:
0.0
0.0
0.0
0.0
0.0
20, -0.18521,  0.33591,  0.33569, -0.19445,  0.00000,  6528.73115
delay:
0.0
0.0
0.0
0.0
0.0
21, -0.15607,  0.34056,  0.32873, -0.17299,  227.34638,  6387.05354
delay:
0.359
0.939
2.133
1.993
0.426
22, -0.12573,  0.34560,  0.32586, -0.14017,  77.37804,  6283.61020
delay:
0.358
0.828
1.726
1.766
0.474
23, -0.09669,  0.35210,  0.32228, -0.11019,  64.91664,  6149.51577
delay:
0.377
0.737
1.465
1.546
0.628
24, -0.06788,  0.35845,  0.32022, -0.08080,  64.11330,  6011.06384
delay:
0.378
0.643
1.226
1.355
0.876
25, -0.03955,  0.36222,  0.31884, -0.05192,  62.71210,  5872.89708
delay:
0.361
0.546
1.012
1.23
1.185
26, -0.01229,  0.36671,  0.31784, -0.02356,  63.35415,  5721.62148
delay:
0.345
0.438
0.812
1.165
1.521
27,  0.01478,  0.36841,  0.31728,  0.00392,  60.23892,  5576.49566
delay:
0.317
0.336
0.667
1.116
1.988
28,  0.04071,  0.37044,  0.31646,  0.03093,  51.79066,  5415.08762
delay:
0.29
0.255
0.55
1.082
2.45
29,  0.06638,  0.37183,  0.31540,  0.05724,  44.39784,  5261.20791
delay:
0.266
0.198
0.46
1.067
2.898
30,  0.09069,  0.37373,  0.31398,  0.08277,  36.46642,  5095.60208
delay:
0.252
0.161
0.386
1.053
3.258
31,  0.10257,  0.37456,  0.31319,  0.10130,  32.07574,  4968.49322
delay:
0.243
0.145
0.359
1.044
3.463
32,  0.11422,  0.37603,  0.31236,  0.11333,  28.49796,  4880.15644
delay:
0.237
0.132
0.333
1.033
3.617
33,  0.12546,  0.37726,  0.31143,  0.12500,  27.31818,  4794.28345
delay:
0.23
0.12
0.311
1.021
3.785
34,  0.13644,  0.37802,  0.31048,  0.13631,  24.53262,  4710.51298
delay:
0.225
0.11
0.292
1.006
3.934
35,  0.14718,  0.37837,  0.30947,  0.14751,  22.27645,  4615.51140
delay:
0.218
0.101
0.276
0.988
4.089
36,  0.15749,  0.37913,  0.30848,  0.15823,  19.95785,  4529.09364
delay:
0.213
0.093
0.26
0.968
4.224
37,  0.16753,  0.37996,  0.30742,  0.16866,  17.33397,  4443.42183
delay:
0.208
0.087
0.246
0.947
4.348
38,  0.17729,  0.38016,  0.30635,  0.17882,  16.13782,  4348.47901
delay:
0.204
0.081
0.231
0.924
4.447
39,  0.18670,  0.38067,  0.30522,  0.18862,  15.64817,  4259.98243
delay:
0.2
0.076
0.22
0.901
4.56
40,  0.19591,  0.38107,  0.30412,  0.19815,  14.28013,  4171.26636
delay:
0.195
0.071
0.208
0.875
4.645
41,  0.19840,  0.38266,  0.30110,  0.20603,  15.78394,  4088.92591
delay:
0.195
0.071
0.208
0.875
4.645
42,  0.20412,  0.38377,  0.30048,  0.21207,  15.78394,  4025.43424
delay:
0.195
0.071
0.208
0.875
4.645
43,  0.20954,  0.38444,  0.29987,  0.21767,  15.78394,  3966.39922
delay:
0.195
0.071
0.208
0.875
4.645
44,  0.21469,  0.38440,  0.29927,  0.22304,  15.78394,  3912.38550
delay:
0.195
0.071
0.208
0.875
4.645
45,  0.21966,  0.38448,  0.29869,  0.22821,  15.78394,  3855.59104
delay:
0.195
0.071
0.208
0.875
4.645
46,  0.22443,  0.38456,  0.29812,  0.23313,  15.78394,  3807.77337
delay:
0.195
0.071
0.208
0.875
4.645
47,  0.22905,  0.38488,  0.29757,  0.23789,  15.78394,  3754.39624
delay:
0.195
0.071
0.208
0.875
4.645
48,  0.23357,  0.38520,  0.29701,  0.24255,  15.78394,  3703.14739
delay:
0.195
0.071
0.208
0.875
4.645
49,  0.23786,  0.38532,  0.29645,  0.24699,  15.78394,  3647.30232
delay:
0.195
0.071
0.208
0.875
4.645
50,  0.24244,  0.38476,  0.29523,  0.25100,  15.78394,  3593.95298
delay:
0.195
0.071
0.208
0.875
4.645
51,  0.24438,  0.38516,  0.29511,  0.25433,  15.78394,  3557.90591
delay:
0.195
0.071
0.208
0.875
4.645
52,  0.24635,  0.38532,  0.29496,  0.25644,  15.78394,  3541.51066
delay:
0.195
0.071
0.208
0.875
4.645
53,  0.24832,  0.38548,  0.29478,  0.25856,  15.78394,  3510.64708
delay:
0.195
0.071
0.208
0.875
4.645
54,  0.25027,  0.38552,  0.29458,  0.26059,  15.78394,  3486.79385
delay:
0.195
0.071
0.208
0.875
4.645
55,  0.25221,  0.38536,  0.29436,  0.26260,  15.78394,  3463.23697
delay:
0.195
0.071
0.208
0.875
4.645
56,  0.25413,  0.38536,  0.29415,  0.26464,  15.78394,  3439.17051
delay:
0.195
0.071
0.208
0.875
4.645
57,  0.25604,  0.38571,  0.29392,  0.26659,  15.78394,  3417.26337
delay:
0.195
0.071
0.208
0.875
4.645
58,  0.25790,  0.38567,  0.29368,  0.26858,  15.78394,  3390.69462
delay:
0.195
0.071
0.208
0.875
4.645
59,  0.25975,  0.38591,  0.29344,  0.27044,  15.78394,  3365.09689
delay:
0.195
0.071
0.208
0.875
4.645
60,  0.26158,  0.38587,  0.29319,  0.27232,  15.78394,  3343.31542
delay:
0.195
0.071
0.208
0.875
4.645
61,  0.26756,  0.38567,  0.29467,  0.27493,  9.80950,  3313.30980
delay:
0.192
0.07
0.203
0.859
4.673
62,  0.27058,  0.38591,  0.29415,  0.27816,  9.59776,  3262.38532
delay:
0.19
0.068
0.198
0.844
4.692
63,  0.27354,  0.38591,  0.29360,  0.28120,  9.71684,  3223.92725
delay:
0.188
0.067
0.194
0.83
4.712
64,  0.27645,  0.38639,  0.29303,  0.28423,  9.77329,  3185.86972
delay:
0.185
0.066
0.189
0.815
4.727
65,  0.27934,  0.38643,  0.29247,  0.28724,  9.82413,  3141.14782
delay:
0.182
0.064
0.183
0.801
4.737
66,  0.28219,  0.38651,  0.29193,  0.29020,  9.70419,  3098.62717
delay:
0.179
0.063
0.178
0.788
4.745
67,  0.28496,  0.38679,  0.29137,  0.29310,  9.64150,  3057.37362
delay:
0.176
0.062
0.172
0.775
4.757
68,  0.28773,  0.38690,  0.29082,  0.29599,  9.50618,  3018.98527
delay:
0.173
0.06
0.167
0.763
4.766
69,  0.29042,  0.38683,  0.29028,  0.29881,  9.93337,  2979.34757
delay:
0.169
0.059
0.161
0.75
4.771
70,  0.29309,  0.38718,  0.28975,  0.30159,  9.12587,  2943.44165
delay:
0.165
0.058
0.156
0.736
4.77
71,  0.29440,  0.38738,  0.28948,  0.30366,  9.74475,  2909.03539
delay:
0.163
0.057
0.153
0.729
4.771
72,  0.29571,  0.38726,  0.28922,  0.30503,  9.20787,  2885.73055
delay:
0.161
0.056
0.15
0.723
4.772
73,  0.29701,  0.38718,  0.28894,  0.30638,  9.67975,  2869.44649
delay:
0.159
0.056
0.147
0.716
4.77
74,  0.29830,  0.38750,  0.28867,  0.30772,  9.37202,  2846.31580
delay:
0.157
0.055
0.144
0.71
4.771
75,  0.29958,  0.38714,  0.28839,  0.30908,  10.01648,  2817.29450
delay:
0.155
0.054
0.141
0.704
4.773
76,  0.30086,  0.38706,  0.28813,  0.31038,  9.01726,  2804.20335
delay:
0.153
0.054
0.138
0.698
4.769
77,  0.30213,  0.38710,  0.28785,  0.31170,  10.11088,  2788.32362
delay:
0.151
0.053
0.135
0.693
4.767
78,  0.30340,  0.38710,  0.28758,  0.31302,  8.61991,  2760.88001
delay:
0.149
0.052
0.132
0.687
4.765
79,  0.30465,  0.38718,  0.28731,  0.31434,  8.59050,  2737.53236
delay:
0.146
0.052
0.129
0.682
4.764
80,  0.30590,  0.38710,  0.28703,  0.31562,  9.08707,  2727.03348
delay:
0.144
0.051
0.127
0.675
4.757
81,  0.30420,  0.38714,  0.28556,  0.31663,  20.78655,  2701.08828
delay:
0.144
0.051
0.127
0.675
4.757
82,  0.30480,  0.38726,  0.28546,  0.31726,  20.78655,  2691.78731
delay:
0.144
0.051
0.127
0.675
4.757
83,  0.30541,  0.38726,  0.28536,  0.31789,  20.78655,  2676.65562
delay:
0.144
0.051
0.127
0.675
4.757
84,  0.30602,  0.38722,  0.28526,  0.31849,  20.78655,  2671.22937
delay:
0.144
0.051
0.127
0.675
4.757
85,  0.30662,  0.38714,  0.28515,  0.31913,  20.78655,  2663.85051
delay:
0.144
0.051
0.127
0.675
4.757
86,  0.30723,  0.38734,  0.28506,  0.31978,  20.78655,  2650.96150
delay:
0.144
0.051
0.127
0.675
4.757
87,  0.30783,  0.38722,  0.28495,  0.32040,  20.78655,  2636.60382
delay:
0.144
0.051
0.127
0.675
4.757
88,  0.30845,  0.38698,  0.28485,  0.32099,  20.78655,  2629.88664
delay:
0.144
0.051
0.127
0.675
4.757
89,  0.30904,  0.38722,  0.28475,  0.32164,  20.78655,  2613.70228
delay:
0.144
0.051
0.127
0.675
4.757
90,  0.30965,  0.38702,  0.28464,  0.32223,  20.78655,  2608.79898
delay:
0.144
0.051
0.127
0.675
4.757
91,  0.30995,  0.38706,  0.28458,  0.32274,  20.78655,  2596.66751
delay:
0.144
0.051
0.127
0.675
4.757
92,  0.31025,  0.38706,  0.28453,  0.32304,  20.78655,  2597.28022
delay:
0.144
0.051
0.127
0.675
4.757
93,  0.31056,  0.38702,  0.28448,  0.32337,  20.78655,  2589.64721
delay:
0.144
0.051
0.127
0.675
4.757
94,  0.31086,  0.38714,  0.28442,  0.32364,  20.78655,  2575.44673
delay:
0.144
0.051
0.127
0.675
4.757
95,  0.31116,  0.38718,  0.28437,  0.32395,  20.78655,  2577.83892
delay:
0.144
0.051
0.127
0.675
4.757
96,  0.31147,  0.38722,  0.28432,  0.32429,  20.78655,  2572.35759
delay:
0.144
0.051
0.127
0.675
4.757
97,  0.31177,  0.38722,  0.28426,  0.32459,  20.78655,  2578.76448
delay:
0.144
0.051
0.127
0.675
4.757
98,  0.31208,  0.38718,  0.28420,  0.32490,  20.78655,  2561.64629
delay:
0.144
0.051
0.127
0.675
4.757
99,  0.31239,  0.38726,  0.28415,  0.32526,  20.78655,  2559.46591
delay:
0.144
0.051
0.127
0.675
4.757
100,  0.31287,  0.38754,  0.28357,  0.32532,  20.78655,  2545.14209
delay:
0.144
0.051
0.127
0.675
4.757
