Namespace(data='data/toy_one/5dim_10000seq_128ev/', epoch=100, batch_size=128, d_model=16, d_rnn=8, d_inner_hid=32, d_k=16, d_v=16, n_head=1, n_layers=1, dropout=0.1, lr=0.001, smooth=0.1, log='data/toy_one/5dim_10000seq_128ev/100_20_input5_hidden32_softplus_batch128_grad_lr0001.txt', num_events=128, lr_delay=0.001, n_hidden=32, n_input=5, device=device(type='cpu'))
Epoch, Log-likelihood-Test, Accuracy, RMSE, Log-likelihood-Train, Gradient_Masker, Gradient_THP
1,  0.42771,  0.33822,  0.18981, -0.05812,  0.00000,  14576.44967
delay:
0.0
0.0
0.0
0.0
0.0
2,  0.95093,  0.52280,  0.20726,  0.74447,  0.00000,  9195.77117
delay:
0.0
0.0
0.0
0.0
0.0
3,  1.05556,  0.52318,  0.15161,  1.01550,  0.00000,  4314.01608
delay:
0.0
0.0
0.0
0.0
0.0
4,  1.08506,  0.52266,  0.16583,  1.07284,  0.00000,  2481.54640
delay:
0.0
0.0
0.0
0.0
0.0
5,  1.09860,  0.52276,  0.16008,  1.09293,  0.00000,  1857.32476
delay:
0.0
0.0
0.0
0.0
0.0
6,  1.10654,  0.52258,  0.15090,  1.10330,  0.00000,  1505.93603
delay:
0.0
0.0
0.0
0.0
0.0
7,  1.11286,  0.52282,  0.14878,  1.11032,  0.00000,  1435.15889
delay:
0.0
0.0
0.0
0.0
0.0
8,  1.11878,  0.52277,  0.15091,  1.11629,  0.00000,  1319.98348
delay:
0.0
0.0
0.0
0.0
0.0
9,  1.12571,  0.52272,  0.15315,  1.12235,  0.00000,  1209.96541
delay:
0.0
0.0
0.0
0.0
0.0
10,  1.13757,  0.52266,  0.16254,  1.13063,  0.00000,  1239.14835
delay:
0.0
0.0
0.0
0.0
0.0
11,  1.14529,  0.52279,  0.15882,  1.14152,  0.00000,  1102.93571
delay:
0.0
0.0
0.0
0.0
0.0
12,  1.15140,  0.52266,  0.15581,  1.14849,  0.00000,  1158.01790
delay:
0.0
0.0
0.0
0.0
0.0
13,  1.15662,  0.52261,  0.15341,  1.15403,  0.00000,  1047.42672
delay:
0.0
0.0
0.0
0.0
0.0
14,  1.16147,  0.52265,  0.15160,  1.15902,  0.00000,  1068.15309
delay:
0.0
0.0
0.0
0.0
0.0
15,  1.16613,  0.52271,  0.15036,  1.16376,  0.00000,  1024.81712
delay:
0.0
0.0
0.0
0.0
0.0
16,  1.17062,  0.52269,  0.14951,  1.16812,  0.00000,  1099.22481
delay:
0.0
0.0
0.0
0.0
0.0
17,  1.17503,  0.52287,  0.14891,  1.17236,  0.00000,  1111.57734
delay:
0.0
0.0
0.0
0.0
0.0
18,  1.17930,  0.52274,  0.14868,  1.17674,  0.00000,  1041.23109
delay:
0.0
0.0
0.0
0.0
0.0
19,  1.18342,  0.52280,  0.14857,  1.18084,  0.00000,  1096.32062
delay:
0.0
0.0
0.0
0.0
0.0
20,  1.18801,  0.52280,  0.14846,  1.18493,  0.00000,  1051.05224
delay:
0.0
0.0
0.0
0.0
0.0
21,  1.20581,  0.52263,  0.14878,  1.19400,  36.43287,  1166.25864
delay:
0.012
0.015
0.012
0.175
3.697
22,  1.22371,  0.52291,  0.14911,  1.20786,  29.02885,  1327.84629
delay:
0.012
0.038
0.039
0.215
4.503
23,  1.25554,  0.52260,  0.14867,  1.22573,  111.34799,  1614.34401
delay:
0.197
0.364
0.215
0.177
0.532
24,  1.30572,  0.52216,  0.14846,  1.25713,  301.93055,  3227.99930
delay:
0.136
0.27
0.149
0.125
0.422
25,  1.38834,  0.52214,  0.14842,  1.31237,  609.89377,  5596.41981
delay:
0.103
0.124
0.103
0.111
0.351
26,  1.45079,  0.52213,  0.14825,  1.38394,  827.31617,  7605.81503
delay:
0.066
0.078
0.061
0.08
0.216
27,  1.48734,  0.52224,  0.14804,  1.43692,  696.20193,  9100.06422
delay:
0.041
0.054
0.04
0.042
0.053
28,  1.51319,  0.52200,  0.14794,  1.47396,  669.08876,  7826.74490
delay:
0.032
0.036
0.028
0.023
0.017
29,  1.53192,  0.52202,  0.14789,  1.50095,  497.47975,  7865.85418
delay:
0.023
0.023
0.017
0.01
0.009
30,  1.54617,  0.52217,  0.14784,  1.52116,  288.87982,  7060.70608
delay:
0.013
0.012
0.008
0.005
0.005
31,  1.55196,  0.52214,  0.14786,  1.53262,  208.76190,  4906.59925
delay:
0.009
0.008
0.005
0.003
0.004
32,  1.55652,  0.52200,  0.14780,  1.53915,  101.34867,  3897.77573
delay:
0.006
0.006
0.004
0.002
0.004
33,  1.56128,  0.52227,  0.14775,  1.54468,  84.02117,  4610.47626
delay:
0.004
0.004
0.003
0.001
0.003
34,  1.56538,  0.52219,  0.14773,  1.54998,  65.02595,  4944.34411
delay:
0.003
0.003
0.002
0.001
0.003
35,  1.56934,  0.52225,  0.14770,  1.55458,  47.25625,  4150.65380
delay:
0.002
0.002
0.001
0.001
0.002
36,  1.57303,  0.52227,  0.14771,  1.55879,  42.19992,  5075.48859
delay:
0.002
0.001
0.001
0.001
0.002
37,  1.57636,  0.52220,  0.14769,  1.56291,  35.82059,  6308.16121
delay:
0.001
0.001
0.001
0.0
0.002
38,  1.57960,  0.52192,  0.14767,  1.56728,  26.52894,  5295.06909
delay:
0.001
0.001
0.001
0.0
0.002
39,  1.58347,  0.52222,  0.14760,  1.57099,  22.38555,  4500.92160
delay:
0.001
0.001
0.001
0.0
0.002
40,  1.58529,  0.52224,  0.14769,  1.57481,  18.01941,  4965.79892
delay:
0.001
0.001
0.001
0.0
0.001
41,  0.75030,  0.52194,  0.14870,  1.57729,  31.92852,  9335.21465
delay:
0.001
0.001
0.001
0.0
0.001
42,  0.75085,  0.52184,  0.14828,  1.58170,  31.92852,  3415.73411
delay:
0.001
0.001
0.001
0.0
0.001
43,  0.75128,  0.52183,  0.14884,  1.58404,  31.92852,  2987.41045
delay:
0.001
0.001
0.001
0.0
0.001
44,  0.75151,  0.52189,  0.14850,  1.58637,  31.92852,  2746.70742
delay:
0.001
0.001
0.001
0.0
0.001
45,  0.74865,  0.52186,  0.14839,  1.58844,  31.92852,  3071.56721
delay:
0.001
0.001
0.001
0.0
0.001
46,  0.74403,  0.52186,  0.14837,  1.59026,  31.92852,  3504.20634
delay:
0.001
0.001
0.001
0.0
0.001
47,  0.74058,  0.52178,  0.14873,  1.59218,  31.92852,  2826.63665
delay:
0.001
0.001
0.001
0.0
0.001
48,  0.73606,  0.52191,  0.14850,  1.59393,  31.92852,  3467.63807
delay:
0.001
0.001
0.001
0.0
0.001
49,  0.73295,  0.52198,  0.14865,  1.59568,  31.92852,  3376.90160
delay:
0.001
0.001
0.001
0.0
0.001
50,  0.58670,  0.51762,  0.14866,  1.21936,  31.92852,  47407.54640
delay:
0.001
0.001
0.001
0.0
0.001
51,  0.59303,  0.51701,  0.14888,  1.46473,  31.92852,  10211.55562
delay:
0.001
0.001
0.001
0.0
0.001
52,  0.60018,  0.51894,  0.14887,  1.51126,  31.92852,  9388.91923
delay:
0.001
0.001
0.001
0.0
0.001
53,  0.60944,  0.51976,  0.14880,  1.53381,  31.92852,  9232.68900
delay:
0.001
0.001
0.001
0.0
0.001
54,  0.61794,  0.52022,  0.14877,  1.54810,  31.92852,  9040.11292
delay:
0.001
0.001
0.001
0.0
0.001
55,  0.62528,  0.52054,  0.14872,  1.55803,  31.92852,  7853.39080
delay:
0.001
0.001
0.001
0.0
0.001
56,  0.63250,  0.52083,  0.14868,  1.56533,  31.92852,  7397.03780
delay:
0.001
0.001
0.001
0.0
0.001
57,  0.63807,  0.52096,  0.14862,  1.57105,  31.92852,  7174.08465
delay:
0.001
0.001
0.001
0.0
0.001
58,  0.64426,  0.52091,  0.14854,  1.57555,  31.92852,  6607.45033
delay:
0.001
0.001
0.001
0.0
0.001
59,  0.64907,  0.52101,  0.14851,  1.57950,  31.92852,  5745.30987
delay:
0.001
0.001
0.001
0.0
0.001
60,  0.65366,  0.52101,  0.14842,  1.58234,  31.92852,  5556.75232
delay:
0.001
0.001
0.001
0.0
0.001
61,  1.59685,  0.52186,  0.14747,  1.58653,  22.17299,  4835.94962
delay:
0.001
0.001
0.001
0.0
0.001
62,  1.60114,  0.52195,  0.14742,  1.59124,  20.80433,  4836.64785
delay:
0.001
0.001
0.001
0.0
0.001
63,  1.60457,  0.52205,  0.14744,  1.59483,  20.63683,  4440.44640
delay:
0.001
0.001
0.001
0.0
0.001
64,  1.60770,  0.52214,  0.14743,  1.59792,  18.71300,  4705.64657
delay:
0.001
0.001
0.001
0.0
0.001
65,  1.61051,  0.52209,  0.14746,  1.60077,  23.91370,  6287.09039
delay:
0.0
0.0
0.0
0.0
0.001
66,  1.61313,  0.52224,  0.14743,  1.60339,  18.39756,  4589.53241
delay:
0.0
0.0
0.0
0.0
0.001
67,  1.61545,  0.52213,  0.14742,  1.60576,  17.78758,  5024.47900
delay:
0.0
0.0
0.0
0.0
0.001
68,  1.61783,  0.52211,  0.14739,  1.60814,  12.16656,  3534.43225
delay:
0.0
0.0
0.0
0.0
0.001
69,  1.61987,  0.52222,  0.14738,  1.61039,  13.82365,  4112.75870
delay:
0.0
0.0
0.0
0.0
0.001
70,  1.62201,  0.52222,  0.14741,  1.61227,  12.51979,  3549.07169
delay:
0.0
0.0
0.0
0.0
0.001
71,  1.62310,  0.52214,  0.14737,  1.61374,  13.12893,  4063.39155
delay:
0.0
0.0
0.0
0.0
0.001
72,  1.62431,  0.52217,  0.14736,  1.61500,  10.49733,  3162.89831
delay:
0.0
0.0
0.0
0.0
0.001
73,  1.62531,  0.52222,  0.14735,  1.61586,  10.58535,  3604.28701
delay:
0.0
0.0
0.0
0.0
0.001
74,  1.62662,  0.52209,  0.14736,  1.61679,  8.84978,  2686.86055
delay:
0.0
0.0
0.0
0.0
0.001
75,  1.62734,  0.52213,  0.14734,  1.61767,  11.13998,  3766.21686
delay:
0.0
0.0
0.0
0.0
0.001
76,  1.62841,  0.52216,  0.14735,  1.61874,  7.47843,  2276.31969
delay:
0.0
0.0
0.0
0.0
0.001
77,  1.62923,  0.52214,  0.14736,  1.61929,  6.93582,  2328.41573
delay:
0.0
0.0
0.0
0.0
0.001
78,  1.62985,  0.52216,  0.14734,  1.62003,  6.54706,  2160.02645
delay:
0.0
0.0
0.0
0.0
0.001
79,  1.63069,  0.52228,  0.14733,  1.62113,  6.59856,  2266.10181
delay:
0.0
0.0
0.0
0.0
0.001
80,  1.63114,  0.52224,  0.14735,  1.62168,  7.22901,  2706.63879
delay:
0.0
0.0
0.0
0.0
0.001
81,  0.41813,  0.52206,  0.14814,  1.62197,  8.43231,  1902.33785
delay:
0.0
0.0
0.0
0.0
0.001
82,  0.41740,  0.52213,  0.14809,  1.62218,  8.43231,  1845.07238
delay:
0.0
0.0
0.0
0.0
0.001
83,  0.41674,  0.52205,  0.14806,  1.62247,  8.43231,  1875.53762
delay:
0.0
0.0
0.0
0.0
0.001
84,  0.41596,  0.52208,  0.14833,  1.62254,  8.43231,  1938.10367
delay:
0.0
0.0
0.0
0.0
0.001
85,  0.41521,  0.52214,  0.14812,  1.62248,  8.43231,  1842.73232
delay:
0.0
0.0
0.0
0.0
0.001
86,  0.41443,  0.52209,  0.14819,  1.62249,  8.43231,  1807.86834
delay:
0.0
0.0
0.0
0.0
0.001
87,  0.41375,  0.52209,  0.14822,  1.62266,  8.43231,  1895.62798
delay:
0.0
0.0
0.0
0.0
0.001
88,  0.41287,  0.52209,  0.14812,  1.62280,  8.43231,  1893.32243
delay:
0.0
0.0
0.0
0.0
0.001
89,  0.41164,  0.52213,  0.14820,  1.62310,  8.43231,  1949.37429
delay:
0.0
0.0
0.0
0.0
0.001
90,  0.41060,  0.52209,  0.14833,  1.62309,  8.43231,  1978.73288
delay:
0.0
0.0
0.0
0.0
0.001
91,  0.41006,  0.52211,  0.14824,  1.62318,  8.43231,  1798.61103
delay:
0.0
0.0
0.0
0.0
0.001
92,  0.40927,  0.52213,  0.14811,  1.62343,  8.43231,  1819.04013
delay:
0.0
0.0
0.0
0.0
0.001
93,  0.40884,  0.52213,  0.14817,  1.62333,  8.43231,  1947.37227
delay:
0.0
0.0
0.0
0.0
0.001
94,  0.40824,  0.52211,  0.14810,  1.62350,  8.43231,  1866.26859
delay:
0.0
0.0
0.0
0.0
0.001
95,  0.40752,  0.52214,  0.14824,  1.62345,  8.43231,  1925.84539
delay:
0.0
0.0
0.0
0.0
0.001
96,  0.40665,  0.52213,  0.14820,  1.62374,  8.43231,  1723.21453
delay:
0.0
0.0
0.0
0.0
0.001
97,  0.40599,  0.52214,  0.14817,  1.62371,  8.43231,  1906.19511
delay:
0.0
0.0
0.0
0.0
0.001
98,  0.40545,  0.52211,  0.14825,  1.62380,  8.43231,  1826.75172
delay:
0.0
0.0
0.0
0.0
0.001
99,  0.40456,  0.52213,  0.14812,  1.62379,  8.43231,  1878.97528
delay:
0.0
0.0
0.0
0.0
0.001
100,  0.29093,  0.51913,  0.14822,  0.61145,  8.43231,  193776.13356
delay:
0.0
0.0
0.0
0.0
0.001
