Namespace(data='data/toy_one/5dim_10000seq_128ev/', epoch=100, batch_size=128, d_model=16, d_rnn=8, d_inner_hid=32, d_k=16, d_v=16, n_head=1, n_layers=1, dropout=0.1, lr=0.001, smooth=0.1, log='data/toy_one/5dim_10000seq_128ev/100_20_input16_hidden64_softplus_batch128_grad_lr0001.txt', num_events=128, lr_delay=0.001, n_hidden=64, n_input=16, device=device(type='cpu'))
Epoch, Log-likelihood-Test, Accuracy, RMSE, Log-likelihood-Train, Gradient_Masker, Gradient_THP
1,  0.27119,  0.33822,  0.75597, -0.16865,  0.00000,  15577.99349
delay:
0.0
0.0
0.0
0.0
0.0
2,  0.85245,  0.39735,  0.19602,  0.60360,  0.00000,  10238.25080
delay:
0.0
0.0
0.0
0.0
0.0
3,  1.02019,  0.52282,  0.17432,  0.94377,  0.00000,  6049.47250
delay:
0.0
0.0
0.0
0.0
0.0
4,  1.07332,  0.52320,  0.15478,  1.05264,  0.00000,  2876.01177
delay:
0.0
0.0
0.0
0.0
0.0
5,  1.09115,  0.52293,  0.14980,  1.08414,  0.00000,  1843.80522
delay:
0.0
0.0
0.0
0.0
0.0
6,  1.09920,  0.52294,  0.14927,  1.09638,  0.00000,  1340.34711
delay:
0.0
0.0
0.0
0.0
0.0
7,  1.10361,  0.52290,  0.14941,  1.10235,  0.00000,  1363.72405
delay:
0.0
0.0
0.0
0.0
0.0
8,  1.10604,  0.52307,  0.14949,  1.10557,  0.00000,  1050.23756
delay:
0.0
0.0
0.0
0.0
0.0
9,  1.10771,  0.52299,  0.14958,  1.10748,  0.00000,  1022.03849
delay:
0.0
0.0
0.0
0.0
0.0
10,  1.10907,  0.52291,  0.14974,  1.10897,  0.00000,  1192.06509
delay:
0.0
0.0
0.0
0.0
0.0
11,  1.11003,  0.52298,  0.14993,  1.11009,  0.00000,  943.46623
delay:
0.0
0.0
0.0
0.0
0.0
12,  1.11117,  0.52298,  0.15054,  1.11111,  0.00000,  900.82219
delay:
0.0
0.0
0.0
0.0
0.0
13,  1.11263,  0.52290,  0.15225,  1.11233,  0.00000,  965.89592
delay:
0.0
0.0
0.0
0.0
0.0
14,  1.11461,  0.52302,  0.15533,  1.11400,  0.00000,  1043.78244
delay:
0.0
0.0
0.0
0.0
0.0
15,  1.11747,  0.52299,  0.15776,  1.11625,  0.00000,  1059.06521
delay:
0.0
0.0
0.0
0.0
0.0
16,  1.12221,  0.52334,  0.15433,  1.11970,  0.00000,  981.54138
delay:
0.0
0.0
0.0
0.0
0.0
17,  1.12688,  0.52321,  0.15342,  1.12464,  0.00000,  1002.94566
delay:
0.0
0.0
0.0
0.0
0.0
18,  1.13077,  0.52323,  0.15511,  1.12884,  0.00000,  924.23664
delay:
0.0
0.0
0.0
0.0
0.0
19,  1.13516,  0.52332,  0.15827,  1.13278,  0.00000,  1007.34808
delay:
0.0
0.0
0.0
0.0
0.0
20,  1.14109,  0.52294,  0.16503,  1.13776,  0.00000,  946.39722
delay:
0.0
0.0
0.0
0.0
0.0
21,  1.16245,  0.52320,  0.18458,  1.15116,  31.48404,  1046.54297
delay:
0.398
1.586
1.212
0.624
0.026
22,  1.18212,  0.52331,  0.17010,  1.17000,  102.25491,  1092.37835
delay:
0.349
0.647
0.265
0.375
0.004
23,  1.20085,  0.52294,  0.15706,  1.18747,  264.27539,  1114.18077
delay:
0.311
0.451
0.264
0.416
0.003
24,  1.22154,  0.52288,  0.15419,  1.20318,  339.56324,  1224.71488
delay:
0.256
0.444
0.214
0.362
0.002
25,  1.26820,  0.52254,  0.15400,  1.22872,  910.97902,  2702.53370
delay:
0.203
0.437
0.154
0.433
0.005
26,  1.32851,  0.52246,  0.15272,  1.27674,  1143.96666,  4992.41100
delay:
0.118
0.391
0.11
0.388
1.263
27,  1.39264,  0.52228,  0.15174,  1.33537,  878.70193,  6810.66664
delay:
0.078
0.304
0.073
0.338
0.647
28,  1.43344,  0.52220,  0.15062,  1.38694,  740.09545,  6267.45395
delay:
0.045
0.292
0.045
0.286
0.539
29,  1.46535,  0.52299,  0.15014,  1.42719,  399.54757,  5181.27075
delay:
0.018
0.217
0.015
0.176
0.128
30,  1.48550,  0.52260,  0.14947,  1.45660,  206.46739,  6009.87114
delay:
0.005
0.133
0.004
0.296
0.006
31,  1.49485,  0.52260,  0.14948,  1.47368,  60.47171,  4799.43480
delay:
0.003
0.251
0.002
0.276
0.004
32,  1.50008,  0.52260,  0.14923,  1.48207,  40.55928,  4501.51823
delay:
0.002
0.241
0.001
0.298
0.003
33,  1.50672,  0.52258,  0.14910,  1.48948,  26.77371,  5271.68434
delay:
0.001
0.242
0.001
0.342
0.002
34,  1.51141,  0.52280,  0.14894,  1.49595,  21.43346,  4315.00572
delay:
0.001
0.193
0.001
0.287
0.002
35,  1.51682,  0.52258,  0.14885,  1.50125,  17.93732,  6188.49879
delay:
0.001
0.262
0.001
0.34
0.002
36,  1.51947,  0.52269,  0.14870,  1.50609,  14.34089,  5559.30990
delay:
0.0
0.255
0.001
0.329
0.001
37,  1.52450,  0.52271,  0.14855,  1.51077,  11.66259,  5669.63081
delay:
0.0
0.304
0.0
0.399
0.001
38,  1.52678,  0.52252,  0.14850,  1.51535,  9.85163,  4724.78318
delay:
0.0
0.343
0.0
0.401
0.001
39,  1.53151,  0.52260,  0.14844,  1.51979,  9.27175,  3781.26081
delay:
0.0
0.244
0.0
0.299
0.001
40,  1.53586,  0.52274,  0.14834,  1.52406,  15.72931,  3621.76976
delay:
0.0
0.213
0.0
0.325
0.001
41,  0.84377,  0.52285,  0.15023,  1.52755,  7.74258,  5190.41686
delay:
0.0
0.213
0.0
0.325
0.001
42,  0.84510,  0.52280,  0.15045,  1.53102,  7.74258,  4057.97544
delay:
0.0
0.213
0.0
0.325
0.001
43,  0.84570,  0.52293,  0.15017,  1.53395,  7.74258,  3062.34533
delay:
0.0
0.213
0.0
0.325
0.001
44,  0.84557,  0.52290,  0.15065,  1.53600,  7.74258,  3502.27346
delay:
0.0
0.213
0.0
0.325
0.001
45,  0.84572,  0.52282,  0.15038,  1.53790,  7.74258,  3877.98380
delay:
0.0
0.213
0.0
0.325
0.001
46,  0.84432,  0.52282,  0.15031,  1.53990,  7.74258,  2560.22066
delay:
0.0
0.213
0.0
0.325
0.001
47,  0.84370,  0.52261,  0.15042,  1.54150,  7.74258,  2654.43370
delay:
0.0
0.213
0.0
0.325
0.001
48,  0.84183,  0.52265,  0.15049,  1.54326,  7.74258,  2949.17334
delay:
0.0
0.213
0.0
0.325
0.001
49,  0.83988,  0.52276,  0.15033,  1.54449,  7.74258,  2914.38499
delay:
0.0
0.213
0.0
0.325
0.001
50,  0.73280,  0.52211,  0.15046,  1.25003,  7.74258,  38419.89383
delay:
0.0
0.213
0.0
0.325
0.001
51,  0.76354,  0.52261,  0.15034,  1.44804,  7.74258,  6835.87350
delay:
0.0
0.213
0.0
0.325
0.001
52,  0.78125,  0.52288,  0.15093,  1.47692,  7.74258,  6407.16190
delay:
0.0
0.213
0.0
0.325
0.001
53,  0.79360,  0.52280,  0.15113,  1.49391,  7.74258,  5952.78647
delay:
0.0
0.213
0.0
0.325
0.001
54,  0.80171,  0.52268,  0.15114,  1.50498,  7.74258,  5519.73699
delay:
0.0
0.213
0.0
0.325
0.001
55,  0.80719,  0.52277,  0.15103,  1.51277,  7.74258,  5072.61622
delay:
0.0
0.213
0.0
0.325
0.001
56,  0.81212,  0.52282,  0.15078,  1.51860,  7.74258,  4362.93897
delay:
0.0
0.213
0.0
0.325
0.001
57,  0.81616,  0.52274,  0.15060,  1.52312,  7.74258,  4430.61683
delay:
0.0
0.213
0.0
0.325
0.001
58,  0.81945,  0.52279,  0.15063,  1.52721,  7.74258,  3800.06100
delay:
0.0
0.213
0.0
0.325
0.001
59,  0.82209,  0.52274,  0.15052,  1.53031,  7.74258,  3450.66846
delay:
0.0
0.213
0.0
0.325
0.001
60,  0.82504,  0.52269,  0.15041,  1.53279,  7.74258,  3492.56468
delay:
0.0
0.213
0.0
0.325
0.001
61,  1.54766,  0.52252,  0.14823,  1.53662,  54.85217,  3381.46990
delay:
0.0
0.863
0.0
0.233
0.001
62,  1.55177,  0.52265,  0.14821,  1.54095,  61.72190,  2874.19537
delay:
0.0
1.05
0.0
0.164
0.001
63,  1.55421,  0.52261,  0.14825,  1.54463,  59.72525,  3050.65964
delay:
0.0
1.155
0.0
0.084
0.001
64,  1.55816,  0.52260,  0.14820,  1.54796,  51.61576,  2786.82731
delay:
0.0
1.163
0.0
0.095
0.001
65,  1.56047,  0.52255,  0.14819,  1.55059,  59.26190,  2874.63932
delay:
0.0
1.195
0.0
0.058
0.001
66,  1.56370,  0.52271,  0.14814,  1.55337,  39.86776,  2591.09838
delay:
0.0
1.201
0.0
0.043
0.001
67,  1.56558,  0.52265,  0.14815,  1.55581,  41.77614,  3071.85860
delay:
0.0
1.198
0.0
0.032
0.001
68,  1.56851,  0.52260,  0.14809,  1.55838,  39.23296,  2472.51793
delay:
0.0
1.178
0.0
0.027
0.001
69,  1.57156,  0.52252,  0.14808,  1.56114,  49.06194,  2500.50290
delay:
0.0
1.15
0.0
0.024
0.0
70,  1.57556,  0.52228,  0.14810,  1.56435,  48.75537,  2635.14275
delay:
0.0
1.102
0.0
0.022
0.0
71,  1.57780,  0.52235,  0.14806,  1.56785,  72.66962,  2472.13707
delay:
0.0
1.064
0.0
0.021
0.0
72,  1.58089,  0.52236,  0.14802,  1.57022,  62.86588,  2074.33445
delay:
0.0
1.059
0.0
0.014
0.0
73,  1.58193,  0.52225,  0.14804,  1.57210,  58.13306,  2414.24510
delay:
0.0
1.028
0.0
0.013
0.0
74,  1.58403,  0.52236,  0.14802,  1.57364,  47.16355,  2008.58540
delay:
0.0
1.01
0.0
0.012
0.0
75,  1.58419,  0.52233,  0.14801,  1.57465,  51.00857,  2733.39731
delay:
0.0
1.001
0.0
0.01
0.0
76,  1.58563,  0.52216,  0.14799,  1.57573,  38.93950,  1832.95953
delay:
0.0
0.987
0.0
0.009
0.0
77,  1.58656,  0.52236,  0.14800,  1.57653,  40.22193,  1754.09744
delay:
0.0
0.963
0.0
0.008
0.0
78,  1.58762,  0.52228,  0.14798,  1.57764,  40.69095,  1764.56760
delay:
0.0
0.944
0.0
0.008
0.0
79,  1.58823,  0.52230,  0.14795,  1.57827,  35.84079,  1851.44339
delay:
0.0
0.914
0.001
0.008
0.0
80,  1.58895,  0.52235,  0.14795,  1.57913,  30.63602,  1757.23078
delay:
0.0
0.88
0.001
0.008
0.0
81,  0.54822,  0.52233,  0.14908,  1.57995,  10.11015,  1573.15742
delay:
0.0
0.88
0.001
0.008
0.0
82,  0.54762,  0.52233,  0.14914,  1.57987,  10.11015,  1615.01303
delay:
0.0
0.88
0.001
0.008
0.0
83,  0.54687,  0.52233,  0.14905,  1.58005,  10.11015,  1588.80557
delay:
0.0
0.88
0.001
0.008
0.0
84,  0.54563,  0.52239,  0.14910,  1.58009,  10.11015,  1558.71312
delay:
0.0
0.88
0.001
0.008
0.0
85,  0.54450,  0.52233,  0.14921,  1.58031,  10.11015,  1534.33104
delay:
0.0
0.88
0.001
0.008
0.0
86,  0.54396,  0.52239,  0.14903,  1.58042,  10.11015,  1556.21987
delay:
0.0
0.88
0.001
0.008
0.0
87,  0.54332,  0.52235,  0.14901,  1.58054,  10.11015,  1619.07501
delay:
0.0
0.88
0.001
0.008
0.0
88,  0.54222,  0.52233,  0.14919,  1.58075,  10.11015,  1548.79405
delay:
0.0
0.88
0.001
0.008
0.0
89,  0.54123,  0.52236,  0.14919,  1.58098,  10.11015,  1622.76573
delay:
0.0
0.88
0.001
0.008
0.0
90,  0.54046,  0.52236,  0.14921,  1.58110,  10.11015,  1572.19333
delay:
0.0
0.88
0.001
0.008
0.0
91,  0.53970,  0.52236,  0.14911,  1.58134,  10.11015,  1521.88537
delay:
0.0
0.88
0.001
0.008
0.0
92,  0.53917,  0.52238,  0.14915,  1.58127,  10.11015,  1577.98584
delay:
0.0
0.88
0.001
0.008
0.0
93,  0.53864,  0.52236,  0.14915,  1.58144,  10.11015,  1572.29315
delay:
0.0
0.88
0.001
0.008
0.0
94,  0.53799,  0.52238,  0.14912,  1.58158,  10.11015,  1602.22041
delay:
0.0
0.88
0.001
0.008
0.0
95,  0.53757,  0.52236,  0.14904,  1.58173,  10.11015,  1568.75020
delay:
0.0
0.88
0.001
0.008
0.0
96,  0.53663,  0.52239,  0.14916,  1.58160,  10.11015,  1592.60300
delay:
0.0
0.88
0.001
0.008
0.0
97,  0.53634,  0.52238,  0.14911,  1.58177,  10.11015,  1562.23935
delay:
0.0
0.88
0.001
0.008
0.0
98,  0.53572,  0.52241,  0.14926,  1.58189,  10.11015,  1496.15650
delay:
0.0
0.88
0.001
0.008
0.0
99,  0.53497,  0.52239,  0.14915,  1.58198,  10.11015,  1601.58308
delay:
0.0
0.88
0.001
0.008
0.0
100,  0.41299,  0.52050,  0.14896,  0.90387,  10.11015,  143384.80007
delay:
0.0
0.88
0.001
0.008
0.0
