Namespace(data='data/toy_one/5dim_10000seq_128ev/', epoch=100, batch_size=128, d_model=16, d_rnn=8, d_inner_hid=32, d_k=16, d_v=16, n_head=1, n_layers=1, dropout=0.1, lr=0.001, smooth=0.1, log='data/toy_one/5dim_10000seq_128ev/100_20_input5_hidden32_softplus_batch128_grad_lr0001_x1.txt', num_events=128, lr_delay=0.001, n_hidden=32, n_input=5, device=device(type='cpu'))
Epoch, Log-likelihood-Test, Accuracy, RMSE, Log-likelihood-Train, Gradient_Masker, Gradient_THP
1,  0.46650,  0.34597,  0.16709,  0.03890,  0.00000,  13299.74417
delay:
0.0
0.0
0.0
0.0
0.0
2,  0.93169,  0.50858,  0.15650,  0.74863,  0.00000,  8428.10631
delay:
0.0
0.0
0.0
0.0
0.0
3,  1.04262,  0.51652,  0.15369,  0.99615,  0.00000,  4992.62757
delay:
0.0
0.0
0.0
0.0
0.0
4,  1.07879,  0.52183,  0.15152,  1.06344,  0.00000,  2661.87665
delay:
0.0
0.0
0.0
0.0
0.0
5,  1.09422,  0.52194,  0.14929,  1.08760,  0.00000,  1706.14054
delay:
0.0
0.0
0.0
0.0
0.0
6,  1.10264,  0.52298,  0.14814,  1.09902,  0.00000,  1397.72702
delay:
0.0
0.0
0.0
0.0
0.0
7,  1.10778,  0.52265,  0.14769,  1.10560,  0.00000,  1217.08851
delay:
0.0
0.0
0.0
0.0
0.0
8,  1.11166,  0.52265,  0.14780,  1.10999,  0.00000,  1256.07094
delay:
0.0
0.0
0.0
0.0
0.0
9,  1.11640,  0.52288,  0.15067,  1.11396,  0.00000,  1251.65788
delay:
0.0
0.0
0.0
0.0
0.0
10,  1.12352,  0.52280,  0.15494,  1.11967,  0.00000,  1145.51000
delay:
0.0
0.0
0.0
0.0
0.0
11,  1.12743,  0.52279,  0.15470,  1.12536,  0.00000,  930.45650
delay:
0.0
0.0
0.0
0.0
0.0
12,  1.13072,  0.52268,  0.15364,  1.12894,  0.00000,  1112.45679
delay:
0.0
0.0
0.0
0.0
0.0
13,  1.13356,  0.52285,  0.15323,  1.13217,  0.00000,  1063.93763
delay:
0.0
0.0
0.0
0.0
0.0
14,  1.13646,  0.52298,  0.15282,  1.13504,  0.00000,  957.71061
delay:
0.0
0.0
0.0
0.0
0.0
15,  1.13897,  0.52296,  0.15244,  1.13786,  0.00000,  938.28964
delay:
0.0
0.0
0.0
0.0
0.0
16,  1.14155,  0.52293,  0.15166,  1.14029,  0.00000,  961.05395
delay:
0.0
0.0
0.0
0.0
0.0
17,  1.14482,  0.52306,  0.15130,  1.14306,  0.00000,  954.31220
delay:
0.0
0.0
0.0
0.0
0.0
