Namespace(data='data/toy_one/5dim_10000seq_128ev/', epoch=100, batch_size=128, d_model=16, d_rnn=8, d_inner_hid=32, d_k=16, d_v=16, n_head=1, n_layers=1, dropout=0.1, lr=0.0001, smooth=0.1, log='data/toy_one/5dim_10000seq_128ev/100_20_input16_hidden64_softplus_batch128_grad.txt', num_events=128, lr_delay=0.0001, n_hidden=64, n_input=16, device=device(type='cpu'))
Epoch, Log-likelihood-Test, Accuracy, RMSE, Log-likelihood-Train, Gradient_Masker, Gradient_THP
1, -0.25869,  0.19378,  0.63481, -0.29753,  0.00000,  16449.65028
delay:
0.0
0.0
0.0
0.0
0.0
2, -0.19027,  0.23926,  0.60543, -0.22871,  0.00000,  15132.66027
delay:
0.0
0.0
0.0
0.0
0.0
3, -0.10657,  0.24005,  0.56951, -0.15476,  0.00000,  14538.70882
delay:
0.0
0.0
0.0
0.0
0.0
4, -0.02023,  0.24022,  0.57993, -0.06936,  0.00000,  14025.86599
delay:
0.0
0.0
0.0
0.0
0.0
5,  0.06965,  0.24265,  0.63969,  0.01795,  0.00000,  13682.48392
delay:
0.0
0.0
0.0
0.0
0.0
6,  0.16645,  0.24578,  0.71955,  0.11159,  0.00000,  13251.80454
delay:
0.0
0.0
0.0
0.0
0.0
7,  0.26585,  0.41435,  0.76896,  0.21044,  0.00000,  12698.55794
delay:
0.0
0.0
0.0
0.0
0.0
8,  0.36320,  0.43192,  0.76515,  0.30931,  0.00000,  12138.59993
delay:
0.0
0.0
0.0
0.0
0.0
9,  0.45532,  0.48362,  0.71693,  0.40426,  0.00000,  11649.87282
delay:
0.0
0.0
0.0
0.0
0.0
10,  0.53881,  0.48405,  0.63070,  0.49272,  0.00000,  11169.08495
delay:
0.0
0.0
0.0
0.0
0.0
11,  0.57615,  0.48424,  0.57980,  0.55370,  0.00000,  10749.92079
delay:
0.0
0.0
0.0
0.0
0.0
12,  0.61038,  0.48463,  0.52678,  0.58971,  0.00000,  10448.02351
delay:
0.0
0.0
0.0
0.0
0.0
13,  0.64190,  0.48507,  0.47300,  0.62287,  0.00000,  10146.02464
delay:
0.0
0.0
0.0
0.0
0.0
14,  0.67106,  0.48591,  0.41986,  0.65341,  0.00000,  9837.76159
delay:
0.0
0.0
0.0
0.0
0.0
15,  0.69808,  0.48679,  0.36894,  0.68177,  0.00000,  9538.18795
delay:
0.0
0.0
0.0
0.0
0.0
16,  0.72313,  0.48808,  0.32183,  0.70803,  0.00000,  9233.45026
delay:
0.0
0.0
0.0
0.0
0.0
17,  0.74629,  0.48961,  0.27993,  0.73231,  0.00000,  8940.55651
delay:
0.0
0.0
0.0
0.0
0.0
18,  0.76756,  0.49269,  0.24486,  0.75475,  0.00000,  8666.63926
delay:
0.0
0.0
0.0
0.0
0.0
19,  0.78676,  0.49877,  0.21715,  0.77509,  0.00000,  8421.17125
delay:
0.0
0.0
0.0
0.0
0.0
20,  0.80479,  0.50554,  0.19649,  0.79357,  0.00000,  8211.72609
delay:
0.0
0.0
0.0
0.0
0.0
21,  0.84553,  0.51334,  0.17113,  0.82407,  10.49734,  7758.27359
delay:
4.12
0.019
3.838
0.086
0.012
22,  0.88010,  0.51737,  0.17031,  0.86223,  7.46001,  7192.69374
delay:
6.944
0.015
4.981
0.071
0.005
23,  0.90954,  0.51920,  0.16737,  0.89466,  4.69750,  6665.64088
delay:
9.203
0.01
7.458
0.053
0.003
24,  0.93416,  0.52039,  0.16597,  0.92204,  2.57372,  6208.74273
delay:
10.712
0.007
9.179
0.042
0.002
25,  0.95489,  0.52109,  0.16742,  0.94507,  1.51554,  5766.29984
delay:
11.758
0.005
10.351
0.036
0.001
26,  0.97233,  0.52169,  0.17284,  0.96426,  0.91759,  5377.04339
delay:
12.457
0.004
11.118
0.03
0.001
27,  0.98675,  0.52209,  0.18281,  0.98027,  0.56168,  5015.53133
delay:
12.862
0.003
11.565
0.027
0.001
28,  0.99907,  0.52246,  0.19637,  0.99365,  0.39029,  4725.57040
delay:
13.059
0.003
11.729
0.026
0.001
29,  1.00967,  0.52249,  0.21039,  1.00526,  0.38517,  4452.69266
delay:
13.156
0.003
11.758
0.027
0.001
30,  1.01979,  0.52277,  0.21970,  1.01556,  0.35232,  4219.71895
delay:
13.182
0.003
11.682
0.028
0.001
31,  1.02442,  0.52280,  0.22333,  1.02297,  0.37078,  3982.37174
delay:
13.176
0.003
11.622
0.029
0.001
32,  1.02907,  0.52287,  0.22547,  1.02758,  0.38588,  3846.84605
delay:
13.151
0.003
11.527
0.031
0.001
33,  1.03338,  0.52269,  0.22731,  1.03208,  0.37348,  3730.74368
delay:
13.124
0.003
11.382
0.034
0.001
34,  1.03762,  0.52268,  0.22818,  1.03644,  0.45963,  3596.61465
delay:
13.066
0.003
11.207
0.037
0.001
35,  1.04176,  0.52266,  0.22790,  1.04053,  0.46152,  3500.14254
delay:
12.978
0.003
10.976
0.043
0.001
36,  1.04566,  0.52272,  0.22739,  1.04455,  0.52135,  3384.74794
delay:
12.855
0.003
10.675
0.051
0.001
37,  1.04946,  0.52261,  0.22576,  1.04848,  0.60984,  3211.60914
delay:
12.696
0.004
10.352
0.061
0.001
38,  1.05300,  0.52287,  0.22424,  1.05213,  0.62241,  3136.95777
delay:
12.573
0.005
10.03
0.074
0.001
39,  1.05652,  0.52285,  0.22127,  1.05559,  0.75519,  3000.14392
delay:
12.364
0.006
9.581
0.092
0.001
40,  1.05975,  0.52294,  0.21893,  1.05893,  0.82174,  2918.44678
delay:
12.169
0.009
9.137
0.107
0.001
41,  1.06152,  0.52302,  0.21623,  1.06117,  1.02835,  2804.18669
delay:
12.169
0.009
9.137
0.107
0.001
42,  1.06230,  0.52302,  0.21686,  1.06191,  1.02835,  2781.93630
delay:
12.169
0.009
9.137
0.107
0.001
43,  1.06313,  0.52307,  0.21714,  1.06278,  1.02835,  2752.40560
delay:
12.169
0.009
9.137
0.107
0.001
44,  1.06399,  0.52299,  0.21733,  1.06365,  1.02835,  2708.51889
delay:
12.169
0.009
9.137
0.107
0.001
45,  1.06484,  0.52313,  0.21756,  1.06451,  1.02835,  2666.97786
delay:
12.169
0.009
9.137
0.107
0.001
46,  1.06573,  0.52296,  0.21747,  1.06541,  1.02835,  2665.48556
delay:
12.169
0.009
9.137
0.107
0.001
47,  1.06662,  0.52306,  0.21750,  1.06637,  1.02835,  2634.73389
delay:
12.169
0.009
9.137
0.107
0.001
48,  1.06750,  0.52306,  0.21745,  1.06726,  1.02835,  2601.91210
delay:
12.169
0.009
9.137
0.107
0.001
49,  1.06841,  0.52307,  0.21723,  1.06816,  1.02835,  2524.53134
delay:
12.169
0.009
9.137
0.107
0.001
50,  1.06942,  0.52302,  0.21552,  1.06931,  1.02835,  2496.92573
delay:
12.169
0.009
9.137
0.107
0.001
51,  1.06988,  0.52299,  0.21600,  1.06992,  1.02835,  2474.22784
delay:
12.169
0.009
9.137
0.107
0.001
52,  1.07033,  0.52307,  0.21624,  1.07036,  1.02835,  2458.55926
delay:
12.169
0.009
9.137
0.107
0.001
53,  1.07081,  0.52299,  0.21626,  1.07085,  1.02835,  2421.00263
delay:
12.169
0.009
9.137
0.107
0.001
54,  1.07128,  0.52304,  0.21626,  1.07133,  1.02835,  2388.93882
delay:
12.169
0.009
9.137
0.107
0.001
55,  1.07177,  0.52301,  0.21605,  1.07185,  1.02835,  2378.03043
delay:
12.169
0.009
9.137
0.107
0.001
56,  1.07226,  0.52298,  0.21588,  1.07231,  1.02835,  2411.61655
delay:
12.169
0.009
9.137
0.107
0.001
57,  1.07275,  0.52309,  0.21573,  1.07284,  1.02835,  2388.57130
delay:
12.169
0.009
9.137
0.107
0.001
58,  1.07324,  0.52299,  0.21546,  1.07336,  1.02835,  2340.26484
delay:
12.169
0.009
9.137
0.107
0.001
59,  1.07374,  0.52296,  0.21520,  1.07387,  1.02835,  2325.37645
delay:
12.169
0.009
9.137
0.107
0.001
60,  1.07423,  0.52313,  0.21501,  1.07436,  1.02835,  2314.04903
delay:
12.169
0.009
9.137
0.107
0.001
61,  1.07524,  0.52296,  0.21363,  1.07527,  0.71096,  2307.53739
delay:
12.041
0.011
8.871
0.116
0.001
62,  1.07642,  0.52310,  0.21082,  1.07641,  0.68345,  2286.37220
delay:
11.955
0.013
8.655
0.123
0.001
63,  1.07751,  0.52296,  0.20842,  1.07755,  0.73755,  2247.15391
delay:
11.915
0.014
8.517
0.121
0.001
64,  1.07859,  0.52296,  0.20612,  1.07863,  0.73205,  2166.01823
delay:
11.884
0.016
8.356
0.122
0.001
65,  1.07965,  0.52301,  0.20405,  1.07967,  0.68783,  2194.88580
delay:
11.857
0.019
8.206
0.123
0.001
66,  1.08069,  0.52306,  0.20213,  1.08073,  0.80605,  2140.42143
delay:
11.821
0.022
8.058
0.127
0.001
67,  1.08173,  0.52307,  0.20008,  1.08173,  0.83680,  2146.49519
delay:
11.795
0.028
7.865
0.127
0.001
68,  1.08272,  0.52304,  0.19851,  1.08277,  0.84784,  2054.17683
delay:
11.802
0.032
7.689
0.129
0.001
69,  1.08370,  0.52302,  0.19674,  1.08367,  0.95225,  2013.02300
delay:
11.829
0.034
7.486
0.135
0.001
70,  1.08466,  0.52299,  0.19508,  1.08467,  1.00151,  1942.97916
delay:
11.842
0.04
7.297
0.137
0.001
71,  1.08513,  0.52298,  0.19434,  1.08539,  1.18261,  1945.16025
delay:
11.86
0.044
7.202
0.138
0.001
72,  1.08561,  0.52296,  0.19347,  1.08585,  1.14740,  1896.65822
delay:
11.873
0.048
7.09
0.139
0.001
73,  1.08607,  0.52296,  0.19270,  1.08634,  1.18434,  1909.53017
delay:
11.898
0.051
6.983
0.14
0.001
74,  1.08654,  0.52296,  0.19195,  1.08676,  1.27341,  1891.87802
delay:
11.931
0.058
6.879
0.144
0.001
75,  1.08702,  0.52296,  0.19122,  1.08725,  1.29903,  1909.83972
delay:
11.96
0.061
6.823
0.14
0.001
76,  1.08750,  0.52296,  0.19049,  1.08776,  1.33781,  1850.71456
delay:
12.008
0.066
6.765
0.139
0.001
77,  1.08797,  0.52294,  0.18989,  1.08822,  1.54333,  1874.24122
delay:
12.045
0.075
6.694
0.141
0.001
78,  1.08845,  0.52298,  0.18910,  1.08868,  1.95388,  1815.91437
delay:
12.077
0.084
6.623
0.14
0.001
79,  1.08892,  0.52293,  0.18845,  1.08914,  1.80018,  1780.06196
delay:
12.122
0.095
6.581
0.142
0.001
80,  1.08938,  0.52298,  0.18769,  1.08962,  2.05383,  1781.92373
delay:
12.165
0.103
6.531
0.143
0.001
81,  1.08930,  0.52313,  0.18748,  1.08990,  6.68036,  1807.93297
delay:
12.165
0.103
6.531
0.143
0.001
82,  1.08944,  0.52310,  0.18743,  1.09007,  6.68036,  1798.36649
delay:
12.165
0.103
6.531
0.143
0.001
83,  1.08959,  0.52312,  0.18731,  1.09020,  6.68036,  1801.44035
delay:
12.165
0.103
6.531
0.143
0.001
84,  1.08973,  0.52301,  0.18734,  1.09032,  6.68036,  1762.53932
delay:
12.165
0.103
6.531
0.143
0.001
85,  1.08988,  0.52312,  0.18714,  1.09049,  6.68036,  1735.65726
delay:
12.165
0.103
6.531
0.143
0.001
86,  1.09002,  0.52312,  0.18707,  1.09066,  6.68036,  1809.17094
delay:
12.165
0.103
6.531
0.143
0.001
87,  1.09018,  0.52310,  0.18694,  1.09080,  6.68036,  1773.32623
delay:
12.165
0.103
6.531
0.143
0.001
88,  1.09033,  0.52310,  0.18680,  1.09094,  6.68036,  1769.23951
delay:
12.165
0.103
6.531
0.143
0.001
89,  1.09049,  0.52307,  0.18669,  1.09110,  6.68036,  1734.58057
delay:
12.165
0.103
6.531
0.143
0.001
90,  1.09065,  0.52306,  0.18661,  1.09125,  6.68036,  1755.51214
delay:
12.165
0.103
6.531
0.143
0.001
91,  1.09074,  0.52306,  0.18657,  1.09140,  6.68036,  1740.45246
delay:
12.165
0.103
6.531
0.143
0.001
92,  1.09082,  0.52307,  0.18646,  1.09149,  6.68036,  1707.07452
delay:
12.165
0.103
6.531
0.143
0.001
93,  1.09090,  0.52306,  0.18640,  1.09154,  6.68036,  1717.75216
delay:
12.165
0.103
6.531
0.143
0.001
94,  1.09099,  0.52307,  0.18633,  1.09161,  6.68036,  1711.44628
delay:
12.165
0.103
6.531
0.143
0.001
95,  1.09108,  0.52310,  0.18625,  1.09174,  6.68036,  1701.74694
delay:
12.165
0.103
6.531
0.143
0.001
96,  1.09117,  0.52309,  0.18620,  1.09180,  6.68036,  1678.28182
delay:
12.165
0.103
6.531
0.143
0.001
97,  1.09126,  0.52304,  0.18617,  1.09191,  6.68036,  1699.56859
delay:
12.165
0.103
6.531
0.143
0.001
98,  1.09135,  0.52307,  0.18609,  1.09199,  6.68036,  1745.62597
delay:
12.165
0.103
6.531
0.143
0.001
99,  1.09145,  0.52302,  0.18596,  1.09211,  6.68036,  1714.37479
delay:
12.165
0.103
6.531
0.143
0.001
100,  1.09170,  0.52318,  0.18406,  1.09233,  6.68036,  1782.26157
delay:
12.165
0.103
6.531
0.143
0.001
