Namespace(data='data/toy_one/5dim_10000seq_128ev/', epoch=100, batch_size=128, d_model=16, d_rnn=8, d_inner_hid=32, d_k=16, d_v=16, n_head=1, n_layers=1, dropout=0.1, lr=0.001, smooth=0.1, log='data/toy_one/5dim_10000seq_128ev/100_20_input16_hidden64_softplus_batch128_grad_lr0001_x1.txt', num_events=128, lr_delay=0.001, n_hidden=64, n_input=16, device=device(type='cpu'))
Epoch, Log-likelihood-Test, Accuracy, RMSE, Log-likelihood-Train, Gradient_Masker, Gradient_THP
1,  0.14752,  0.51494,  0.25748, -0.23548,  0.00000,  16118.98996
delay:
0.0
0.0
0.0
0.0
0.0
2,  0.79560,  0.52277,  0.20691,  0.50446,  0.00000,  11167.44581
delay:
0.0
0.0
0.0
0.0
0.0
3,  0.99519,  0.52307,  0.16191,  0.91489,  0.00000,  5895.35594
delay:
0.0
0.0
0.0
0.0
0.0
4,  1.05522,  0.52312,  0.16100,  1.02993,  0.00000,  3397.06114
delay:
0.0
0.0
0.0
0.0
0.0
5,  1.08220,  0.52302,  0.15854,  1.07029,  0.00000,  2349.76986
delay:
0.0
0.0
0.0
0.0
0.0
6,  1.09810,  0.52293,  0.15404,  1.09100,  0.00000,  1726.62891
delay:
0.0
0.0
0.0
0.0
0.0
7,  1.10824,  0.52301,  0.15148,  1.10367,  0.00000,  1575.63478
delay:
0.0
0.0
0.0
0.0
0.0
8,  1.11609,  0.52274,  0.15223,  1.11210,  0.00000,  1337.12307
delay:
0.0
0.0
0.0
0.0
0.0
9,  1.12766,  0.52301,  0.15844,  1.12136,  0.00000,  1311.96447
delay:
0.0
0.0
0.0
0.0
0.0
10,  1.14092,  0.52279,  0.17340,  1.13396,  0.00000,  1321.92694
delay:
0.0
0.0
0.0
0.0
0.0
11,  1.14655,  0.52291,  0.16802,  1.14349,  0.00000,  1114.65912
delay:
0.0
0.0
0.0
0.0
0.0
12,  1.15269,  0.52291,  0.16930,  1.14935,  0.00000,  1042.37066
delay:
0.0
0.0
0.0
0.0
0.0
13,  1.15890,  0.52285,  0.17018,  1.15530,  0.00000,  1081.68208
delay:
0.0
0.0
0.0
0.0
0.0
14,  1.16541,  0.52335,  0.17302,  1.16126,  0.00000,  1097.00409
delay:
0.0
0.0
0.0
0.0
0.0
15,  1.17177,  0.52280,  0.17380,  1.16696,  0.00000,  1153.19633
delay:
0.0
0.0
0.0
0.0
0.0
16,  1.17637,  0.52271,  0.17177,  1.17256,  0.00000,  1323.41222
delay:
0.0
0.0
0.0
0.0
0.0
17,  1.18164,  0.52293,  0.17043,  1.17752,  0.00000,  1163.57784
delay:
0.0
0.0
0.0
0.0
0.0
