Namespace(data='data/toy_one/3dim_4000seq_150ev/', epoch=100, batch_size=128, d_model=16, d_rnn=8, d_inner_hid=32, d_k=16, d_v=16, n_head=1, n_layers=1, dropout=0.1, lr=0.001, smooth=0.1, log='data/toy_one/3dim_4000seq_150ev/100_20_input3_hidden16_softplus_batch128_grad.txt', num_events=150, lr_delay=0.001, n_hidden=16, n_input=3, device=device(type='cpu'))
Epoch, Log-likelihood-Test, Accuracy, RMSE, Log-likelihood-Train, Gradient_Masker, Gradient_THP
1, -0.16454,  0.45097,  0.20228, -0.28583,  0.00000,  18179.14102
delay:
0.0
0.0
0.0
2,  0.12870,  0.70376,  0.18728, -0.03738,  0.00000,  15987.01276
delay:
0.0
0.0
0.0
3,  0.44651,  0.70322,  0.17802,  0.27785,  0.00000,  14979.10629
delay:
0.0
0.0
0.0
4,  0.70313,  0.70550,  0.16904,  0.57603,  0.00000,  12963.26062
delay:
0.0
0.0
0.0
5,  0.87447,  0.70611,  0.16676,  0.79764,  0.00000,  10053.03294
delay:
0.0
0.0
0.0
6,  0.96987,  0.70591,  0.16598,  0.93270,  0.00000,  7316.75117
delay:
0.0
0.0
0.0
7,  1.02442,  0.70691,  0.16587,  1.00791,  0.00000,  5704.78274
delay:
0.0
0.0
0.0
8,  1.05766,  0.70708,  0.16556,  1.05176,  0.00000,  4242.91703
delay:
0.0
0.0
0.0
9,  1.08060,  0.70691,  0.16565,  1.08003,  0.00000,  3386.71660
delay:
0.0
0.0
0.0
10,  1.09713,  0.70755,  0.16560,  1.09988,  0.00000,  3031.54899
delay:
0.0
0.0
0.0
11,  1.10393,  0.70725,  0.16544,  1.11160,  0.00000,  2626.62130
delay:
0.0
0.0
0.0
12,  1.10991,  0.70701,  0.16545,  1.11789,  0.00000,  2473.56505
delay:
0.0
0.0
0.0
13,  1.11525,  0.70705,  0.16540,  1.12358,  0.00000,  2216.50354
delay:
0.0
0.0
0.0
14,  1.12006,  0.70711,  0.16537,  1.12862,  0.00000,  2063.33812
delay:
0.0
0.0
0.0
15,  1.12431,  0.70685,  0.16519,  1.13313,  0.00000,  2031.18377
delay:
0.0
0.0
0.0
16,  1.12797,  0.70691,  0.16513,  1.13708,  0.00000,  1823.95806
delay:
0.0
0.0
0.0
17,  1.13126,  0.70701,  0.16509,  1.14063,  0.00000,  1803.71589
delay:
0.0
0.0
0.0
18,  1.13412,  0.70698,  0.16491,  1.14377,  0.00000,  1701.42240
delay:
0.0
0.0
0.0
19,  1.13665,  0.70711,  0.16488,  1.14651,  0.00000,  1461.09897
delay:
0.0
0.0
0.0
20,  1.13897,  0.70688,  0.16461,  1.14888,  0.00000,  1457.97187
delay:
0.0
0.0
0.0
21,  1.14694,  0.70698,  0.16480,  1.15434,  29.95269,  2071.76284
delay:
0.001
1.045
1.11
22,  1.15090,  0.70708,  0.16452,  1.16053,  21.97612,  1277.81358
delay:
0.001
1.804
2.012
23,  1.15703,  0.70715,  0.16373,  1.16446,  28.65748,  1097.58127
delay:
0.001
3.714
1.877
24,  1.16371,  0.70728,  0.16354,  1.17262,  115.23985,  1152.35349
delay:
0.0
4.664
1.136
25,  1.16894,  0.70735,  0.16365,  1.17879,  200.69605,  979.95599
delay:
0.0
4.77
1.423
26,  1.17438,  0.70725,  0.16390,  1.18430,  145.15152,  1279.10007
delay:
0.0
4.826
1.847
27,  1.18340,  0.70715,  0.16661,  1.19110,  125.18237,  1136.34808
delay:
0.0
4.865
2.034
28,  1.19680,  0.70701,  0.16694,  1.20124,  74.68735,  1157.17233
delay:
0.0
4.937
2.464
29,  1.21223,  0.70698,  0.16611,  1.21655,  66.02164,  1453.86221
delay:
0.0
5.001
2.679
30,  1.22619,  0.70732,  0.16532,  1.23117,  38.98810,  1254.27989
delay:
0.001
5.1
2.945
31,  1.23185,  0.70718,  0.16485,  1.24042,  40.29826,  1064.07245
delay:
0.005
5.153
3.077
32,  1.23656,  0.70738,  0.16462,  1.24553,  30.69475,  1024.48234
delay:
0.059
5.182
3.084
33,  1.24198,  0.70728,  0.16497,  1.25036,  41.54426,  1227.75513
delay:
0.282
5.213
3.113
34,  1.24528,  0.70728,  0.16540,  1.25452,  31.75149,  1127.92487
delay:
0.224
5.249
3.185
35,  1.25140,  0.70721,  0.16576,  1.25849,  35.45107,  1388.88685
delay:
0.259
5.288
3.287
36,  1.25569,  0.70735,  0.16634,  1.26228,  28.13022,  1319.38146
delay:
0.247
5.329
3.431
37,  1.25976,  0.70732,  0.16623,  1.26606,  26.04778,  1184.05949
delay:
0.276
5.361
3.517
38,  1.26528,  0.70721,  0.16712,  1.27020,  29.18943,  1367.50781
delay:
0.243
5.387
3.586
39,  1.26866,  0.70748,  0.16699,  1.27413,  37.04511,  2092.77603
delay:
0.26
5.421
3.726
40,  1.27195,  0.70752,  0.16749,  1.27794,  42.78621,  2507.15194
delay:
0.252
5.473
3.978
41,  1.27593,  0.70755,  0.16744,  1.28057,  5.44608,  2306.60419
delay:
0.252
5.473
3.978
42,  1.27759,  0.70762,  0.16736,  1.28248,  5.44608,  1522.87395
delay:
0.252
5.473
3.978
43,  1.27959,  0.70762,  0.16751,  1.28398,  5.44608,  1592.90478
delay:
0.252
5.473
3.978
44,  1.28111,  0.70772,  0.16750,  1.28571,  5.44608,  1980.21595
delay:
0.252
5.473
3.978
45,  1.28294,  0.70758,  0.16743,  1.28696,  5.44608,  1891.01479
delay:
0.252
5.473
3.978
46,  1.28349,  0.70772,  0.16718,  1.28852,  5.44608,  1651.37550
delay:
0.252
5.473
3.978
47,  1.28615,  0.70782,  0.16734,  1.29010,  5.44608,  1942.77985
delay:
0.252
5.473
3.978
48,  1.28793,  0.70768,  0.16729,  1.29168,  5.44608,  2088.87397
delay:
0.252
5.473
3.978
49,  1.28966,  0.70765,  0.16715,  1.29304,  5.44608,  2471.80466
delay:
0.252
5.473
3.978
50,  1.29195,  0.70772,  0.16617,  1.29315,  5.44608,  5723.23505
delay:
0.252
5.473
3.978
51,  1.29698,  0.70772,  0.16657,  1.30144,  5.44608,  1862.65352
delay:
0.252
5.473
3.978
52,  1.29960,  0.70768,  0.16666,  1.30339,  5.44608,  1869.63210
delay:
0.252
5.473
3.978
53,  1.30202,  0.70768,  0.16672,  1.30499,  5.44608,  2108.54164
delay:
0.252
5.473
3.978
54,  1.30255,  0.70779,  0.16659,  1.30615,  5.44608,  1993.81647
delay:
0.252
5.473
3.978
55,  1.30438,  0.70768,  0.16652,  1.30738,  5.44608,  1313.77059
delay:
0.252
5.473
3.978
56,  1.30623,  0.70772,  0.16648,  1.30847,  5.44608,  2338.56675
delay:
0.252
5.473
3.978
57,  1.30724,  0.70762,  0.16643,  1.30890,  5.44608,  2582.22530
delay:
0.252
5.473
3.978
58,  1.30741,  0.70762,  0.16629,  1.30971,  5.44608,  2622.84309
delay:
0.252
5.473
3.978
59,  1.30832,  0.70742,  0.16617,  1.31034,  5.44608,  2253.60553
delay:
0.252
5.473
3.978
60,  1.30880,  0.70738,  0.16611,  1.31092,  5.44608,  2132.43994
delay:
0.252
5.473
3.978
61,  1.31490,  0.70732,  0.16614,  1.31306,  181.34211,  2436.65343
delay:
0.299
5.56
4.488
62,  1.32080,  0.70728,  0.16612,  1.31736,  240.62184,  3293.27123
delay:
0.355
5.561
4.517
63,  1.32475,  0.70732,  0.16582,  1.32130,  220.79884,  3200.36589
delay:
0.396
5.55
4.483
64,  1.32928,  0.70721,  0.16561,  1.32640,  139.64291,  2381.01705
delay:
0.407
5.543
4.469
65,  1.33476,  0.70735,  0.16557,  1.33098,  157.81643,  2725.49147
delay:
0.413
5.529
4.404
66,  1.33984,  0.70738,  0.16516,  1.33595,  172.40132,  2627.37839
delay:
0.425
5.525
4.405
67,  1.34532,  0.70738,  0.16500,  1.34030,  166.89229,  2851.18594
delay:
0.405
5.523
4.42
68,  1.34972,  0.70732,  0.16472,  1.34481,  149.57191,  2814.73473
delay:
0.392
5.505
4.321
69,  1.35362,  0.70735,  0.16453,  1.34896,  107.49978,  2261.25666
delay:
0.374
5.518
4.43
70,  1.35874,  0.70738,  0.16442,  1.35306,  130.36397,  2998.27892
delay:
0.345
5.508
4.38
71,  1.35982,  0.70735,  0.16428,  1.35607,  117.79950,  3169.19784
delay:
0.332
5.509
4.396
72,  1.36105,  0.70728,  0.16417,  1.35725,  128.66490,  2864.97556
delay:
0.321
5.509
4.406
73,  1.36248,  0.70735,  0.16410,  1.35873,  101.00294,  2460.83066
delay:
0.304
5.511
4.429
74,  1.36470,  0.70735,  0.16405,  1.35986,  149.28620,  3356.25286
delay:
0.288
5.511
4.443
75,  1.36647,  0.70735,  0.16402,  1.36114,  139.94302,  3307.03549
delay:
0.274
5.514
4.475
76,  1.36669,  0.70732,  0.16392,  1.36320,  136.89116,  3627.53306
delay:
0.261
5.514
4.481
77,  1.36959,  0.70732,  0.16384,  1.36486,  109.98346,  2653.96157
delay:
0.25
5.513
4.49
78,  1.37145,  0.70732,  0.16380,  1.36664,  83.04275,  2985.02975
delay:
0.239
5.517
4.526
79,  1.37225,  0.70728,  0.16373,  1.36850,  153.23779,  3629.97186
delay:
0.231
5.521
4.568
80,  1.37445,  0.70725,  0.16368,  1.37024,  142.26317,  3540.93822
delay:
0.224
5.52
4.578
81,  1.37454,  0.70732,  0.16373,  1.37184,  63.99688,  2576.20218
delay:
0.224
5.52
4.578
82,  1.37405,  0.70728,  0.16367,  1.37263,  63.99688,  3443.32307
delay:
0.224
5.52
4.578
83,  1.37485,  0.70732,  0.16365,  1.37307,  63.99688,  2055.84603
delay:
0.224
5.52
4.578
84,  1.37618,  0.70728,  0.16361,  1.37390,  63.99688,  2575.53601
delay:
0.224
5.52
4.578
85,  1.37676,  0.70728,  0.16358,  1.37503,  63.99688,  2333.71710
delay:
0.224
5.52
4.578
86,  1.37764,  0.70728,  0.16357,  1.37557,  63.99688,  2515.46553
delay:
0.224
5.52
4.578
87,  1.37882,  0.70728,  0.16355,  1.37619,  63.99688,  3306.60801
delay:
0.224
5.52
4.578
88,  1.37920,  0.70725,  0.16352,  1.37729,  63.99688,  3276.24807
delay:
0.224
5.52
4.578
89,  1.37956,  0.70725,  0.16348,  1.37744,  63.99688,  3155.47582
delay:
0.224
5.52
4.578
90,  1.37968,  0.70725,  0.16347,  1.37867,  63.99688,  2820.00560
delay:
0.224
5.52
4.578
91,  1.38038,  0.70725,  0.16345,  1.37885,  63.99688,  2431.55829
delay:
0.224
5.52
4.578
92,  1.38085,  0.70721,  0.16345,  1.37932,  63.99688,  2788.81718
delay:
0.224
5.52
4.578
93,  1.38087,  0.70721,  0.16344,  1.37965,  63.99688,  2401.42137
delay:
0.224
5.52
4.578
94,  1.38078,  0.70721,  0.16342,  1.38014,  63.99688,  2753.82466
delay:
0.224
5.52
4.578
95,  1.38158,  0.70725,  0.16342,  1.38054,  63.99688,  2444.57737
delay:
0.224
5.52
4.578
96,  1.38241,  0.70721,  0.16341,  1.38105,  63.99688,  2688.94368
delay:
0.224
5.52
4.578
97,  1.38199,  0.70725,  0.16339,  1.38098,  63.99688,  2530.00236
delay:
0.224
5.52
4.578
98,  1.38234,  0.70721,  0.16339,  1.38171,  63.99688,  2599.90452
delay:
0.224
5.52
4.578
99,  1.38300,  0.70721,  0.16337,  1.38192,  63.99688,  2534.99613
delay:
0.224
5.52
4.578
100,  1.31497,  0.70775,  0.16388,  1.24310,  63.99688,  47784.74600
delay:
0.224
5.52
4.578
