Namespace(batch_size=16, d_inner_hid=64, d_k=16, d_model=16, d_rnn=8, d_v=16, data='data/toy/3dim_2000seq_32ev/', device=device(type='cpu'), dropout=0.1, epoch=100, log='data/toy/3dim_2000seq_32ev/100_25.txt', lr=0.001, lr_delay=0.001, n_head=1, n_layers=1, num_events=32, smooth=0.1)
Epoch, Log-likelihood, Accuracy, RMSE, Gradient_Masker, Gradient_THP
1, -1.75871,  0.67032,  3.15593, -1.77913,  0.00000,  1721.98025
delay:
[0. 0. 0.]
[0. 0. 0.]
[0. 0. 0.]
2, -1.69444,  0.68387,  3.03562, -1.69542,  0.00000,  952.04120
delay:
[0. 0. 0.]
[0. 0. 0.]
[0. 0. 0.]
3, -1.67394,  0.69032,  3.00155, -1.65975,  0.00000,  1022.21379
delay:
[0. 0. 0.]
[0. 0. 0.]
[0. 0. 0.]
4, -1.65328,  0.68161,  2.98052, -1.63980,  0.00000,  986.44325
delay:
[0. 0. 0.]
[0. 0. 0.]
[0. 0. 0.]
5, -1.62279,  0.68677,  2.96534, -1.61654,  0.00000,  1218.06881
delay:
[0. 0. 0.]
[0. 0. 0.]
[0. 0. 0.]
6, -1.58143,  0.68903,  2.94984, -1.58759,  0.00000,  1673.32857
delay:
[0. 0. 0.]
[0. 0. 0.]
[0. 0. 0.]
7, -1.55062,  0.68903,  2.94647, -1.55254,  0.00000,  2272.11710
delay:
[0. 0. 0.]
[0. 0. 0.]
[0. 0. 0.]
8, -1.50711,  0.69000,  2.94316, -1.51482,  0.00000,  2597.50065
delay:
[0. 0. 0.]
[0. 0. 0.]
[0. 0. 0.]
9, -1.45204,  0.69290,  2.94148, -1.47852,  0.00000,  3804.47519
delay:
[0. 0. 0.]
[0. 0. 0.]
[0. 0. 0.]
10, -1.40886,  0.69032,  2.94445, -1.43435,  0.00000,  3609.03523
delay:
[0. 0. 0.]
[0. 0. 0.]
[0. 0. 0.]
11, -1.38221,  0.69194,  2.94974, -1.39613,  0.00000,  3099.20977
delay:
[0. 0. 0.]
[0. 0. 0.]
[0. 0. 0.]
12, -1.36140,  0.69581,  2.94706, -1.37428,  0.00000,  3389.03095
delay:
[0. 0. 0.]
[0. 0. 0.]
[0. 0. 0.]
13, -1.33915,  0.69548,  2.94421, -1.35292,  0.00000,  3315.52945
delay:
[0. 0. 0.]
[0. 0. 0.]
[0. 0. 0.]
14, -1.32916,  0.69613,  2.94389, -1.33544,  0.00000,  3918.41018
delay:
[0. 0. 0.]
[0. 0. 0.]
[0. 0. 0.]
15, -1.30275,  0.70032,  2.93719, -1.31857,  0.00000,  4343.15613
delay:
[0. 0. 0.]
[0. 0. 0.]
[0. 0. 0.]
16, -1.28796,  0.70387,  2.93464, -1.29817,  0.00000,  4369.03980
delay:
[0. 0. 0.]
[0. 0. 0.]
[0. 0. 0.]
17, -1.26651,  0.70387,  2.92892, -1.27837,  0.00000,  4141.98988
delay:
[0. 0. 0.]
[0. 0. 0.]
[0. 0. 0.]
18, -1.24876,  0.70839,  2.92694, -1.26209,  0.00000,  3879.85312
delay:
[0. 0. 0.]
[0. 0. 0.]
[0. 0. 0.]
19, -1.23038,  0.70871,  2.92212, -1.24591,  0.00000,  4425.01718
delay:
[0. 0. 0.]
[0. 0. 0.]
[0. 0. 0.]
20, -1.22637,  0.70581,  2.91933, -1.23027,  0.00000,  3920.33352
delay:
[0. 0. 0.]
[0. 0. 0.]
[0. 0. 0.]
21, -1.20885,  0.70903,  2.91446, -1.21909,  0.00000,  4273.29249
delay:
[0. 0. 0.]
[0. 0. 0.]
[0. 0. 0.]
22, -1.20446,  0.71032,  2.91386, -1.21098,  0.00000,  3885.16044
delay:
[0. 0. 0.]
[0. 0. 0.]
[0. 0. 0.]
23, -1.19731,  0.70935,  2.91005, -1.20324,  0.00000,  3860.44087
delay:
[0. 0. 0.]
[0. 0. 0.]
[0. 0. 0.]
24, -1.19068,  0.70968,  2.90867, -1.19838,  0.00000,  4050.11223
delay:
[0. 0. 0.]
[0. 0. 0.]
[0. 0. 0.]
25, -1.18534,  0.71097,  2.90886, -1.19141,  0.00000,  4298.83234
delay:
[0. 0. 0.]
[0. 0. 0.]
[0. 0. 0.]
26, -1.21209,  0.70774,  2.90742, -1.22644,  12734.82718,  4092.50709
delay:
[5.670e-01 2.519e+00 1.000e-03 1.840e-01 1.882e+00 7.040e-01 1.050e-01
 5.300e-02 1.817e+00]
27, -1.23505,  0.70516,  2.90969, -1.19989,  11817.58843,  3563.25153
delay:
[5.500e-02 2.216e+00 2.120e-01 4.170e-01 2.670e+00 2.000e-03 2.500e-02
 8.000e-01 7.880e-01]
28, -1.23748,  0.70161,  2.90896, -1.18639,  11195.96317,  3595.90283
delay:
[0.256 2.497 0.06  0.168 3.374 0.389 0.195 1.046 0.637]
29, -1.22908,  0.70323,  2.90783, -1.17702,  10587.09283,  3403.58670
delay:
[0.19  2.916 0.318 0.052 3.23  0.292 0.082 1.351 0.954]
30, -1.24887,  0.70129,  2.90801, -1.16908,  10253.71025,  3539.48427
delay:
[0.041 2.401 0.142 0.407 3.115 0.125 0.074 1.141 0.573]
31, -1.24674,  0.69839,  2.90845, -1.16121,  11235.86452,  3618.49976
delay:
[0.093 2.639 0.24  0.173 3.854 0.217 0.372 0.848 0.521]
32, -1.24015,  0.69903,  2.90703, -1.15332,  10469.75569,  3213.56833
delay:
[0.057 2.507 0.248 0.137 2.703 0.008 0.009 1.018 0.375]
33, -1.25059,  0.70129,  2.90791, -1.15243,  10770.53247,  3823.34703
delay:
[0.12  2.392 0.125 0.308 3.174 0.259 0.153 1.172 0.206]
34, -1.25113,  0.70065,  2.90729, -1.14606,  11398.92382,  3546.19738
delay:
[0.212 2.511 0.069 0.018 3.295 0.109 0.106 1.287 0.777]
35, -1.25304,  0.70032,  2.90862, -1.14255,  11189.00609,  3599.50614
delay:
[0.232 2.271 0.216 0.197 3.108 0.346 0.182 0.869 0.398]
36, -1.25785,  0.69839,  2.90788, -1.13767,  10616.59661,  3625.68095
delay:
[0.012 2.608 0.06  0.077 3.604 0.142 0.118 0.841 0.673]
37, -1.27986,  0.69645,  2.90869, -1.13458,  11131.76551,  3637.79034
delay:
[0.407 2.302 0.2   0.046 3.298 0.03  0.139 0.704 0.376]
38, -1.26119,  0.69935,  2.90732, -1.13711,  8857.04637,  3636.74567
delay:
[0.102 2.678 0.016 0.005 3.215 0.038 0.151 1.044 0.527]
39, -1.25689,  0.69903,  2.90773, -1.12686,  10585.49853,  3262.40816
delay:
[0.017 2.232 0.008 0.133 2.842 0.013 0.023 1.121 0.444]
40, -1.26422,  0.69677,  2.90790, -1.12408,  9796.01427,  3210.96989
delay:
[0.07  1.622 0.342 0.009 2.827 0.028 0.07  0.866 0.486]
41, -1.26353,  0.69839,  2.90649, -1.12123,  9997.75057,  3296.06786
delay:
[0.17  2.045 0.122 0.072 2.519 0.161 0.067 1.173 0.869]
42, -1.26614,  0.69774,  2.90706, -1.11855,  10991.52636,  3264.00776
delay:
[0.072 2.301 0.1   0.014 3.    0.36  0.16  1.147 0.965]
43, -1.26503,  0.69871,  2.90574, -1.11594,  10810.44662,  3144.60485
delay:
[0.047 2.529 0.088 0.104 3.075 0.016 0.054 1.049 0.518]
44, -1.26718,  0.69839,  2.90642, -1.11756,  10639.54226,  3391.01942
delay:
[0.227 1.989 0.011 0.23  2.492 0.274 0.027 0.991 0.631]
45, -1.27238,  0.69677,  2.90722, -1.11294,  11102.18758,  3411.83785
delay:
[0.111 2.668 0.062 0.158 3.479 0.273 0.196 0.845 0.628]
46, -1.27386,  0.69645,  2.90693, -1.10940,  10336.37492,  3320.45480
delay:
[0.006 2.44  0.202 0.1   3.039 0.033 0.137 0.849 0.604]
47, -1.27219,  0.69806,  2.90695, -1.11029,  10446.73228,  3343.56617
delay:
[0.212 2.349 0.136 0.056 2.929 0.062 0.107 1.209 0.678]
48, -1.27731,  0.69613,  2.90796, -1.10728,  10622.47141,  3208.04996
delay:
[0.023 2.072 0.057 0.157 2.292 0.295 0.097 0.875 0.501]
49, -1.27387,  0.69774,  2.90661, -1.10727,  11122.52247,  3190.40297
delay:
[0.114 2.391 0.072 0.074 3.151 0.01  0.047 0.853 0.656]
50, -1.25319,  0.69968,  2.90817, -1.11231,  1629.31512,  3194.79494
delay:
[1.000e-03 2.609e+00 8.200e-02 1.320e-01 3.118e+00 6.500e-02 1.930e-01
 2.101e+00 1.349e+00]
51, -1.15146,  0.71097,  2.90031, -1.18142,  0.00000,  5448.31356
delay:
[0. 0. 0.]
[0. 0. 0.]
[0. 0. 0.]
52, -1.14139,  0.71290,  2.89839, -1.14994,  0.00000,  4193.68725
delay:
[0. 0. 0.]
[0. 0. 0.]
[0. 0. 0.]
53, -1.13657,  0.71290,  2.89714, -1.14310,  0.00000,  3622.79923
delay:
[0. 0. 0.]
[0. 0. 0.]
[0. 0. 0.]
54, -1.13341,  0.71290,  2.89632, -1.13797,  0.00000,  3712.69986
delay:
[0. 0. 0.]
[0. 0. 0.]
[0. 0. 0.]
55, -1.13039,  0.71290,  2.89573, -1.13513,  0.00000,  3644.18910
delay:
[0. 0. 0.]
[0. 0. 0.]
[0. 0. 0.]
