Namespace(batch_size=16, d_inner_hid=64, d_k=16, d_model=16, d_rnn=8, d_v=16, data='data/toy/3dim_2000seq_32ev/', device=device(type='cpu'), dropout=0.1, epoch=100, log='data/toy/3dim_2000seq_32ev/100_25_tensor.txt', lr=0.001, lr_delay=0.01, n_head=1, n_layers=1, num_events=32, smooth=0.1)
Epoch, Log-likelihood, Accuracy, RMSE, Gradient_Masker, Gradient_THP
1, -1.77361,  0.67226,  3.21533, -1.78166,  0.00000,  246.80755
delay:
[0. 0. 0.]
[0. 0. 0.]
[0. 0. 0.]
2, -1.71430,  0.68290,  3.04360, -1.71402,  0.00000,  125.45278
delay:
[0. 0. 0.]
[0. 0. 0.]
[0. 0. 0.]
3, -1.67502,  0.69484,  3.01838, -1.66355,  0.00000,  125.59297
delay:
[0. 0. 0.]
[0. 0. 0.]
[0. 0. 0.]
4, -1.65682,  0.69323,  3.00312, -1.64266,  0.00000,  123.68956
delay:
[0. 0. 0.]
[0. 0. 0.]
[0. 0. 0.]
5, -1.63528,  0.68806,  2.99188, -1.62397,  0.00000,  124.73162
delay:
[0. 0. 0.]
[0. 0. 0.]
[0. 0. 0.]
6, -1.62840,  0.68839,  3.00843, -1.60100,  0.00000,  163.45628
delay:
[0. 0. 0.]
[0. 0. 0.]
[0. 0. 0.]
7, -1.56997,  0.68935,  2.97158, -1.57189,  0.00000,  205.76332
delay:
[0. 0. 0.]
[0. 0. 0.]
[0. 0. 0.]
8, -1.54171,  0.69097,  2.96095, -1.53747,  0.00000,  242.02680
delay:
[0. 0. 0.]
[0. 0. 0.]
[0. 0. 0.]
9, -1.49980,  0.69129,  2.94642, -1.50305,  0.00000,  233.46217
delay:
[0. 0. 0.]
[0. 0. 0.]
[0. 0. 0.]
10, -1.47080,  0.68774,  2.94066, -1.46870,  0.00000,  331.74155
delay:
[0. 0. 0.]
[0. 0. 0.]
[0. 0. 0.]
11, -1.45004,  0.69484,  2.93681, -1.44273,  0.00000,  268.40668
delay:
[0. 0. 0.]
[0. 0. 0.]
[0. 0. 0.]
12, -1.43572,  0.69161,  2.93457, -1.42732,  0.00000,  241.10277
delay:
[0. 0. 0.]
[0. 0. 0.]
[0. 0. 0.]
13, -1.42241,  0.70032,  2.93041, -1.41369,  0.00000,  292.73947
delay:
[0. 0. 0.]
[0. 0. 0.]
[0. 0. 0.]
14, -1.40655,  0.69581,  2.93056, -1.40162,  0.00000,  288.09117
delay:
[0. 0. 0.]
[0. 0. 0.]
[0. 0. 0.]
15, -1.39168,  0.69935,  2.92894, -1.38914,  0.00000,  325.54574
delay:
[0. 0. 0.]
[0. 0. 0.]
[0. 0. 0.]
16, -1.38017,  0.69935,  2.92718, -1.37549,  0.00000,  299.24776
delay:
[0. 0. 0.]
[0. 0. 0.]
[0. 0. 0.]
17, -1.37127,  0.70226,  2.92650, -1.36449,  0.00000,  345.15540
delay:
[0. 0. 0.]
[0. 0. 0.]
[0. 0. 0.]
18, -1.35802,  0.70226,  2.92735, -1.35285,  0.00000,  300.20863
delay:
[0. 0. 0.]
[0. 0. 0.]
[0. 0. 0.]
19, -1.34915,  0.70161,  2.92572, -1.34288,  0.00000,  311.38518
delay:
[0. 0. 0.]
[0. 0. 0.]
[0. 0. 0.]
20, -1.33535,  0.70290,  2.92270, -1.33130,  0.00000,  304.50537
delay:
[0. 0. 0.]
[0. 0. 0.]
[0. 0. 0.]
21, -1.33141,  0.70484,  2.92412, -1.32256,  0.00000,  295.40602
delay:
[0. 0. 0.]
[0. 0. 0.]
[0. 0. 0.]
22, -1.32441,  0.70194,  2.92226, -1.31729,  0.00000,  300.68744
delay:
[0. 0. 0.]
[0. 0. 0.]
[0. 0. 0.]
23, -1.32208,  0.70323,  2.92268, -1.31228,  0.00000,  316.83677
delay:
[0. 0. 0.]
[0. 0. 0.]
[0. 0. 0.]
24, -1.31803,  0.70226,  2.92250, -1.30677,  0.00000,  314.16667
delay:
[0. 0. 0.]
[0. 0. 0.]
[0. 0. 0.]
25, -1.31881,  0.70226,  2.92250, -1.30354,  0.00000,  311.90694
delay:
[0. 0. 0.]
[0. 0. 0.]
[0. 0. 0.]
26, -1.31755,  0.70226,  2.92250, -1.79716,  615.52625,  88856.01924
delay:
[78.135 38.275 11.503  3.362  1.578  2.004  2.255  5.482  5.423]
[79.813 39.224 11.33   3.403  1.591  1.802  2.389  5.556  5.495]
[77.801 38.545 11.376  3.19   1.253  2.005  2.22   5.359  5.255]
[77.879 38.125 10.851  3.445  1.365  2.063  2.362  5.438  5.317]
[80.761 39.522 11.217  3.706  1.719  1.954  2.52   6.017  5.833]
[78.36  38.438 11.502  3.393  1.646  1.901  2.259  5.646  5.396]
[77.671 38.61  11.131  3.33   1.346  1.754  2.045  5.54   5.239]
[78.129 38.499 11.192  3.507  1.722  1.807  2.276  5.389  5.386]
27, -1.31770,  0.70226,  2.92250, -1.86677,  96.66934,  285440.64131
delay:
[30.826 31.915 30.633  4.422  2.189  0.453  0.555  4.749  5.194]
[32.764 33.951 32.729  4.902  2.343  0.537  0.578  5.163  5.783]
[30.833 31.887 30.854  4.74   2.362  0.307  0.633  4.912  5.569]
[30.737 31.668 30.891  4.539  2.547  0.203  0.596  4.671  5.342]
[31.84  33.127 31.654  4.805  2.598  0.771  0.634  4.918  5.507]
[31.435 32.202 31.504  4.544  2.119  0.572  0.741  4.979  5.3  ]
[31.228 32.63  31.497  4.531  2.55   0.441  0.562  4.877  5.516]
[31.885 33.162 32.093  4.755  2.461  0.378  0.788  4.977  5.699]
28, -1.31775,  0.70226,  2.92250, -1.71330,  620.81982,  460600.02964
delay:
[9.149 0.021 2.697 0.503 0.552 0.191 2.137 2.022 1.214]
[9.164 0.054 2.682 0.503 0.524 0.196 2.157 2.06  1.174]
[9.222 0.081 2.707 0.508 0.499 0.202 2.159 2.076 1.176]
[9.657 0.08  2.869 0.536 0.482 0.221 2.219 2.151 1.254]
[9.06  0.154 2.689 0.505 0.407 0.212 2.084 2.046 1.146]
[9.723 0.08  2.875 0.539 0.501 0.22  2.249 2.173 1.255]
[8.906 0.101 2.592 0.489 0.495 0.191 2.11  2.026 1.114]
[9.356 0.045 2.732 0.513 0.547 0.198 2.207 2.102 1.199]
29, -1.31824,  0.70226,  2.92250, -1.48220,  133.17097,  587338.98861
delay:
[0.241 0.066 0.084 0.    0.057 0.037 0.039 0.012 0.036]
[0.241 0.066 0.084 0.    0.057 0.037 0.039 0.012 0.036]
[0.241 0.066 0.084 0.    0.057 0.037 0.039 0.012 0.036]
[0.241 0.066 0.084 0.    0.057 0.037 0.039 0.012 0.036]
[0.241 0.066 0.084 0.    0.057 0.037 0.039 0.012 0.036]
[0.241 0.066 0.084 0.    0.057 0.037 0.039 0.012 0.036]
[0.241 0.066 0.084 0.    0.057 0.037 0.039 0.012 0.036]
[0.241 0.066 0.084 0.    0.057 0.037 0.039 0.012 0.036]
30, -1.31800,  0.70226,  2.92250, -1.30317,  0.03301,  592699.23850
delay:
[0.24  0.066 0.084 0.    0.057 0.037 0.039 0.012 0.036]
[0.24  0.066 0.084 0.    0.057 0.037 0.039 0.012 0.036]
[0.24  0.066 0.084 0.    0.057 0.037 0.039 0.012 0.036]
[0.24  0.066 0.084 0.    0.057 0.037 0.039 0.012 0.036]
[0.24  0.066 0.084 0.    0.057 0.037 0.039 0.012 0.036]
[0.24  0.066 0.084 0.    0.057 0.037 0.039 0.012 0.036]
[0.24  0.066 0.084 0.    0.057 0.037 0.039 0.012 0.036]
[0.24  0.066 0.084 0.    0.057 0.037 0.039 0.012 0.036]
31, -1.31817,  0.70226,  2.92250, -1.30343,  0.03445,  581942.88630
delay:
[0.238 0.066 0.084 0.    0.057 0.037 0.039 0.012 0.036]
[0.238 0.066 0.084 0.    0.057 0.037 0.039 0.012 0.036]
[0.238 0.066 0.084 0.    0.057 0.037 0.039 0.012 0.036]
[0.238 0.066 0.084 0.    0.057 0.037 0.039 0.012 0.036]
[0.238 0.066 0.084 0.    0.057 0.037 0.039 0.012 0.036]
[0.238 0.066 0.084 0.    0.057 0.037 0.039 0.012 0.036]
[0.238 0.066 0.084 0.    0.057 0.037 0.039 0.012 0.036]
[0.238 0.066 0.084 0.    0.057 0.037 0.039 0.012 0.036]
32, -1.31795,  0.70226,  2.92250, -1.30324,  0.03570,  571177.63594
delay:
[0.236 0.066 0.085 0.    0.057 0.037 0.039 0.012 0.036]
[0.236 0.066 0.085 0.    0.057 0.037 0.039 0.012 0.036]
[0.236 0.066 0.085 0.    0.057 0.037 0.039 0.012 0.036]
[0.236 0.066 0.085 0.    0.057 0.037 0.039 0.012 0.036]
[0.236 0.066 0.085 0.    0.057 0.037 0.039 0.012 0.036]
[0.236 0.066 0.085 0.    0.057 0.037 0.039 0.012 0.036]
[0.236 0.066 0.085 0.    0.057 0.037 0.039 0.012 0.036]
[0.236 0.066 0.085 0.    0.057 0.037 0.039 0.012 0.036]
33, -1.31848,  0.70226,  2.92250, -1.30299,  0.03462,  562352.84113
delay:
[0.234 0.066 0.085 0.    0.057 0.037 0.039 0.012 0.036]
[0.234 0.066 0.085 0.    0.057 0.037 0.039 0.012 0.036]
[0.234 0.066 0.085 0.    0.057 0.037 0.039 0.012 0.036]
[0.234 0.066 0.085 0.    0.057 0.037 0.039 0.012 0.036]
[0.234 0.066 0.085 0.    0.057 0.037 0.039 0.012 0.036]
[0.234 0.066 0.085 0.    0.057 0.037 0.039 0.012 0.036]
[0.234 0.066 0.085 0.    0.057 0.037 0.039 0.012 0.036]
[0.234 0.066 0.085 0.    0.057 0.037 0.039 0.012 0.036]
34, -1.31770,  0.70226,  2.92250, -1.30457,  0.03293,  553222.15617
delay:
[0.232 0.066 0.085 0.    0.057 0.037 0.039 0.012 0.036]
[0.232 0.066 0.085 0.    0.057 0.037 0.039 0.012 0.036]
[0.232 0.066 0.085 0.    0.057 0.037 0.039 0.012 0.036]
[0.232 0.066 0.085 0.    0.057 0.037 0.039 0.012 0.036]
[0.232 0.066 0.085 0.    0.057 0.037 0.039 0.012 0.036]
[0.232 0.066 0.085 0.    0.057 0.037 0.039 0.012 0.036]
[0.232 0.066 0.085 0.    0.057 0.037 0.039 0.012 0.036]
[0.232 0.066 0.085 0.    0.057 0.037 0.039 0.012 0.036]
35, -1.31823,  0.70226,  2.92250, -1.30231,  0.03275,  545564.84766
delay:
[0.23  0.066 0.085 0.    0.057 0.037 0.039 0.012 0.036]
[0.23  0.066 0.085 0.    0.057 0.037 0.039 0.012 0.036]
[0.23  0.066 0.085 0.    0.057 0.037 0.039 0.012 0.036]
[0.23  0.066 0.085 0.    0.057 0.037 0.039 0.012 0.036]
[0.23  0.066 0.085 0.    0.057 0.037 0.039 0.012 0.036]
[0.23  0.066 0.085 0.    0.057 0.037 0.039 0.012 0.036]
[0.23  0.066 0.085 0.    0.057 0.037 0.039 0.012 0.036]
[0.23  0.066 0.085 0.    0.057 0.037 0.039 0.012 0.036]
36, -1.31814,  0.70226,  2.92250, -1.30306,  0.03120,  537828.24587
delay:
[0.229 0.066 0.086 0.    0.057 0.037 0.039 0.012 0.036]
[0.229 0.066 0.086 0.    0.057 0.037 0.039 0.012 0.036]
[0.229 0.066 0.086 0.    0.057 0.037 0.039 0.012 0.036]
[0.229 0.066 0.086 0.    0.057 0.037 0.039 0.012 0.036]
[0.229 0.066 0.086 0.    0.057 0.037 0.039 0.012 0.036]
[0.229 0.066 0.086 0.    0.057 0.037 0.039 0.012 0.036]
[0.229 0.066 0.086 0.    0.057 0.037 0.039 0.012 0.036]
[0.229 0.066 0.086 0.    0.057 0.037 0.039 0.012 0.036]
37, -1.31837,  0.70226,  2.92250, -1.30261,  0.02702,  530133.22531
delay:
[0.227 0.066 0.086 0.    0.057 0.037 0.039 0.012 0.036]
[0.227 0.066 0.086 0.    0.057 0.037 0.039 0.012 0.036]
[0.227 0.066 0.086 0.    0.057 0.037 0.039 0.012 0.036]
[0.227 0.066 0.086 0.    0.057 0.037 0.039 0.012 0.036]
[0.227 0.066 0.086 0.    0.057 0.037 0.039 0.012 0.036]
[0.227 0.066 0.086 0.    0.057 0.037 0.039 0.012 0.036]
[0.227 0.066 0.086 0.    0.057 0.037 0.039 0.012 0.036]
[0.227 0.066 0.086 0.    0.057 0.037 0.039 0.012 0.036]
38, -1.31812,  0.70226,  2.92250, -1.30262,  0.02723,  522865.74716
delay:
[0.226 0.066 0.086 0.    0.057 0.037 0.039 0.012 0.036]
[0.226 0.066 0.086 0.    0.057 0.037 0.039 0.012 0.036]
[0.226 0.066 0.086 0.    0.057 0.037 0.039 0.012 0.036]
[0.226 0.066 0.086 0.    0.057 0.037 0.039 0.012 0.036]
[0.226 0.066 0.086 0.    0.057 0.037 0.039 0.012 0.036]
[0.226 0.066 0.086 0.    0.057 0.037 0.039 0.012 0.036]
[0.226 0.066 0.086 0.    0.057 0.037 0.039 0.012 0.036]
[0.226 0.066 0.086 0.    0.057 0.037 0.039 0.012 0.036]
39, -1.31806,  0.70226,  2.92250, -1.30297,  0.02932,  516919.90756
delay:
[0.224 0.066 0.086 0.    0.057 0.037 0.039 0.012 0.036]
[0.224 0.066 0.086 0.    0.057 0.037 0.039 0.012 0.036]
[0.224 0.066 0.086 0.    0.057 0.037 0.039 0.012 0.036]
[0.224 0.066 0.086 0.    0.057 0.037 0.039 0.012 0.036]
[0.224 0.066 0.086 0.    0.057 0.037 0.039 0.012 0.036]
[0.224 0.066 0.086 0.    0.057 0.037 0.039 0.012 0.036]
[0.224 0.066 0.086 0.    0.057 0.037 0.039 0.012 0.036]
[0.224 0.066 0.086 0.    0.057 0.037 0.039 0.012 0.036]
40, -1.31793,  0.70226,  2.92250, -1.30419,  0.02903,  511769.43884
delay:
[0.223 0.066 0.086 0.    0.057 0.037 0.039 0.012 0.036]
[0.223 0.066 0.086 0.    0.057 0.037 0.039 0.012 0.036]
[0.223 0.066 0.086 0.    0.057 0.037 0.039 0.012 0.036]
[0.223 0.066 0.086 0.    0.057 0.037 0.039 0.012 0.036]
[0.223 0.066 0.086 0.    0.057 0.037 0.039 0.012 0.036]
[0.223 0.066 0.086 0.    0.057 0.037 0.039 0.012 0.036]
[0.223 0.066 0.086 0.    0.057 0.037 0.039 0.012 0.036]
[0.223 0.066 0.086 0.    0.057 0.037 0.039 0.012 0.036]
41, -1.31792,  0.70226,  2.92250, -1.30462,  0.02797,  506666.13901
delay:
[0.221 0.066 0.087 0.    0.057 0.037 0.039 0.012 0.036]
[0.221 0.066 0.087 0.    0.057 0.037 0.039 0.012 0.036]
[0.221 0.066 0.087 0.    0.057 0.037 0.039 0.012 0.036]
[0.221 0.066 0.087 0.    0.057 0.037 0.039 0.012 0.036]
[0.221 0.066 0.087 0.    0.057 0.037 0.039 0.012 0.036]
[0.221 0.066 0.087 0.    0.057 0.037 0.039 0.012 0.036]
[0.221 0.066 0.087 0.    0.057 0.037 0.039 0.012 0.036]
[0.221 0.066 0.087 0.    0.057 0.037 0.039 0.012 0.036]
42, -1.31853,  0.70226,  2.92250, -1.30373,  0.02801,  502717.59459
delay:
[0.219 0.066 0.087 0.    0.057 0.037 0.039 0.012 0.036]
[0.219 0.066 0.087 0.    0.057 0.037 0.039 0.012 0.036]
[0.219 0.066 0.087 0.    0.057 0.037 0.039 0.012 0.036]
[0.219 0.066 0.087 0.    0.057 0.037 0.039 0.012 0.036]
[0.219 0.066 0.087 0.    0.057 0.037 0.039 0.012 0.036]
[0.219 0.066 0.087 0.    0.057 0.037 0.039 0.012 0.036]
[0.219 0.066 0.087 0.    0.057 0.037 0.039 0.012 0.036]
[0.219 0.066 0.087 0.    0.057 0.037 0.039 0.012 0.036]
43, -1.31769,  0.70226,  2.92250, -1.30395,  0.02773,  499114.75508
delay:
[0.217 0.066 0.087 0.    0.057 0.037 0.039 0.012 0.036]
[0.217 0.066 0.087 0.    0.057 0.037 0.039 0.012 0.036]
[0.217 0.066 0.087 0.    0.057 0.037 0.039 0.012 0.036]
[0.217 0.066 0.087 0.    0.057 0.037 0.039 0.012 0.036]
[0.217 0.066 0.087 0.    0.057 0.037 0.039 0.012 0.036]
[0.217 0.066 0.087 0.    0.057 0.037 0.039 0.012 0.036]
[0.217 0.066 0.087 0.    0.057 0.037 0.039 0.012 0.036]
[0.217 0.066 0.087 0.    0.057 0.037 0.039 0.012 0.036]
44, -1.31800,  0.70226,  2.92250, -1.30302,  0.02605,  496016.80018
delay:
[0.215 0.066 0.088 0.    0.057 0.037 0.039 0.012 0.036]
[0.215 0.066 0.088 0.    0.057 0.037 0.039 0.012 0.036]
[0.215 0.066 0.088 0.    0.057 0.037 0.039 0.012 0.036]
[0.215 0.066 0.088 0.    0.057 0.037 0.039 0.012 0.036]
[0.215 0.066 0.088 0.    0.057 0.037 0.039 0.012 0.036]
[0.215 0.066 0.088 0.    0.057 0.037 0.039 0.012 0.036]
[0.215 0.066 0.088 0.    0.057 0.037 0.039 0.012 0.036]
[0.215 0.066 0.088 0.    0.057 0.037 0.039 0.012 0.036]
45, -1.31830,  0.70226,  2.92250, -1.30295,  0.02483,  494376.25376
delay:
[0.214 0.066 0.088 0.    0.057 0.037 0.039 0.012 0.036]
[0.214 0.066 0.088 0.    0.057 0.037 0.039 0.012 0.036]
[0.214 0.066 0.088 0.    0.057 0.037 0.039 0.012 0.036]
[0.214 0.066 0.088 0.    0.057 0.037 0.039 0.012 0.036]
[0.214 0.066 0.088 0.    0.057 0.037 0.039 0.012 0.036]
[0.214 0.066 0.088 0.    0.057 0.037 0.039 0.012 0.036]
[0.214 0.066 0.088 0.    0.057 0.037 0.039 0.012 0.036]
[0.214 0.066 0.088 0.    0.057 0.037 0.039 0.012 0.036]
46, -1.31785,  0.70226,  2.92250, -1.30390,  0.02380,  492676.83773
delay:
[0.213 0.066 0.088 0.    0.057 0.037 0.039 0.012 0.036]
[0.213 0.066 0.088 0.    0.057 0.037 0.039 0.012 0.036]
[0.213 0.066 0.088 0.    0.057 0.037 0.039 0.012 0.036]
[0.213 0.066 0.088 0.    0.057 0.037 0.039 0.012 0.036]
[0.213 0.066 0.088 0.    0.057 0.037 0.039 0.012 0.036]
[0.213 0.066 0.088 0.    0.057 0.037 0.039 0.012 0.036]
[0.213 0.066 0.088 0.    0.057 0.037 0.039 0.012 0.036]
[0.213 0.066 0.088 0.    0.057 0.037 0.039 0.012 0.036]
47, -1.31796,  0.70226,  2.92250, -1.30350,  0.02604,  492218.86739
delay:
[0.212 0.066 0.088 0.    0.057 0.037 0.039 0.012 0.036]
[0.212 0.066 0.088 0.    0.057 0.037 0.039 0.012 0.036]
[0.212 0.066 0.088 0.    0.057 0.037 0.039 0.012 0.036]
[0.212 0.066 0.088 0.    0.057 0.037 0.039 0.012 0.036]
[0.212 0.066 0.088 0.    0.057 0.037 0.039 0.012 0.036]
[0.212 0.066 0.088 0.    0.057 0.037 0.039 0.012 0.036]
[0.212 0.066 0.088 0.    0.057 0.037 0.039 0.012 0.036]
[0.212 0.066 0.088 0.    0.057 0.037 0.039 0.012 0.036]
48, -1.31832,  0.70226,  2.92250, -1.30345,  0.02553,  492558.86207
delay:
[0.211 0.066 0.088 0.    0.057 0.037 0.039 0.012 0.036]
[0.211 0.066 0.088 0.    0.057 0.037 0.039 0.012 0.036]
[0.211 0.066 0.088 0.    0.057 0.037 0.039 0.012 0.036]
[0.211 0.066 0.088 0.    0.057 0.037 0.039 0.012 0.036]
[0.211 0.066 0.088 0.    0.057 0.037 0.039 0.012 0.036]
[0.211 0.066 0.088 0.    0.057 0.037 0.039 0.012 0.036]
[0.211 0.066 0.088 0.    0.057 0.037 0.039 0.012 0.036]
[0.211 0.066 0.088 0.    0.057 0.037 0.039 0.012 0.036]
49, -1.31806,  0.70226,  2.92250, -1.30317,  0.02493,  493663.48464
delay:
[0.209 0.066 0.089 0.    0.057 0.037 0.039 0.012 0.036]
[0.209 0.066 0.089 0.    0.057 0.037 0.039 0.012 0.036]
[0.209 0.066 0.089 0.    0.057 0.037 0.039 0.012 0.036]
[0.209 0.066 0.089 0.    0.057 0.037 0.039 0.012 0.036]
[0.209 0.066 0.089 0.    0.057 0.037 0.039 0.012 0.036]
[0.209 0.066 0.089 0.    0.057 0.037 0.039 0.012 0.036]
[0.209 0.066 0.089 0.    0.057 0.037 0.039 0.012 0.036]
[0.209 0.066 0.089 0.    0.057 0.037 0.039 0.012 0.036]
50, -1.31850,  0.70226,  2.92250, -1.31388,  8.49187,  495401.80548
delay:
[0.001 0.001 0.337 0.    0.057 0.037 0.039 0.012 0.036]
[0.001 0.001 0.337 0.    0.057 0.037 0.039 0.012 0.036]
[0.001 0.001 0.337 0.    0.057 0.037 0.039 0.012 0.036]
[0.001 0.001 0.337 0.    0.057 0.037 0.039 0.012 0.036]
[0.001 0.001 0.337 0.    0.057 0.037 0.039 0.012 0.036]
[0.001 0.001 0.337 0.    0.057 0.037 0.039 0.012 0.036]
[0.001 0.001 0.337 0.    0.057 0.037 0.039 0.012 0.036]
[0.001 0.001 0.337 0.    0.057 0.037 0.039 0.012 0.036]
51, -1.31378,  0.70387,  2.92138, -1.30174,  4.82224,  333.28914
delay:
[0. 0. 0.]
[0. 0. 0.]
[0. 0. 0.]
52, -1.30703,  0.70419,  2.92210, -1.29575,  4.82224,  309.38871
delay:
[0. 0. 0.]
[0. 0. 0.]
[0. 0. 0.]
53, -1.30399,  0.70387,  2.92178, -1.29101,  4.82224,  340.10211
delay:
[0. 0. 0.]
[0. 0. 0.]
[0. 0. 0.]
54, -1.29663,  0.70226,  2.92013, -1.28522,  4.82224,  301.33596
delay:
[0. 0. 0.]
[0. 0. 0.]
[0. 0. 0.]
55, -1.29143,  0.70419,  2.92155, -1.28184,  4.82224,  311.45832
delay:
[0. 0. 0.]
[0. 0. 0.]
[0. 0. 0.]
56, -1.28993,  0.70484,  2.92036, -1.27464,  4.82224,  297.42086
delay:
[0. 0. 0.]
[0. 0. 0.]
[0. 0. 0.]
57, -1.28391,  0.70226,  2.92153, -1.27202,  4.82224,  318.33308
delay:
[0. 0. 0.]
[0. 0. 0.]
[0. 0. 0.]
58, -1.27984,  0.70323,  2.92091, -1.26871,  4.82224,  313.07026
delay:
[0. 0. 0.]
[0. 0. 0.]
[0. 0. 0.]
59, -1.27778,  0.70516,  2.92141, -1.26604,  4.82224,  309.70504
delay:
[0. 0. 0.]
[0. 0. 0.]
[0. 0. 0.]
60, -1.27644,  0.70194,  2.92144, -1.26238,  4.82224,  301.59242
delay:
[0. 0. 0.]
[0. 0. 0.]
[0. 0. 0.]
61, -1.27216,  0.70548,  2.92139, -1.26107,  4.82224,  318.84142
delay:
[0. 0. 0.]
[0. 0. 0.]
[0. 0. 0.]
62, -1.27051,  0.70613,  2.92122, -1.25793,  4.82224,  305.88223
delay:
[0. 0. 0.]
[0. 0. 0.]
[0. 0. 0.]
63, -1.26862,  0.70323,  2.92075, -1.25408,  4.82224,  320.84506
delay:
[0. 0. 0.]
[0. 0. 0.]
[0. 0. 0.]
64, -1.26473,  0.70258,  2.92148, -1.25255,  4.82224,  336.45733
delay:
[0. 0. 0.]
[0. 0. 0.]
[0. 0. 0.]
65, -1.26246,  0.70581,  2.92130, -1.24988,  4.82224,  319.42843
delay:
[0. 0. 0.]
[0. 0. 0.]
[0. 0. 0.]
66, -1.26151,  0.70516,  2.92114, -1.24659,  4.82224,  311.50979
delay:
[0. 0. 0.]
[0. 0. 0.]
[0. 0. 0.]
67, -1.25844,  0.70484,  2.92090, -1.24522,  4.82224,  299.18965
delay:
[0. 0. 0.]
[0. 0. 0.]
[0. 0. 0.]
68, -1.25794,  0.70452,  2.92134, -1.24369,  4.82224,  278.89052
delay:
[0. 0. 0.]
[0. 0. 0.]
[0. 0. 0.]
69, -1.25728,  0.70484,  2.92138, -1.24338,  4.82224,  314.50077
delay:
[0. 0. 0.]
[0. 0. 0.]
[0. 0. 0.]
70, -1.25546,  0.70581,  2.92105, -1.24223,  4.82224,  304.44133
delay:
[0. 0. 0.]
[0. 0. 0.]
[0. 0. 0.]
71, -1.25289,  0.70452,  2.92132, -1.24090,  4.82224,  307.36332
delay:
[0. 0. 0.]
[0. 0. 0.]
[0. 0. 0.]
72, -1.25569,  0.70581,  2.92117, -1.24063,  4.82224,  309.51198
delay:
[0. 0. 0.]
[0. 0. 0.]
[0. 0. 0.]
73, -1.25481,  0.70710,  2.92078, -1.23864,  4.82224,  322.20842
delay:
[0. 0. 0.]
[0. 0. 0.]
[0. 0. 0.]
74, -1.25155,  0.70387,  2.92114, -1.23787,  4.82224,  309.58394
delay:
[0. 0. 0.]
[0. 0. 0.]
[0. 0. 0.]
75, -1.25200,  0.70387,  2.92114, -1.23694,  4.82224,  299.52608
delay:
[0. 0. 0.]
[0. 0. 0.]
[0. 0. 0.]
76, -1.25159,  0.70387,  2.92114, -1.23668,  0.14624,  5645.40611
delay:
[0.294 0.073 0.581 0.    0.057 0.037 0.039 0.012 0.036]
[0.294 0.073 0.581 0.    0.057 0.037 0.039 0.012 0.036]
[0.294 0.073 0.581 0.    0.057 0.037 0.039 0.012 0.036]
[0.294 0.073 0.581 0.    0.057 0.037 0.039 0.012 0.036]
[0.294 0.073 0.581 0.    0.057 0.037 0.039 0.012 0.036]
[0.294 0.073 0.581 0.    0.057 0.037 0.039 0.012 0.036]
[0.294 0.073 0.581 0.    0.057 0.037 0.039 0.012 0.036]
[0.294 0.073 0.581 0.    0.057 0.037 0.039 0.012 0.036]
77, -1.25163,  0.70387,  2.92114, -1.23761,  0.09679,  15907.19439
delay:
[0.288 0.073 0.534 0.    0.057 0.037 0.039 0.012 0.036]
[0.288 0.073 0.534 0.    0.057 0.037 0.039 0.012 0.036]
[0.288 0.073 0.534 0.    0.057 0.037 0.039 0.012 0.036]
[0.288 0.073 0.534 0.    0.057 0.037 0.039 0.012 0.036]
[0.288 0.073 0.534 0.    0.057 0.037 0.039 0.012 0.036]
[0.288 0.073 0.534 0.    0.057 0.037 0.039 0.012 0.036]
[0.288 0.073 0.534 0.    0.057 0.037 0.039 0.012 0.036]
[0.288 0.073 0.534 0.    0.057 0.037 0.039 0.012 0.036]
78, -1.25214,  0.70387,  2.92114, -1.23553,  0.08414,  25304.85872
delay:
[0.283 0.073 0.493 0.    0.057 0.037 0.039 0.012 0.036]
[0.283 0.073 0.493 0.    0.057 0.037 0.039 0.012 0.036]
[0.283 0.073 0.493 0.    0.057 0.037 0.039 0.012 0.036]
[0.283 0.073 0.493 0.    0.057 0.037 0.039 0.012 0.036]
[0.283 0.073 0.493 0.    0.057 0.037 0.039 0.012 0.036]
[0.283 0.073 0.493 0.    0.057 0.037 0.039 0.012 0.036]
[0.283 0.073 0.493 0.    0.057 0.037 0.039 0.012 0.036]
[0.283 0.073 0.493 0.    0.057 0.037 0.039 0.012 0.036]
79, -1.25165,  0.70387,  2.92114, -1.23699,  0.08421,  34970.44147
delay:
[0.28  0.073 0.48  0.    0.057 0.037 0.039 0.012 0.036]
[0.28  0.073 0.48  0.    0.057 0.037 0.039 0.012 0.036]
[0.28  0.073 0.48  0.    0.057 0.037 0.039 0.012 0.036]
[0.28  0.073 0.48  0.    0.057 0.037 0.039 0.012 0.036]
[0.28  0.073 0.48  0.    0.057 0.037 0.039 0.012 0.036]
[0.28  0.073 0.48  0.    0.057 0.037 0.039 0.012 0.036]
[0.28  0.073 0.48  0.    0.057 0.037 0.039 0.012 0.036]
[0.28  0.073 0.48  0.    0.057 0.037 0.039 0.012 0.036]
80, -1.25098,  0.70387,  2.92114, -1.23677,  0.07684,  44804.86829
delay:
[0.277 0.073 0.467 0.    0.057 0.037 0.039 0.012 0.036]
[0.277 0.073 0.467 0.    0.057 0.037 0.039 0.012 0.036]
[0.277 0.073 0.467 0.    0.057 0.037 0.039 0.012 0.036]
[0.277 0.073 0.467 0.    0.057 0.037 0.039 0.012 0.036]
[0.277 0.073 0.467 0.    0.057 0.037 0.039 0.012 0.036]
[0.277 0.073 0.467 0.    0.057 0.037 0.039 0.012 0.036]
[0.277 0.073 0.467 0.    0.057 0.037 0.039 0.012 0.036]
[0.277 0.073 0.467 0.    0.057 0.037 0.039 0.012 0.036]
81, -1.25167,  0.70387,  2.92114, -1.23721,  0.07342,  54286.72239
delay:
[0.274 0.073 0.456 0.    0.057 0.037 0.039 0.012 0.036]
[0.274 0.073 0.456 0.    0.057 0.037 0.039 0.012 0.036]
[0.274 0.073 0.456 0.    0.057 0.037 0.039 0.012 0.036]
[0.274 0.073 0.456 0.    0.057 0.037 0.039 0.012 0.036]
[0.274 0.073 0.456 0.    0.057 0.037 0.039 0.012 0.036]
[0.274 0.073 0.456 0.    0.057 0.037 0.039 0.012 0.036]
[0.274 0.073 0.456 0.    0.057 0.037 0.039 0.012 0.036]
[0.274 0.073 0.456 0.    0.057 0.037 0.039 0.012 0.036]
82, -1.25160,  0.70387,  2.92114, -1.23705,  0.07382,  62353.21522
delay:
[0.271 0.073 0.443 0.    0.057 0.037 0.039 0.012 0.036]
[0.271 0.073 0.443 0.    0.057 0.037 0.039 0.012 0.036]
[0.271 0.073 0.443 0.    0.057 0.037 0.039 0.012 0.036]
[0.271 0.073 0.443 0.    0.057 0.037 0.039 0.012 0.036]
[0.271 0.073 0.443 0.    0.057 0.037 0.039 0.012 0.036]
[0.271 0.073 0.443 0.    0.057 0.037 0.039 0.012 0.036]
[0.271 0.073 0.443 0.    0.057 0.037 0.039 0.012 0.036]
[0.271 0.073 0.443 0.    0.057 0.037 0.039 0.012 0.036]
83, -1.25147,  0.70387,  2.92114, -1.23675,  0.07047,  72560.50211
delay:
[0.268 0.073 0.431 0.    0.057 0.037 0.039 0.012 0.036]
[0.268 0.073 0.431 0.    0.057 0.037 0.039 0.012 0.036]
[0.268 0.073 0.431 0.    0.057 0.037 0.039 0.012 0.036]
[0.268 0.073 0.431 0.    0.057 0.037 0.039 0.012 0.036]
[0.268 0.073 0.431 0.    0.057 0.037 0.039 0.012 0.036]
[0.268 0.073 0.431 0.    0.057 0.037 0.039 0.012 0.036]
[0.268 0.073 0.431 0.    0.057 0.037 0.039 0.012 0.036]
[0.268 0.073 0.431 0.    0.057 0.037 0.039 0.012 0.036]
84, -1.25109,  0.70387,  2.92114, -1.23713,  0.06629,  82394.90039
delay:
[0.265 0.073 0.422 0.    0.057 0.037 0.039 0.012 0.036]
[0.265 0.073 0.422 0.    0.057 0.037 0.039 0.012 0.036]
[0.265 0.073 0.422 0.    0.057 0.037 0.039 0.012 0.036]
[0.265 0.073 0.422 0.    0.057 0.037 0.039 0.012 0.036]
[0.265 0.073 0.422 0.    0.057 0.037 0.039 0.012 0.036]
[0.265 0.073 0.422 0.    0.057 0.037 0.039 0.012 0.036]
[0.265 0.073 0.422 0.    0.057 0.037 0.039 0.012 0.036]
[0.265 0.073 0.422 0.    0.057 0.037 0.039 0.012 0.036]
85, -1.25159,  0.70387,  2.92114, -1.23606,  0.06565,  90823.08567
delay:
[0.262 0.073 0.413 0.    0.057 0.037 0.039 0.012 0.036]
[0.262 0.073 0.413 0.    0.057 0.037 0.039 0.012 0.036]
[0.262 0.073 0.413 0.    0.057 0.037 0.039 0.012 0.036]
[0.262 0.073 0.413 0.    0.057 0.037 0.039 0.012 0.036]
[0.262 0.073 0.413 0.    0.057 0.037 0.039 0.012 0.036]
[0.262 0.073 0.413 0.    0.057 0.037 0.039 0.012 0.036]
[0.262 0.073 0.413 0.    0.057 0.037 0.039 0.012 0.036]
[0.262 0.073 0.413 0.    0.057 0.037 0.039 0.012 0.036]
86, -1.25095,  0.70387,  2.92114, -1.23600,  0.06244,  100416.75166
delay:
[0.258 0.073 0.405 0.    0.057 0.037 0.039 0.012 0.036]
[0.258 0.073 0.405 0.    0.057 0.037 0.039 0.012 0.036]
[0.258 0.073 0.405 0.    0.057 0.037 0.039 0.012 0.036]
[0.258 0.073 0.405 0.    0.057 0.037 0.039 0.012 0.036]
[0.258 0.073 0.405 0.    0.057 0.037 0.039 0.012 0.036]
[0.258 0.073 0.405 0.    0.057 0.037 0.039 0.012 0.036]
[0.258 0.073 0.405 0.    0.057 0.037 0.039 0.012 0.036]
[0.258 0.073 0.405 0.    0.057 0.037 0.039 0.012 0.036]
87, -1.25115,  0.70387,  2.92114, -1.23729,  0.06344,  110039.67313
delay:
[0.255 0.073 0.397 0.    0.057 0.037 0.039 0.012 0.036]
[0.255 0.073 0.397 0.    0.057 0.037 0.039 0.012 0.036]
[0.255 0.073 0.397 0.    0.057 0.037 0.039 0.012 0.036]
[0.255 0.073 0.397 0.    0.057 0.037 0.039 0.012 0.036]
[0.255 0.073 0.397 0.    0.057 0.037 0.039 0.012 0.036]
[0.255 0.073 0.397 0.    0.057 0.037 0.039 0.012 0.036]
[0.255 0.073 0.397 0.    0.057 0.037 0.039 0.012 0.036]
[0.255 0.073 0.397 0.    0.057 0.037 0.039 0.012 0.036]
88, -1.25134,  0.70387,  2.92114, -1.23655,  0.06053,  120952.83868
delay:
[0.251 0.073 0.388 0.    0.057 0.037 0.039 0.012 0.036]
[0.251 0.073 0.388 0.    0.057 0.037 0.039 0.012 0.036]
[0.251 0.073 0.388 0.    0.057 0.037 0.039 0.012 0.036]
[0.251 0.073 0.388 0.    0.057 0.037 0.039 0.012 0.036]
[0.251 0.073 0.388 0.    0.057 0.037 0.039 0.012 0.036]
[0.251 0.073 0.388 0.    0.057 0.037 0.039 0.012 0.036]
[0.251 0.073 0.388 0.    0.057 0.037 0.039 0.012 0.036]
[0.251 0.073 0.388 0.    0.057 0.037 0.039 0.012 0.036]
89, -1.25126,  0.70387,  2.92114, -1.23667,  0.05674,  130945.36423
delay:
[0.249 0.073 0.383 0.    0.057 0.037 0.039 0.012 0.036]
[0.249 0.073 0.383 0.    0.057 0.037 0.039 0.012 0.036]
[0.249 0.073 0.383 0.    0.057 0.037 0.039 0.012 0.036]
[0.249 0.073 0.383 0.    0.057 0.037 0.039 0.012 0.036]
[0.249 0.073 0.383 0.    0.057 0.037 0.039 0.012 0.036]
[0.249 0.073 0.383 0.    0.057 0.037 0.039 0.012 0.036]
[0.249 0.073 0.383 0.    0.057 0.037 0.039 0.012 0.036]
[0.249 0.073 0.383 0.    0.057 0.037 0.039 0.012 0.036]
90, -1.25137,  0.70387,  2.92114, -1.23647,  0.05678,  141503.74174
delay:
[0.247 0.073 0.377 0.    0.057 0.037 0.039 0.012 0.036]
[0.247 0.073 0.377 0.    0.057 0.037 0.039 0.012 0.036]
[0.247 0.073 0.377 0.    0.057 0.037 0.039 0.012 0.036]
[0.247 0.073 0.377 0.    0.057 0.037 0.039 0.012 0.036]
[0.247 0.073 0.377 0.    0.057 0.037 0.039 0.012 0.036]
[0.247 0.073 0.377 0.    0.057 0.037 0.039 0.012 0.036]
[0.247 0.073 0.377 0.    0.057 0.037 0.039 0.012 0.036]
[0.247 0.073 0.377 0.    0.057 0.037 0.039 0.012 0.036]
91, -1.25181,  0.70387,  2.92114, -1.23664,  0.05619,  149101.73639
delay:
[0.245 0.073 0.373 0.    0.057 0.037 0.039 0.012 0.036]
[0.245 0.073 0.373 0.    0.057 0.037 0.039 0.012 0.036]
[0.245 0.073 0.373 0.    0.057 0.037 0.039 0.012 0.036]
[0.245 0.073 0.373 0.    0.057 0.037 0.039 0.012 0.036]
[0.245 0.073 0.373 0.    0.057 0.037 0.039 0.012 0.036]
[0.245 0.073 0.373 0.    0.057 0.037 0.039 0.012 0.036]
[0.245 0.073 0.373 0.    0.057 0.037 0.039 0.012 0.036]
[0.245 0.073 0.373 0.    0.057 0.037 0.039 0.012 0.036]
92, -1.25141,  0.70387,  2.92114, -1.23788,  0.05592,  159305.62962
delay:
[0.243 0.073 0.367 0.    0.057 0.037 0.039 0.012 0.036]
[0.243 0.073 0.367 0.    0.057 0.037 0.039 0.012 0.036]
[0.243 0.073 0.367 0.    0.057 0.037 0.039 0.012 0.036]
[0.243 0.073 0.367 0.    0.057 0.037 0.039 0.012 0.036]
[0.243 0.073 0.367 0.    0.057 0.037 0.039 0.012 0.036]
[0.243 0.073 0.367 0.    0.057 0.037 0.039 0.012 0.036]
[0.243 0.073 0.367 0.    0.057 0.037 0.039 0.012 0.036]
[0.243 0.073 0.367 0.    0.057 0.037 0.039 0.012 0.036]
93, -1.25184,  0.70387,  2.92114, -1.23683,  0.05339,  167684.09553
delay:
[0.241 0.073 0.362 0.    0.057 0.037 0.039 0.012 0.036]
[0.241 0.073 0.362 0.    0.057 0.037 0.039 0.012 0.036]
[0.241 0.073 0.362 0.    0.057 0.037 0.039 0.012 0.036]
[0.241 0.073 0.362 0.    0.057 0.037 0.039 0.012 0.036]
[0.241 0.073 0.362 0.    0.057 0.037 0.039 0.012 0.036]
[0.241 0.073 0.362 0.    0.057 0.037 0.039 0.012 0.036]
[0.241 0.073 0.362 0.    0.057 0.037 0.039 0.012 0.036]
[0.241 0.073 0.362 0.    0.057 0.037 0.039 0.012 0.036]
94, -1.25111,  0.70387,  2.92114, -1.23770,  0.05160,  179779.85668
delay:
[0.239 0.073 0.357 0.    0.057 0.037 0.039 0.012 0.036]
[0.239 0.073 0.357 0.    0.057 0.037 0.039 0.012 0.036]
[0.239 0.073 0.357 0.    0.057 0.037 0.039 0.012 0.036]
[0.239 0.073 0.357 0.    0.057 0.037 0.039 0.012 0.036]
[0.239 0.073 0.357 0.    0.057 0.037 0.039 0.012 0.036]
[0.239 0.073 0.357 0.    0.057 0.037 0.039 0.012 0.036]
[0.239 0.073 0.357 0.    0.057 0.037 0.039 0.012 0.036]
[0.239 0.073 0.357 0.    0.057 0.037 0.039 0.012 0.036]
95, -1.25102,  0.70387,  2.92114, -1.23656,  0.05013,  188310.54909
delay:
[0.237 0.073 0.352 0.    0.057 0.037 0.039 0.012 0.036]
[0.237 0.073 0.352 0.    0.057 0.037 0.039 0.012 0.036]
[0.237 0.073 0.352 0.    0.057 0.037 0.039 0.012 0.036]
[0.237 0.073 0.352 0.    0.057 0.037 0.039 0.012 0.036]
[0.237 0.073 0.352 0.    0.057 0.037 0.039 0.012 0.036]
[0.237 0.073 0.352 0.    0.057 0.037 0.039 0.012 0.036]
[0.237 0.073 0.352 0.    0.057 0.037 0.039 0.012 0.036]
[0.237 0.073 0.352 0.    0.057 0.037 0.039 0.012 0.036]
96, -1.25142,  0.70387,  2.92114, -1.23527,  0.04927,  197755.01424
delay:
[0.234 0.073 0.347 0.    0.057 0.037 0.039 0.012 0.036]
[0.234 0.073 0.347 0.    0.057 0.037 0.039 0.012 0.036]
[0.234 0.073 0.347 0.    0.057 0.037 0.039 0.012 0.036]
[0.234 0.073 0.347 0.    0.057 0.037 0.039 0.012 0.036]
[0.234 0.073 0.347 0.    0.057 0.037 0.039 0.012 0.036]
[0.234 0.073 0.347 0.    0.057 0.037 0.039 0.012 0.036]
[0.234 0.073 0.347 0.    0.057 0.037 0.039 0.012 0.036]
[0.234 0.073 0.347 0.    0.057 0.037 0.039 0.012 0.036]
97, -1.25155,  0.70387,  2.92114, -1.23678,  0.04777,  208162.91831
delay:
[0.232 0.073 0.343 0.    0.057 0.037 0.039 0.012 0.036]
[0.232 0.073 0.343 0.    0.057 0.037 0.039 0.012 0.036]
[0.232 0.073 0.343 0.    0.057 0.037 0.039 0.012 0.036]
[0.232 0.073 0.343 0.    0.057 0.037 0.039 0.012 0.036]
[0.232 0.073 0.343 0.    0.057 0.037 0.039 0.012 0.036]
[0.232 0.073 0.343 0.    0.057 0.037 0.039 0.012 0.036]
[0.232 0.073 0.343 0.    0.057 0.037 0.039 0.012 0.036]
[0.232 0.073 0.343 0.    0.057 0.037 0.039 0.012 0.036]
98, -1.25155,  0.70387,  2.92114, -1.23651,  0.04968,  218222.49831
delay:
[0.229 0.073 0.337 0.    0.057 0.037 0.039 0.012 0.036]
[0.229 0.073 0.337 0.    0.057 0.037 0.039 0.012 0.036]
[0.229 0.073 0.337 0.    0.057 0.037 0.039 0.012 0.036]
[0.229 0.073 0.337 0.    0.057 0.037 0.039 0.012 0.036]
[0.229 0.073 0.337 0.    0.057 0.037 0.039 0.012 0.036]
[0.229 0.073 0.337 0.    0.057 0.037 0.039 0.012 0.036]
[0.229 0.073 0.337 0.    0.057 0.037 0.039 0.012 0.036]
[0.229 0.073 0.337 0.    0.057 0.037 0.039 0.012 0.036]
99, -1.25085,  0.70387,  2.92114, -1.23666,  0.04632,  228701.25809
delay:
[0.228 0.073 0.336 0.    0.057 0.037 0.039 0.012 0.036]
[0.228 0.073 0.336 0.    0.057 0.037 0.039 0.012 0.036]
[0.228 0.073 0.336 0.    0.057 0.037 0.039 0.012 0.036]
[0.228 0.073 0.336 0.    0.057 0.037 0.039 0.012 0.036]
[0.228 0.073 0.336 0.    0.057 0.037 0.039 0.012 0.036]
[0.226 0.071 0.335 0.004 0.063 0.048 0.047 0.008 0.028]
[0.228 0.073 0.336 0.    0.057 0.037 0.039 0.012 0.036]
[0.228 0.073 0.336 0.    0.057 0.037 0.039 0.012 0.036]
100, -1.25114,  0.70387,  2.92114, -1.25065,  9.76779,  259273.84450
delay:
[0.102 0.008 0.31  0.    0.057 0.037 0.039 0.012 0.036]
[0.102 0.008 0.31  0.    0.057 0.037 0.039 0.012 0.036]
[0.102 0.008 0.31  0.    0.057 0.037 0.039 0.012 0.036]
[0.102 0.008 0.31  0.    0.057 0.037 0.039 0.012 0.036]
[0.102 0.008 0.31  0.    0.057 0.037 0.039 0.012 0.036]
[0.102 0.008 0.31  0.    0.057 0.037 0.039 0.012 0.036]
[0.102 0.008 0.31  0.    0.057 0.037 0.039 0.012 0.036]
[0.102 0.008 0.31  0.    0.057 0.037 0.039 0.012 0.036]
