Namespace(batch_size=16, d_inner_hid=64, d_k=16, d_model=16, d_rnn=8, d_v=16, data='data/toy/3dim_2000seq_32ev/', device=device(type='cpu'), dropout=0.1, epoch=100, log='data/toy/3dim_2000seq_32ev/100_25_lr001.txt', lr=0.001, lr_delay=0.01, n_head=1, n_layers=1, num_events=32, smooth=0.1)
Epoch, Log-likelihood, Accuracy, RMSE, Gradient_Masker, Gradient_THP
1, -1.74426,  0.67419,  3.51766, -1.74940,  0.00000,  1022.65977
delay:
[0. 0. 0.]
[0. 0. 0.]
[0. 0. 0.]
2, -1.68909,  0.68806,  3.18314, -1.67480,  0.00000,  999.26473
delay:
[0. 0. 0.]
[0. 0. 0.]
[0. 0. 0.]
3, -1.64433,  0.69290,  3.01463, -1.63478,  0.00000,  1367.31646
delay:
[0. 0. 0.]
[0. 0. 0.]
[0. 0. 0.]
4, -1.57828,  0.69355,  2.96732, -1.58641,  0.00000,  2147.61962
delay:
[0. 0. 0.]
[0. 0. 0.]
[0. 0. 0.]
5, -1.51428,  0.69452,  2.94793, -1.52666,  0.00000,  2679.72201
delay:
[0. 0. 0.]
[0. 0. 0.]
[0. 0. 0.]
6, -1.46199,  0.69806,  2.93710, -1.48064,  0.00000,  3251.02124
delay:
[0. 0. 0.]
[0. 0. 0.]
[0. 0. 0.]
7, -1.42725,  0.70194,  2.92971, -1.44417,  0.00000,  3062.10518
delay:
[0. 0. 0.]
[0. 0. 0.]
[0. 0. 0.]
8, -1.39461,  0.70194,  2.92820, -1.41014,  0.00000,  2760.81178
delay:
[0. 0. 0.]
[0. 0. 0.]
[0. 0. 0.]
9, -1.37193,  0.69968,  2.93229, -1.38310,  0.00000,  2637.49537
delay:
[0. 0. 0.]
[0. 0. 0.]
[0. 0. 0.]
10, -1.34912,  0.69839,  2.92456, -1.35983,  0.00000,  2845.75757
delay:
[0. 0. 0.]
[0. 0. 0.]
[0. 0. 0.]
11, -1.33320,  0.69935,  2.92507, -1.33740,  0.00000,  2479.08023
delay:
[0. 0. 0.]
[0. 0. 0.]
[0. 0. 0.]
12, -1.31712,  0.69968,  2.92318, -1.32478,  0.00000,  2747.66723
delay:
[0. 0. 0.]
[0. 0. 0.]
[0. 0. 0.]
13, -1.30408,  0.69935,  2.92688, -1.31058,  0.00000,  2617.71442
delay:
[0. 0. 0.]
[0. 0. 0.]
[0. 0. 0.]
14, -1.28319,  0.69839,  2.93228, -1.29672,  0.00000,  2644.02018
delay:
[0. 0. 0.]
[0. 0. 0.]
[0. 0. 0.]
15, -1.26665,  0.69935,  2.92685, -1.27695,  0.00000,  2701.59330
delay:
[0. 0. 0.]
[0. 0. 0.]
[0. 0. 0.]
16, -1.24602,  0.69839,  2.92857, -1.25629,  0.00000,  2810.27353
delay:
[0. 0. 0.]
[0. 0. 0.]
[0. 0. 0.]
17, -1.22923,  0.70032,  2.92668, -1.23695,  0.00000,  3224.89438
delay:
[0. 0. 0.]
[0. 0. 0.]
[0. 0. 0.]
18, -1.21426,  0.70032,  2.92406, -1.21908,  0.00000,  2920.39287
delay:
[0. 0. 0.]
[0. 0. 0.]
[0. 0. 0.]
19, -1.19721,  0.70516,  2.92353, -1.20409,  0.00000,  2922.24059
delay:
[0. 0. 0.]
[0. 0. 0.]
[0. 0. 0.]
20, -1.17860,  0.70806,  2.91120, -1.19105,  0.00000,  2840.70968
delay:
[0. 0. 0.]
[0. 0. 0.]
[0. 0. 0.]
21, -1.17272,  0.70581,  2.91253, -1.17772,  0.00000,  2820.82970
delay:
[0. 0. 0.]
[0. 0. 0.]
[0. 0. 0.]
22, -1.16820,  0.70161,  2.91130, -1.17080,  0.00000,  2675.29524
delay:
[0. 0. 0.]
[0. 0. 0.]
[0. 0. 0.]
23, -1.16022,  0.70484,  2.90764, -1.16553,  0.00000,  2810.09258
delay:
[0. 0. 0.]
[0. 0. 0.]
[0. 0. 0.]
24, -1.15278,  0.70581,  2.90840, -1.15945,  0.00000,  2861.19745
delay:
[0. 0. 0.]
[0. 0. 0.]
[0. 0. 0.]
25, -1.14239,  0.70710,  2.90062, -1.15199,  0.00000,  2718.56771
delay:
[0. 0. 0.]
[0. 0. 0.]
[0. 0. 0.]
26, -1.22139,  0.70323,  2.91255, -1.34559,  10167.62575,  3348.64077
delay:
[ 2.526  0.462  6.276 13.332  7.381  7.91   0.038 10.578 10.486]
27, -1.24006,  0.70452,  2.91869, -1.26179,  7228.27542,  2931.21166
delay:
[1.193 0.259 5.579 7.799 6.037 6.129 0.637 7.472 7.61 ]
28, -1.29194,  0.69774,  2.92294, -1.20834,  5931.66887,  2471.84141
delay:
[1.428 0.036 5.075 2.023 6.085 5.143 1.871 8.492 7.918]
29, -1.30243,  0.69677,  2.92410, -1.17004,  4487.07029,  2513.28172
delay:
[1.936 0.046 5.674 0.663 4.711 6.143 1.772 6.679 5.7  ]
30, -1.32018,  0.69000,  2.92674, -1.13935,  3203.19563,  2416.15813
delay:
[1.436 0.394 4.516 1.162 5.905 6.571 2.096 7.794 4.088]
31, -1.33951,  0.69000,  2.92340, -1.12458,  2522.75790,  2346.61517
delay:
[1.620e+00 8.000e-03 4.852e+00 1.136e+00 5.425e+00 5.287e+00 2.031e+00
 8.203e+00 4.329e+00]
32, -1.34929,  0.68613,  2.92446, -1.11261,  2217.01771,  2373.85516
delay:
[1.393 0.067 4.517 1.219 5.558 5.586 1.832 8.116 4.305]
33, -1.37102,  0.68484,  2.92709, -1.10788,  2280.34147,  2240.98537
delay:
[1.767 0.01  4.991 1.165 5.957 6.06  2.621 8.4   4.929]
34, -1.36438,  0.68548,  2.92358, -1.10009,  2051.89314,  2320.99890
delay:
[1.733 0.036 4.827 0.835 5.595 5.314 1.878 8.379 4.698]
35, -1.38392,  0.68484,  2.92544, -1.09300,  2117.44306,  2229.06580
delay:
[1.637 0.017 4.923 1.079 4.924 5.266 1.513 7.418 3.995]
36, -1.40181,  0.68194,  2.92923, -1.08941,  2031.21861,  2176.58297
delay:
[1.709 0.067 5.023 1.112 5.843 5.756 2.369 8.893 4.905]
37, -1.38862,  0.68323,  2.92928, -1.08240,  1927.44282,  2169.27004
delay:
[1.513 0.018 4.318 0.88  5.3   5.646 1.943 7.574 4.228]
38, -1.38951,  0.68097,  2.92679, -1.07878,  1838.65241,  2175.05548
delay:
[1.716 0.012 4.534 0.779 5.104 5.297 1.645 7.239 3.971]
39, -1.40466,  0.68097,  2.93101, -1.07227,  1939.64031,  2200.25817
delay:
[1.801e+00 5.000e-03 5.117e+00 1.047e+00 5.323e+00 6.032e+00 2.072e+00
 7.679e+00 4.318e+00]
40, -1.39222,  0.67968,  2.92730, -1.06856,  1731.14505,  2236.81992
delay:
[1.464e+00 6.000e-03 4.133e+00 7.620e-01 4.542e+00 4.981e+00 1.533e+00
 6.280e+00 3.643e+00]
41, -1.41237,  0.67871,  2.93165, -1.06293,  1659.57189,  2185.07683
delay:
[1.662 0.023 4.724 0.794 5.251 5.679 1.918 8.153 4.356]
42, -1.40342,  0.67806,  2.93060, -1.06107,  1678.59311,  2346.32644
delay:
[1.774e+00 8.000e-03 5.101e+00 9.200e-01 5.766e+00 6.141e+00 1.938e+00
 8.555e+00 4.452e+00]
43, -1.41012,  0.67839,  2.93167, -1.05817,  1626.84886,  2076.03226
delay:
[1.511e+00 1.000e-03 4.570e+00 8.050e-01 5.041e+00 5.573e+00 1.748e+00
 7.573e+00 4.073e+00]
44, -1.40373,  0.67548,  2.93099, -1.05610,  1666.12012,  2172.97827
delay:
[1.616e+00 2.000e-03 5.004e+00 8.230e-01 5.491e+00 6.063e+00 2.100e+00
 8.485e+00 4.651e+00]
45, -1.40016,  0.67548,  2.92958, -1.05353,  1662.76246,  2268.07678
delay:
[1.74  0.024 4.942 0.862 5.736 5.843 1.876 8.065 4.435]
46, -1.39990,  0.67645,  2.93106, -1.05218,  1764.08655,  2225.95531
delay:
[1.651e+00 6.000e-03 5.067e+00 7.800e-01 5.515e+00 5.958e+00 1.772e+00
 8.000e+00 4.426e+00]
47, -1.40034,  0.67581,  2.92976, -1.04904,  1646.94742,  2176.66873
delay:
[1.74  0.037 4.799 0.759 5.433 5.414 1.574 7.458 3.985]
48, -1.39967,  0.67452,  2.93020, -1.04809,  1673.89851,  2199.04230
delay:
[1.675e+00 2.000e-03 5.034e+00 7.930e-01 5.911e+00 5.877e+00 1.926e+00
 8.349e+00 4.422e+00]
49, -1.40019,  0.67387,  2.93101, -1.04676,  1660.05087,  2165.69694
delay:
[1.617 0.02  4.771 0.767 5.729 5.552 1.895 7.54  4.152]
50, -1.46798,  0.67065,  2.94093, -1.05710,  810.08711,  2121.68223
delay:
[2.011e+00 8.000e-03 5.658e+00 1.083e+00 6.498e+00 6.256e+00 2.101e+00
 8.916e+00 4.718e+00]
51, -1.19883,  0.70226,  2.89452, -1.27310,  0.00000,  6159.83222
delay:
[0. 0. 0.]
[0. 0. 0.]
[0. 0. 0.]
52, -1.16968,  0.70516,  2.88429, -1.20634,  0.00000,  3333.42850
delay:
[0. 0. 0.]
[0. 0. 0.]
[0. 0. 0.]
53, -1.15464,  0.70935,  2.87965, -1.18000,  0.00000,  3142.57978
delay:
[0. 0. 0.]
[0. 0. 0.]
[0. 0. 0.]
54, -1.14134,  0.71000,  2.87782, -1.16542,  0.00000,  3082.47231
delay:
[0. 0. 0.]
[0. 0. 0.]
[0. 0. 0.]
55, -1.13502,  0.71065,  2.87814, -1.15267,  0.00000,  2937.08897
delay:
[0. 0. 0.]
[0. 0. 0.]
[0. 0. 0.]
56, -1.12837,  0.71032,  2.87853, -1.14406,  0.00000,  2889.49841
delay:
[0. 0. 0.]
[0. 0. 0.]
[0. 0. 0.]
57, -1.12465,  0.71065,  2.87936, -1.13951,  0.00000,  3075.04972
delay:
[0. 0. 0.]
[0. 0. 0.]
[0. 0. 0.]
58, -1.12047,  0.70935,  2.88126, -1.13553,  0.00000,  2820.47785
delay:
[0. 0. 0.]
[0. 0. 0.]
[0. 0. 0.]
59, -1.11850,  0.71097,  2.88126, -1.13092,  0.00000,  2787.16109
delay:
[0. 0. 0.]
[0. 0. 0.]
[0. 0. 0.]
60, -1.11541,  0.71129,  2.88222, -1.12513,  0.00000,  2824.13181
delay:
[0. 0. 0.]
[0. 0. 0.]
[0. 0. 0.]
61, -1.11322,  0.71097,  2.88269, -1.12241,  0.00000,  2682.53638
delay:
[0. 0. 0.]
[0. 0. 0.]
[0. 0. 0.]
62, -1.11306,  0.71065,  2.88263, -1.12182,  0.00000,  2737.83678
delay:
[0. 0. 0.]
[0. 0. 0.]
[0. 0. 0.]
63, -1.11227,  0.71065,  2.88370, -1.11960,  0.00000,  2713.63130
delay:
[0. 0. 0.]
[0. 0. 0.]
[0. 0. 0.]
64, -1.11003,  0.71065,  2.88338, -1.11885,  0.00000,  2823.89579
delay:
[0. 0. 0.]
[0. 0. 0.]
[0. 0. 0.]
65, -1.10920,  0.71000,  2.88435, -1.11752,  0.00000,  2693.80927
delay:
[0. 0. 0.]
[0. 0. 0.]
[0. 0. 0.]
66, -1.10786,  0.70968,  2.88391, -1.11629,  0.00000,  2734.35375
delay:
[0. 0. 0.]
[0. 0. 0.]
[0. 0. 0.]
67, -1.10593,  0.71032,  2.88444, -1.11594,  0.00000,  2641.76559
delay:
[0. 0. 0.]
[0. 0. 0.]
[0. 0. 0.]
68, -1.10527,  0.70935,  2.88439, -1.11424,  0.00000,  2766.30834
delay:
[0. 0. 0.]
[0. 0. 0.]
[0. 0. 0.]
69, -1.10514,  0.71000,  2.88491, -1.11340,  0.00000,  2711.62537
delay:
[0. 0. 0.]
[0. 0. 0.]
[0. 0. 0.]
70, -1.10235,  0.70968,  2.88450, -1.11162,  0.00000,  2748.84259
delay:
[0. 0. 0.]
[0. 0. 0.]
[0. 0. 0.]
71, -1.10261,  0.71065,  2.88506, -1.11110,  0.00000,  2677.81833
delay:
[0. 0. 0.]
[0. 0. 0.]
[0. 0. 0.]
72, -1.10243,  0.70968,  2.88480, -1.10948,  0.00000,  2707.50477
delay:
[0. 0. 0.]
[0. 0. 0.]
[0. 0. 0.]
73, -1.10166,  0.70968,  2.88499, -1.10892,  0.00000,  2814.32612
delay:
[0. 0. 0.]
[0. 0. 0.]
[0. 0. 0.]
74, -1.10187,  0.70968,  2.88541, -1.11098,  0.00000,  2710.84121
delay:
[0. 0. 0.]
[0. 0. 0.]
[0. 0. 0.]
75, -1.10197,  0.70935,  2.88516, -1.10869,  0.00000,  2840.02307
delay:
[0. 0. 0.]
[0. 0. 0.]
[0. 0. 0.]
76, -1.10886,  0.70645,  2.88365, -1.09432,  1470.69598,  3887.79905
delay:
[1.202e+00 3.000e-03 3.680e+00 5.280e-01 4.134e+00 4.038e+00 1.252e+00
 5.735e+00 2.950e+00]
77, -1.11058,  0.70452,  2.88461, -1.08091,  1042.49987,  2559.31839
delay:
[1.229e+00 1.000e-03 3.896e+00 5.330e-01 4.521e+00 4.358e+00 1.337e+00
 6.809e+00 3.529e+00]
78, -1.11517,  0.70355,  2.88529, -1.07643,  1020.42945,  2454.08781
delay:
[1.275e+00 3.000e-03 4.183e+00 5.390e-01 4.439e+00 4.404e+00 1.327e+00
 6.459e+00 3.351e+00]
79, -1.11833,  0.70226,  2.88583, -1.07179,  1039.04022,  2460.88686
delay:
[1.173 0.008 3.95  0.546 4.259 4.273 1.3   6.005 3.306]
80, -1.12261,  0.70065,  2.88600, -1.06831,  1058.48440,  2359.07800
delay:
[1.368e+00 4.000e-03 4.531e+00 5.920e-01 4.716e+00 4.707e+00 1.355e+00
 7.105e+00 3.674e+00]
81, -1.12553,  0.70065,  2.88634, -1.06612,  1062.27655,  2438.00834
delay:
[1.3   0.    4.346 0.579 4.631 4.582 1.279 6.791 3.336]
82, -1.12716,  0.70000,  2.88654, -1.06547,  1070.12853,  2352.80767
delay:
[1.176e+00 1.000e-03 3.976e+00 5.490e-01 4.201e+00 4.124e+00 1.206e+00
 5.907e+00 2.899e+00]
83, -1.12976,  0.69774,  2.88668, -1.06414,  1050.06711,  2373.43477
delay:
[1.302 0.007 4.392 0.595 4.599 4.743 1.293 7.    3.747]
84, -1.13178,  0.69806,  2.88696, -1.06287,  1068.98178,  2405.63313
delay:
[1.271e+00 1.000e-03 4.259e+00 6.070e-01 4.530e+00 4.420e+00 1.324e+00
 6.558e+00 3.229e+00]
85, -1.13378,  0.69742,  2.88721, -1.06207,  1123.88012,  2432.77581
delay:
[1.256e+00 2.000e-03 4.156e+00 6.100e-01 4.640e+00 4.500e+00 1.271e+00
 6.868e+00 3.482e+00]
86, -1.13660,  0.69742,  2.88744, -1.05899,  1065.44298,  2273.11305
delay:
[1.354e+00 1.000e-03 4.622e+00 6.090e-01 4.601e+00 4.635e+00 1.328e+00
 6.987e+00 3.523e+00]
87, -1.13976,  0.69806,  2.88767, -1.05865,  1058.02468,  2286.35649
delay:
[1.280e+00 3.000e-03 4.353e+00 5.990e-01 4.622e+00 4.508e+00 1.225e+00
 6.626e+00 3.514e+00]
88, -1.14160,  0.69839,  2.88796, -1.05687,  1095.17213,  2300.72858
delay:
[1.335e+00 4.000e-03 4.800e+00 6.270e-01 4.919e+00 5.081e+00 1.363e+00
 7.775e+00 4.004e+00]