Namespace(batch_size=16, d_inner_hid=64, d_k=16, d_model=16, d_rnn=8, d_v=16, data='data/toy/3dim_2000seq_32ev/', device=device(type='cpu'), dropout=0.1, epoch=100, log='data/toy/3dim_2000seq_32ev/100_25_lr01.txt', lr=0.001, lr_delay=0.1, n_head=1, n_layers=1, num_events=32, smooth=0.1)
Epoch, Log-likelihood, Accuracy, RMSE, Gradient_Masker, Gradient_THP
1, -1.91733,  0.67032,  3.25110, -1.87918,  0.00000,  0.00000
delay:
[0. 0. 0.]
[0. 0. 0.]
[0. 0. 0.]
2, -1.92529,  0.68355,  3.04887, -1.86909,  0.00000,  0.00000
delay:
[0. 0. 0.]
[0. 0. 0.]
[0. 0. 0.]
3, -1.92798,  0.68548,  2.99498, -1.87311,  0.00000,  0.00000
delay:
[0. 0. 0.]
[0. 0. 0.]
[0. 0. 0.]
4, -1.93209,  0.68710,  2.97048, -1.87584,  0.00000,  0.00000
delay:
[0. 0. 0.]
[0. 0. 0.]
[0. 0. 0.]
5, -1.93385,  0.68677,  2.95741, -1.87779,  0.00000,  0.00000
delay:
[0. 0. 0.]
[0. 0. 0.]
[0. 0. 0.]
6, -1.93866,  0.69032,  2.95004, -1.88097,  0.00000,  0.00000
delay:
[0. 0. 0.]
[0. 0. 0.]
[0. 0. 0.]
7, -1.93957,  0.69161,  2.94298, -1.88332,  0.00000,  0.00000
delay:
[0. 0. 0.]
[0. 0. 0.]
[0. 0. 0.]
8, -1.94442,  0.68968,  2.95186, -1.88610,  0.00000,  0.00000
delay:
[0. 0. 0.]
[0. 0. 0.]
[0. 0. 0.]
9, -1.94790,  0.69710,  2.93938, -1.88693,  0.00000,  0.00000
delay:
[0. 0. 0.]
[0. 0. 0.]
[0. 0. 0.]
10, -1.94469,  0.70000,  2.93295, -1.88894,  0.00000,  0.00000
delay:
[0. 0. 0.]
[0. 0. 0.]
[0. 0. 0.]
11, -1.94955,  0.69968,  2.93781, -1.88922,  0.00000,  0.00000
delay:
[0. 0. 0.]
[0. 0. 0.]
[0. 0. 0.]
12, -1.94736,  0.69903,  2.92690, -1.89031,  0.00000,  0.00000
delay:
[0. 0. 0.]
[0. 0. 0.]
[0. 0. 0.]
13, -1.94926,  0.70355,  2.92347, -1.89144,  0.00000,  0.00000
delay:
[0. 0. 0.]
[0. 0. 0.]
[0. 0. 0.]
14, -1.94927,  0.70194,  2.92241, -1.89201,  0.00000,  0.00000
delay:
[0. 0. 0.]
[0. 0. 0.]
[0. 0. 0.]
15, -1.95041,  0.70323,  2.92305, -1.89211,  0.00000,  0.00000
delay:
[0. 0. 0.]
[0. 0. 0.]
[0. 0. 0.]
16, -1.94839,  0.70484,  2.91712, -1.89234,  0.00000,  0.00000
delay:
[0. 0. 0.]
[0. 0. 0.]
[0. 0. 0.]
17, -1.95148,  0.70742,  2.91852, -1.89354,  0.00000,  0.00000
delay:
[0. 0. 0.]
[0. 0. 0.]
[0. 0. 0.]
18, -1.94890,  0.70581,  2.91387, -1.89367,  0.00000,  0.00000
delay:
[0. 0. 0.]
[0. 0. 0.]
[0. 0. 0.]
19, -1.95274,  0.70806,  2.91493, -1.89358,  0.00000,  0.00000
delay:
[0. 0. 0.]
[0. 0. 0.]
[0. 0. 0.]
20, -1.95270,  0.70774,  2.91359, -1.89460,  0.00000,  0.00000
delay:
[0. 0. 0.]
[0. 0. 0.]
[0. 0. 0.]
21, -1.95295,  0.70839,  2.90992, -1.89432,  0.00000,  0.00000
delay:
[0. 0. 0.]
[0. 0. 0.]
[0. 0. 0.]
22, -1.95365,  0.70903,  2.91116, -1.89510,  0.00000,  0.00000
delay:
[0. 0. 0.]
[0. 0. 0.]
[0. 0. 0.]
23, -1.95393,  0.70935,  2.90932, -1.89544,  0.00000,  0.00000
delay:
[0. 0. 0.]
[0. 0. 0.]
[0. 0. 0.]
24, -1.95594,  0.70871,  2.91083, -1.89609,  0.00000,  0.00000
delay:
[0. 0. 0.]
[0. 0. 0.]
[0. 0. 0.]
25, -1.95603,  0.70968,  2.91103, -1.89600,  0.00000,  0.00000
delay:
[0. 0. 0.]
[0. 0. 0.]
[0. 0. 0.]
26, -1.95691,  0.70484,  2.91788, -1.90442,  0.00000,  0.00000
delay:
[783.81  724.669 472.519 525.087 418.537 577.108 784.152 687.886 642.786]
27, -1.95863,  0.70355,  2.92067, -1.90326,  0.00000,  0.00000
delay:
[774.987 716.122 467.579 519.122 414.052 570.72  775.633 680.204 635.628]
28, -1.95909,  0.70000,  2.92089, -1.90395,  0.00000,  0.00000
delay:
[778.212 719.341 469.279 521.435 415.448 573.311 778.984 683.295 638.211]
29, -1.95954,  0.70161,  2.92029, -1.90422,  0.00000,  0.00000
delay:
[759.818 702.507 458.557 508.617 406.302 559.542 760.361 666.721 623.099]
30, -1.95911,  0.70097,  2.92014, -1.90506,  0.00000,  0.00000
delay:
[769.79  711.632 464.337 515.51  411.103 566.986 770.392 675.855 631.329]
31, -1.96050,  0.69935,  2.92109, -1.90491,  0.00000,  0.00000
delay:
[752.92  695.916 454.303 504.369 402.397 554.372 753.348 660.984 617.232]
32, -1.96099,  0.70032,  2.92141, -1.90526,  0.00000,  0.00000
delay:
[795.332 735.067 479.9   532.968 425.336 585.634 796.134 698.158 652.069]
33, -1.96043,  0.70000,  2.92079, -1.90535,  0.00000,  0.00000
delay:
[776.614 717.988 468.494 520.16  415.228 572.066 777.271 681.612 637.13 ]
34, -1.96044,  0.70226,  2.92043, -1.90548,  0.00000,  0.00000
delay:
[769.242 710.701 464.268 515.165 410.987 566.397 770.036 675.185 630.807]
35, -1.96162,  0.70065,  2.92133, -1.90555,  0.00000,  0.00000
delay:
[796.331 735.71  480.17  533.039 425.299 586.528 797.08  698.804 652.934]
36, -1.96169,  0.70000,  2.92188, -1.90607,  0.00000,  0.00000
delay:
[777.861 719.093 469.546 520.889 415.742 572.75  778.376 682.736 637.959]
37, -1.96218,  0.70129,  2.92196, -1.90593,  0.00000,  0.00000
delay:
[765.391 707.331 461.933 512.771 409.07  563.711 766.225 671.622 627.938]
38, -1.96209,  0.70161,  2.92141, -1.90609,  0.00000,  0.00000
delay:
[777.451 718.791 469.204 520.686 415.591 572.656 778.228 682.38  637.684]
39, -1.96249,  0.70129,  2.92163, -1.90622,  0.00000,  0.00000
delay:
[792.475 732.841 478.244 530.995 423.489 583.719 793.237 695.865 650.173]
40, -1.96279,  0.70129,  2.92185, -1.90641,  0.00000,  0.00000
delay:
[795.58  736.044 480.625 533.219 425.115 586.291 796.304 698.579 653.009]
41, -1.96334,  0.70000,  2.92227, -1.90647,  0.00000,  0.00000
delay:
[778.266 719.599 469.802 521.264 416.186 572.956 778.703 683.221 638.137]
42, -1.96314,  0.70065,  2.92206, -1.90673,  0.00000,  0.00000
delay:
[795.264 734.85  479.63  532.238 425.012 585.521 795.806 698.079 652.093]
43, -1.96314,  0.70194,  2.92235, -1.90685,  0.00000,  0.00000
delay:
[765.883 708.311 461.856 513.049 408.923 564.295 766.269 672.201 628.244]
44, -1.96390,  0.70097,  2.92342, -1.90682,  0.00000,  0.00000
delay:
[794.138 734.227 479.105 532.159 424.445 584.947 794.831 697.126 651.374]
45, -1.96367,  0.70194,  2.92280, -1.90711,  0.00000,  0.00000
delay:
[803.289 742.398 484.659 538.306 429.169 591.844 804.012 704.906 658.691]
46, -1.96430,  0.70097,  2.92364, -1.90707,  0.00000,  0.00000
delay:
[761.991 704.297 459.439 510.293 406.546 561.369 762.409 668.845 625.206]
47, -1.96407,  0.70129,  2.92298, -1.90734,  0.00000,  0.00000
delay:
[763.635 705.566 460.49  511.324 407.82  562.273 764.387 670.17  626.149]
48, -1.96385,  0.70258,  2.92272, -1.90729,  0.00000,  0.00000
delay:
[767.177 709.395 462.731 513.872 409.779 565.235 767.685 673.183 629.332]
49, -1.96445,  0.70097,  2.92362, -1.90743,  0.00000,  0.00000
delay:
[784.33  724.603 473.482 525.509 418.944 577.705 785.479 688.421 643.245]
50, -1.96405,  0.70129,  2.92293, -1.90778,  0.00000,  0.00000
delay:
[787.001 727.835 474.896 527.32  420.483 579.52  787.558 690.951 645.559]
51, -1.96455,  0.70613,  2.91343, -1.90587,  0.00000,  0.00000
delay:
[0. 0. 0.]
[0. 0. 0.]
[0. 0. 0.]
52, -1.96500,  0.70677,  2.90964, -1.90578,  0.00000,  0.00000
delay:
[0. 0. 0.]
[0. 0. 0.]
[0. 0. 0.]
53, -1.96487,  0.70645,  2.90703, -1.90601,  0.00000,  0.00000
delay:
[0. 0. 0.]
[0. 0. 0.]
[0. 0. 0.]
54, -1.96455,  0.70839,  2.90504, -1.90633,  0.00000,  0.00000
delay:
[0. 0. 0.]
[0. 0. 0.]
[0. 0. 0.]
55, -1.96455,  0.70968,  2.90441, -1.90592,  0.00000,  0.00000
delay:
[0. 0. 0.]
[0. 0. 0.]
[0. 0. 0.]
56, -1.96454,  0.70903,  2.90361, -1.90602,  0.00000,  0.00000
delay:
[0. 0. 0.]
[0. 0. 0.]
[0. 0. 0.]
57, -1.96402,  0.70903,  2.90241, -1.90587,  0.00000,  0.00000
delay:
[0. 0. 0.]
[0. 0. 0.]
[0. 0. 0.]
58, -1.96402,  0.70968,  2.90169, -1.90558,  0.00000,  0.00000
delay:
[0. 0. 0.]
[0. 0. 0.]
[0. 0. 0.]
59, -1.96386,  0.70935,  2.90143, -1.90550,  0.00000,  0.00000
delay:
[0. 0. 0.]
[0. 0. 0.]
[0. 0. 0.]
60, -1.96348,  0.70935,  2.90048, -1.90528,  0.00000,  0.00000
delay:
[0. 0. 0.]
[0. 0. 0.]
[0. 0. 0.]
61, -1.96373,  0.70774,  2.90087, -1.90499,  0.00000,  0.00000
delay:
[0. 0. 0.]
[0. 0. 0.]
[0. 0. 0.]
62, -1.96333,  0.70871,  2.90016, -1.90497,  0.00000,  0.00000
delay:
[0. 0. 0.]
[0. 0. 0.]
[0. 0. 0.]
63, -1.96366,  0.70742,  2.90073, -1.90484,  0.00000,  0.00000
delay:
[0. 0. 0.]
[0. 0. 0.]
[0. 0. 0.]
64, -1.96351,  0.70774,  2.90038, -1.90487,  0.00000,  0.00000
delay:
[0. 0. 0.]
[0. 0. 0.]
[0. 0. 0.]
65, -1.96323,  0.70742,  2.89990, -1.90485,  0.00000,  0.00000
delay:
[0. 0. 0.]
[0. 0. 0.]
[0. 0. 0.]
66, -1.96354,  0.70710,  2.90014, -1.90464,  0.00000,  0.00000
delay:
[0. 0. 0.]
[0. 0. 0.]
[0. 0. 0.]
67, -1.96361,  0.70742,  2.89991, -1.90455,  0.00000,  0.00000
delay:
[0. 0. 0.]
[0. 0. 0.]
[0. 0. 0.]
68, -1.96328,  0.70710,  2.89946, -1.90470,  0.00000,  0.00000
delay:
[0. 0. 0.]
[0. 0. 0.]
[0. 0. 0.]
69, -1.96310,  0.70774,  2.89896, -1.90442,  0.00000,  0.00000
delay:
[0. 0. 0.]
[0. 0. 0.]
[0. 0. 0.]
70, -1.96349,  0.70742,  2.89945, -1.90454,  0.00000,  0.00000
delay:
[0. 0. 0.]
[0. 0. 0.]
[0. 0. 0.]
71, -1.96329,  0.70742,  2.89920, -1.90462,  0.00000,  0.00000
delay:
[0. 0. 0.]
[0. 0. 0.]
[0. 0. 0.]
72, -1.96313,  0.70742,  2.89889, -1.90449,  0.00000,  0.00000
delay:
[0. 0. 0.]
[0. 0. 0.]
[0. 0. 0.]
73, -1.96327,  0.70742,  2.89893, -1.90440,  0.00000,  0.00000
delay:
[0. 0. 0.]
[0. 0. 0.]
[0. 0. 0.]
74, -1.96301,  0.70742,  2.89871, -1.90448,  0.00000,  0.00000
delay:
[0. 0. 0.]
[0. 0. 0.]
[0. 0. 0.]
75, -1.96309,  0.70742,  2.89870, -1.90427,  0.00000,  0.00000
delay:
[0. 0. 0.]
[0. 0. 0.]
[0. 0. 0.]
76, -1.96459,  0.70645,  2.90139, -1.90872,  0.00000,  0.00000
delay:
[797.245 736.964 481.174 533.679 425.994 587.019 797.611 699.497 654.119]
77, -1.96487,  0.70645,  2.90293, -1.90914,  0.00000,  0.00000
delay:
[784.385 725.007 473.354 525.679 419.142 577.56  784.946 688.516 643.108]
78, -1.96495,  0.70613,  2.90390, -1.90913,  0.00000,  0.00000
delay:
[760.732 703.265 458.855 509.317 406.482 560.077 761.187 667.752 623.673]
79, -1.96505,  0.70613,  2.90432, -1.90910,  0.00000,  0.00000
delay:
[763.41  705.71  460.532 511.109 408.024 562.189 763.941 670.316 626.07 ]
80, -1.96533,  0.70581,  2.90517, -1.90886,  0.00000,  0.00000
delay:
[765.493 707.515 462.068 512.793 408.924 563.818 765.938 672.021 628.007]
81, -1.96519,  0.70516,  2.90531, -1.90884,  0.00000,  0.00000
delay:
[773.375 715.083 466.828 518.196 413.06  569.598 773.812 678.983 634.44 ]
82, -1.96519,  0.70548,  2.90541, -1.90897,  0.00000,  0.00000
delay:
[773.487 714.935 466.515 517.916 413.38  569.722 774.314 678.878 634.615]
83, -1.96529,  0.70484,  2.90558, -1.90887,  0.00000,  0.00000
delay:
[769.991 711.904 464.867 516.15  411.686 567.132 770.629 675.868 631.437]
84, -1.96538,  0.70516,  2.90591, -1.90860,  0.00000,  0.00000
delay:
[781.83  722.41  471.587 523.331 417.448 575.884 782.142 686.044 641.464]
85, -1.96527,  0.70484,  2.90612, -1.90868,  0.00000,  0.00000
delay:
[787.296 728.377 475.421 527.881 420.938 580.008 787.966 691.415 645.759]
86, -1.96519,  0.70387,  2.90619, -1.90857,  0.00000,  0.00000
delay:
[779.254 720.127 469.995 521.993 416.092 573.782 780.045 684.072 639.104]
87, -1.96535,  0.70452,  2.90636, -1.90869,  0.00000,  0.00000
delay:
[774.929 716.04  467.868 519.08  414.3   570.796 775.647 680.079 635.272]
88, -1.96534,  0.70452,  2.90654, -1.90858,  0.00000,  0.00000
delay:
[767.313 709.583 463.048 514.255 410.017 565.226 767.993 673.725 629.371]
