Namespace(batch_size=16, d_inner_hid=64, d_k=16, d_model=16, d_rnn=8, d_v=16, data='data/toy/3dim_2000seq_32ev/', device=device(type='cpu'), dropout=0.1, epoch=200, log='data/toy/3dim_2000seq_32ev/200_50_mask.txt', lr=0.001, lr_delay=0.01, n_head=1, n_layers=1, num_events=32, smooth=0.1)
Epoch, Log-likelihood, Accuracy, RMSE
1, -1.71917,  0.66935,  3.20066
delay:
[0. 0. 0.]
[0. 0. 0.]
[0. 0. 0.]
2, -1.67944,  0.68194,  3.02151
delay:
[0. 0. 0.]
[0. 0. 0.]
[0. 0. 0.]
3, -1.65408,  0.68710,  2.97899
delay:
[0. 0. 0.]
[0. 0. 0.]
[0. 0. 0.]
4, -1.61903,  0.68968,  2.96614
delay:
[0. 0. 0.]
[0. 0. 0.]
[0. 0. 0.]
5, -1.55626,  0.68613,  2.95477
delay:
[0. 0. 0.]
[0. 0. 0.]
[0. 0. 0.]
6, -1.49168,  0.69161,  2.94688
delay:
[0. 0. 0.]
[0. 0. 0.]
[0. 0. 0.]
7, -1.42808,  0.69935,  2.93662
delay:
[0. 0. 0.]
[0. 0. 0.]
[0. 0. 0.]
8, -1.37823,  0.69774,  2.93268
delay:
[0. 0. 0.]
[0. 0. 0.]
[0. 0. 0.]
9, -1.34300,  0.70419,  2.93042
delay:
[0. 0. 0.]
[0. 0. 0.]
[0. 0. 0.]
10, -1.29680,  0.70710,  2.93131
delay:
[0. 0. 0.]
[0. 0. 0.]
[0. 0. 0.]
11, -1.27619,  0.71065,  2.93186
delay:
[0. 0. 0.]
[0. 0. 0.]
[0. 0. 0.]
12, -1.25386,  0.71129,  2.93021
delay:
[0. 0. 0.]
[0. 0. 0.]
[0. 0. 0.]
13, -1.23721,  0.71226,  2.93421
delay:
[0. 0. 0.]
[0. 0. 0.]
[0. 0. 0.]
14, -1.21747,  0.71129,  2.93377
delay:
[0. 0. 0.]
[0. 0. 0.]
[0. 0. 0.]
15, -1.19881,  0.71613,  2.93202
delay:
[0. 0. 0.]
[0. 0. 0.]
[0. 0. 0.]
16, -1.18295,  0.71226,  2.93175
delay:
[0. 0. 0.]
[0. 0. 0.]
[0. 0. 0.]
17, -1.16886,  0.71161,  2.93061
delay:
[0. 0. 0.]
[0. 0. 0.]
[0. 0. 0.]
18, -1.15459,  0.71161,  2.93041
delay:
[0. 0. 0.]
[0. 0. 0.]
[0. 0. 0.]
19, -1.14224,  0.71194,  2.92804
delay:
[0. 0. 0.]
[0. 0. 0.]
[0. 0. 0.]
20, -1.13385,  0.71032,  2.92702
delay:
[0. 0. 0.]
[0. 0. 0.]
[0. 0. 0.]
21, -1.12357,  0.71226,  2.92344
delay:
[0. 0. 0.]
[0. 0. 0.]
[0. 0. 0.]
22, -1.11754,  0.71097,  2.92254
delay:
[0. 0. 0.]
[0. 0. 0.]
[0. 0. 0.]
23, -1.11087,  0.71097,  2.92227
delay:
[0. 0. 0.]
[0. 0. 0.]
[0. 0. 0.]
24, -1.10565,  0.71161,  2.92092
delay:
[0. 0. 0.]
[0. 0. 0.]
[0. 0. 0.]
25, -1.09863,  0.71194,  2.91950
delay:
[0. 0. 0.]
[0. 0. 0.]
[0. 0. 0.]
26, -1.09335,  0.71194,  2.91916
delay:
[0. 0. 0.]
[0. 0. 0.]
[0. 0. 0.]
27, -1.08592,  0.71032,  2.91764
delay:
[0. 0. 0.]
[0. 0. 0.]
[0. 0. 0.]
28, -1.08243,  0.71065,  2.91783
delay:
[0. 0. 0.]
[0. 0. 0.]
[0. 0. 0.]
29, -1.07392,  0.71129,  2.91613
delay:
[0. 0. 0.]
[0. 0. 0.]
[0. 0. 0.]
30, -1.06923,  0.71097,  2.91563
delay:
[0. 0. 0.]
[0. 0. 0.]
[0. 0. 0.]
31, -1.06684,  0.71194,  2.91587
delay:
[0. 0. 0.]
[0. 0. 0.]
[0. 0. 0.]
32, -1.06333,  0.71097,  2.91517
delay:
[0. 0. 0.]
[0. 0. 0.]
[0. 0. 0.]
33, -1.06016,  0.71129,  2.91420
delay:
[0. 0. 0.]
[0. 0. 0.]
[0. 0. 0.]
34, -1.05801,  0.71161,  2.91287
delay:
[0. 0. 0.]
[0. 0. 0.]
[0. 0. 0.]
35, -1.05582,  0.71194,  2.91340
delay:
[0. 0. 0.]
[0. 0. 0.]
[0. 0. 0.]
36, -1.05200,  0.71097,  2.91224
delay:
[0. 0. 0.]
[0. 0. 0.]
[0. 0. 0.]
37, -1.04990,  0.71194,  2.91252
delay:
[0. 0. 0.]
[0. 0. 0.]
[0. 0. 0.]
38, -1.04675,  0.71129,  2.91263
delay:
[0. 0. 0.]
[0. 0. 0.]
[0. 0. 0.]
39, -1.04280,  0.71129,  2.91180
delay:
[0. 0. 0.]
[0. 0. 0.]
[0. 0. 0.]
40, -1.04158,  0.71065,  2.91116
delay:
[0. 0. 0.]
[0. 0. 0.]
[0. 0. 0.]
41, -1.04144,  0.71161,  2.91077
delay:
[0. 0. 0.]
[0. 0. 0.]
[0. 0. 0.]
42, -1.04078,  0.71194,  2.91083
delay:
[0. 0. 0.]
[0. 0. 0.]
[0. 0. 0.]
43, -1.03813,  0.71161,  2.91025
delay:
[0. 0. 0.]
[0. 0. 0.]
[0. 0. 0.]
44, -1.03734,  0.71194,  2.91041
delay:
[0. 0. 0.]
[0. 0. 0.]
[0. 0. 0.]
45, -1.03629,  0.71129,  2.91021
delay:
[0. 0. 0.]
[0. 0. 0.]
[0. 0. 0.]
46, -1.03436,  0.71194,  2.90957
delay:
[0. 0. 0.]
[0. 0. 0.]
[0. 0. 0.]
47, -1.03360,  0.71226,  2.90916
delay:
[0. 0. 0.]
[0. 0. 0.]
[0. 0. 0.]
48, -1.03215,  0.71129,  2.90915
delay:
[0. 0. 0.]
[0. 0. 0.]
[0. 0. 0.]
49, -1.03165,  0.71097,  2.90837
delay:
[0. 0. 0.]
[0. 0. 0.]
[0. 0. 0.]
50, -1.03137,  0.71032,  2.90782
delay:
[0. 0. 0.]
[0. 0. 0.]
[0. 0. 0.]
51, -1.05638,  0.70903,  2.91154
delay:
[0.   0.   0.77]
[0.    0.    4.114]
[0.    4.956 1.341]
52, -1.05929,  0.71032,  2.91249
delay:
[5.509 0.556 0.   ]
[0.    0.005 0.   ]
[0. 0. 0.]
53, -1.06161,  0.71065,  2.91363
delay:
[0.    1.071 0.783]
[0.    0.    2.461]
[0.    5.519 0.   ]
54, -1.06164,  0.71065,  2.91366
delay:
[0.    0.    0.937]
[9.969 0.    0.   ]
[2.896 5.075 0.61 ]
55, -1.06703,  0.71065,  2.91453
delay:
[5.468 0.    0.   ]
[0.    0.    3.594]
[3.418 5.044 0.   ]
56, -1.06755,  0.70935,  2.91501
delay:
[0.    0.783 0.   ]
[9.894 0.334 0.   ]
[0.    0.    1.129]
57, -1.06425,  0.71065,  2.91516
delay:
[5.406 1.155 1.199]
[9.654 0.698 0.   ]
[3.485 0.    0.   ]
58, -1.06569,  0.70968,  2.91516
delay:
[0.    0.748 0.   ]
[9.79  0.    3.702]
[0.    4.779 0.815]
59, -1.06653,  0.70871,  2.91537
delay:
[5.664 1.252 1.015]
[10.031  0.307  3.022]
[3.272 5.773 0.907]
60, -1.06599,  0.70839,  2.91512
delay:
[0.    0.    0.211]
[10.603  0.     3.776]
[3.063 0.    0.   ]
61, -1.06578,  0.70742,  2.91518
delay:
[5.14 0.   0.  ]
[0.    0.401 4.013]
[0.    0.    1.206]
62, -1.06679,  0.70774,  2.91475
delay:
[0.    0.42  1.067]
[10.173  0.25   0.   ]
[0.    0.    0.658]
63, -1.06534,  0.70871,  2.91515
delay:
[0.    0.    0.672]
[0.    0.073 4.33 ]
[0.    0.    1.189]
64, -1.06607,  0.70806,  2.91502
delay:
[5.344 0.    0.558]
[9.363 0.    3.111]
[2.957 0.    0.839]
65, -1.06502,  0.70903,  2.91496
delay:
[5.653 0.383 0.313]
[9.948 0.    4.315]
[0.    4.485 0.   ]
66, -1.06408,  0.70871,  2.91496
delay:
[0.    0.735 0.065]
[10.766  0.     4.068]
[2.248 0.    0.967]
67, -1.06392,  0.70871,  2.91484
delay:
[0. 0. 0.]
[10.335  0.     0.   ]
[3.377 0.    1.381]
68, -1.06636,  0.70935,  2.91472
delay:
[0.    0.88  0.079]
[0. 0. 0.]
[3.645 5.479 0.   ]
69, -1.06547,  0.70935,  2.91493
delay:
[0.    1.316 0.896]
[0. 0. 0.]
[0. 0. 0.]
70, -1.06421,  0.70935,  2.91506
delay:
[0.    0.689 0.   ]
[11.03   0.962  0.   ]
[3.068 0.    0.   ]
71, -1.06381,  0.70968,  2.91465
delay:
[5.487 0.848 0.   ]
[10.528  0.     0.   ]
[0.    5.568 0.   ]
72, -1.06344,  0.70903,  2.91458
delay:
[0.    0.368 0.725]
[10.853  0.325  3.89 ]
[0.    4.811 0.994]
73, -1.06317,  0.70839,  2.91464
delay:
[0.    0.    0.743]
[9.83  0.081 3.65 ]
[3.551 4.306 0.529]
74, -1.06377,  0.70968,  2.91453
delay:
[0. 0. 0.]
[0.    0.53  3.061]
[0.    4.954 0.   ]
75, -1.06410,  0.70871,  2.91448
delay:
[5.492 1.008 0.098]
[0. 0. 0.]
[0.    0.    1.871]
76, -1.06260,  0.70839,  2.91467
delay:
[0.    0.943 1.26 ]
[10.085  0.327  3.77 ]
[3.198 0.    0.   ]
77, -1.06334,  0.70903,  2.91449
delay:
[0.    0.    0.991]
[0.    0.    3.758]
[0.    5.875 0.   ]
78, -1.06251,  0.70871,  2.91435
delay:
[0. 0. 0.]
[10.399  0.183  3.478]
[3.248 0.    0.838]
