Namespace(batch_size=16, d_inner_hid=64, d_k=16, d_model=16, d_rnn=8, d_v=16, data='data/toy/3dim_2000seq_32ev/', device=device(type='cpu'), dropout=0.1, epoch=200, log='data/toy/3dim_2000seq_32ev/epoch200_50_batch16.txt', lr=0.001, lr_delay=0.01, n_head=4, n_layers=1, num_events=32, smooth=0.1)
Epoch, Log-likelihood, Accuracy, RMSE
1, -1.75742,  0.67032,  3.35083
delay:
[0. 0. 0.]
[0. 0. 0.]
[0. 0. 0.]
2, -1.68985,  0.69065,  3.07781
delay:
[0. 0. 0.]
[0. 0. 0.]
[0. 0. 0.]
3, -1.66737,  0.69323,  3.01618
delay:
[0. 0. 0.]
[0. 0. 0.]
[0. 0. 0.]
4, -1.64388,  0.69290,  2.99388
delay:
[0. 0. 0.]
[0. 0. 0.]
[0. 0. 0.]
5, -1.59946,  0.69065,  2.97683
delay:
[0. 0. 0.]
[0. 0. 0.]
[0. 0. 0.]
6, -1.53153,  0.67677,  2.96165
delay:
[0. 0. 0.]
[0. 0. 0.]
[0. 0. 0.]
7, -1.47797,  0.68226,  2.95847
delay:
[0. 0. 0.]
[0. 0. 0.]
[0. 0. 0.]
8, -1.42500,  0.68935,  2.95913
delay:
[0. 0. 0.]
[0. 0. 0.]
[0. 0. 0.]
9, -1.38942,  0.69161,  2.96028
delay:
[0. 0. 0.]
[0. 0. 0.]
[0. 0. 0.]
10, -1.34577,  0.69742,  2.94838
delay:
[0. 0. 0.]
[0. 0. 0.]
[0. 0. 0.]
11, -1.31591,  0.70355,  2.93339
delay:
[0. 0. 0.]
[0. 0. 0.]
[0. 0. 0.]
12, -1.29540,  0.70161,  2.92737
delay:
[0. 0. 0.]
[0. 0. 0.]
[0. 0. 0.]
13, -1.28170,  0.70677,  2.91827
delay:
[0. 0. 0.]
[0. 0. 0.]
[0. 0. 0.]
14, -1.26574,  0.70581,  2.90908
delay:
[0. 0. 0.]
[0. 0. 0.]
[0. 0. 0.]
15, -1.25026,  0.70710,  2.90166
delay:
[0. 0. 0.]
[0. 0. 0.]
[0. 0. 0.]
16, -1.23183,  0.70710,  2.90078
delay:
[0. 0. 0.]
[0. 0. 0.]
[0. 0. 0.]
17, -1.22037,  0.70710,  2.89533
delay:
[0. 0. 0.]
[0. 0. 0.]
[0. 0. 0.]
18, -1.21244,  0.71065,  2.89527
delay:
[0. 0. 0.]
[0. 0. 0.]
[0. 0. 0.]
19, -1.19838,  0.71129,  2.88764
delay:
[0. 0. 0.]
[0. 0. 0.]
[0. 0. 0.]
20, -1.19244,  0.71258,  2.88786
delay:
[0. 0. 0.]
[0. 0. 0.]
[0. 0. 0.]
21, -1.17789,  0.71000,  2.88682
delay:
[0. 0. 0.]
[0. 0. 0.]
[0. 0. 0.]
22, -1.17110,  0.70871,  2.88822
delay:
[0. 0. 0.]
[0. 0. 0.]
[0. 0. 0.]
23, -1.16790,  0.70968,  2.88554
delay:
[0. 0. 0.]
[0. 0. 0.]
[0. 0. 0.]
24, -1.16108,  0.71161,  2.88708
delay:
[0. 0. 0.]
[0. 0. 0.]
[0. 0. 0.]
25, -1.15692,  0.71032,  2.88842
delay:
[0. 0. 0.]
[0. 0. 0.]
[0. 0. 0.]
26, -1.15028,  0.71161,  2.88614
delay:
[0. 0. 0.]
[0. 0. 0.]
[0. 0. 0.]
27, -1.14526,  0.70968,  2.88530
delay:
[0. 0. 0.]
[0. 0. 0.]
[0. 0. 0.]
28, -1.14279,  0.70903,  2.88700
delay:
[0. 0. 0.]
[0. 0. 0.]
[0. 0. 0.]
29, -1.13490,  0.70968,  2.88501
delay:
[0. 0. 0.]
[0. 0. 0.]
[0. 0. 0.]
30, -1.12950,  0.71032,  2.88444
delay:
[0. 0. 0.]
[0. 0. 0.]
[0. 0. 0.]
31, -1.12645,  0.71000,  2.88413
delay:
[0. 0. 0.]
[0. 0. 0.]
[0. 0. 0.]
32, -1.12465,  0.71161,  2.88347
delay:
[0. 0. 0.]
[0. 0. 0.]
[0. 0. 0.]
33, -1.12283,  0.71129,  2.88321
delay:
[0. 0. 0.]
[0. 0. 0.]
[0. 0. 0.]
34, -1.12006,  0.71065,  2.88536
delay:
[0. 0. 0.]
[0. 0. 0.]
[0. 0. 0.]
35, -1.11835,  0.71032,  2.88314
delay:
[0. 0. 0.]
[0. 0. 0.]
[0. 0. 0.]
36, -1.11747,  0.70968,  2.88290
delay:
[0. 0. 0.]
[0. 0. 0.]
[0. 0. 0.]
37, -1.11457,  0.70935,  2.88175
delay:
[0. 0. 0.]
[0. 0. 0.]
[0. 0. 0.]
38, -1.11169,  0.71097,  2.88217
delay:
[0. 0. 0.]
[0. 0. 0.]
[0. 0. 0.]
39, -1.11024,  0.70903,  2.88293
delay:
[0. 0. 0.]
[0. 0. 0.]
[0. 0. 0.]
40, -1.10827,  0.71065,  2.88073
delay:
[0. 0. 0.]
[0. 0. 0.]
[0. 0. 0.]
41, -1.10582,  0.70968,  2.88016
delay:
[0. 0. 0.]
[0. 0. 0.]
[0. 0. 0.]
42, -1.10568,  0.71000,  2.88083
delay:
[0. 0. 0.]
[0. 0. 0.]
[0. 0. 0.]
43, -1.10527,  0.71032,  2.88114
delay:
[0. 0. 0.]
[0. 0. 0.]
[0. 0. 0.]
44, -1.10357,  0.70935,  2.87988
delay:
[0. 0. 0.]
[0. 0. 0.]
[0. 0. 0.]
45, -1.10222,  0.70968,  2.87981
delay:
[0. 0. 0.]
[0. 0. 0.]
[0. 0. 0.]
46, -1.10334,  0.71129,  2.87985
delay:
[0. 0. 0.]
[0. 0. 0.]
[0. 0. 0.]
47, -1.10036,  0.71000,  2.87896
delay:
[0. 0. 0.]
[0. 0. 0.]
[0. 0. 0.]
48, -1.09999,  0.71000,  2.87911
delay:
[0. 0. 0.]
[0. 0. 0.]
[0. 0. 0.]
49, -1.09770,  0.70935,  2.87975
delay:
[0. 0. 0.]
[0. 0. 0.]
[0. 0. 0.]
50, -1.09775,  0.70935,  2.87959
delay:
[0. 0. 0.]
[0. 0. 0.]
[0. 0. 0.]
51, -1.17917,  0.70516,  2.90014
delay:
[ 0.    10.21   3.829]
[2.472 0.    2.845]
[0.   0.   1.55]
52, -1.17878,  0.70581,  2.89959
delay:
[ 0.   10.18  0.  ]
[3.594 0.    0.   ]
[3.685 0.    1.054]
53, -1.17021,  0.70839,  2.89342
delay:
[0.   9.85 0.  ]
[2.362 0.    0.   ]
[0. 0. 0.]
54, -1.16947,  0.70839,  2.89267
delay:
[2.583 0.    3.726]
[2.981 0.    0.   ]
[3.662 0.    0.   ]
55, -1.16590,  0.70935,  2.89313
delay:
[0.    9.988 0.   ]
[2.273 4.393 0.   ]
[0.    0.    0.213]
56, -1.15786,  0.70968,  2.89041
delay:
[1.93 0.   0.  ]
[0.    3.711 0.   ]
[3.886 0.    1.199]
57, -1.15109,  0.71161,  2.88861
delay:
[2.614 9.963 3.846]
[0.    3.821 0.   ]
[4.686 0.    0.   ]
58, -1.14744,  0.71387,  2.88830
delay:
[0.    0.    3.225]
[0. 0. 0.]
[4.464 0.    0.   ]
59, -1.14738,  0.71355,  2.88701
delay:
[0.    9.737 0.   ]
[0. 0. 0.]
[0.    1.471 1.23 ]
60, -1.14613,  0.71194,  2.88768
delay:
[ 2.41  10.032  3.811]
[0.    0.    3.171]
[0.    0.    1.207]
61, -1.14548,  0.71355,  2.88735
delay:
[1.574 0.    2.809]
[0. 0. 0.]
[4.802 0.    1.581]
62, -1.14184,  0.71419,  2.88752
delay:
[ 1.677 10.407  0.   ]
[2.162 4.664 0.   ]
[0.    0.    1.168]
63, -1.14252,  0.71419,  2.88762
delay:
[ 1.514 10.652  3.177]
[3.665 0.    0.   ]
[4.546 0.    1.268]
64, -1.14473,  0.71290,  2.88792
delay:
[0.    0.    4.169]
[0.    4.382 2.677]
[0. 0. 0.]
65, -1.14220,  0.71387,  2.88741
delay:
[2.004 0.    3.736]
[2.946 0.    3.379]
[3.292 0.    0.   ]
66, -1.13987,  0.71355,  2.88700
delay:
[ 1.599 10.545  3.474]
[2.996 4.086 3.742]
[0.    0.949 1.4  ]
67, -1.14053,  0.71387,  2.88727
delay:
[0.    0.    3.411]
[0.   0.   3.15]
[0.    0.    1.035]
68, -1.14038,  0.71387,  2.88730
delay:
[1.68 0.   0.  ]
[3.398 3.824 3.965]
[0.    0.377 0.447]
69, -1.13872,  0.71419,  2.88770
delay:
[ 2.302 10.048  4.021]
[2.942 0.    3.319]
[4.544 0.    1.17 ]
70, -1.14037,  0.71290,  2.88745
delay:
[1.617 0.    0.   ]
[0.   0.   3.76]
[0.    0.    0.255]
71, -1.13997,  0.71290,  2.88723
delay:
[2.645 0.    0.   ]
[2.567 0.    2.638]
[4.793 0.    0.   ]
72, -1.13968,  0.71290,  2.88742
delay:
[2.212 0.    3.821]
[2.774 4.154 0.   ]
[0.    1.221 0.   ]
73, -1.13991,  0.71290,  2.88758
delay:
[ 0.    10.982  3.676]
[3.    3.569 0.   ]
[4.101 1.195 1.091]
74, -1.14018,  0.71258,  2.88758
delay:
[ 2.609 10.154  3.827]
[0. 0. 0.]
[3.594 0.    1.233]
75, -1.13889,  0.71419,  2.88760
delay:
[0.   0.   3.15]
[0.    3.92  3.117]
[3.47 0.   0.  ]
76, -1.13951,  0.71387,  2.88787
delay:
[1.69  9.634 0.   ]
[0.    3.676 0.   ]
[3.951 1.454 0.   ]
77, -1.13885,  0.71419,  2.88752
delay:
[ 3.427 10.416  4.04 ]
[3.425 3.326 0.   ]
[3.696 0.427 0.78 ]
78, -1.13835,  0.71516,  2.88763
delay:
[0. 0. 0.]
[3.465 0.    3.071]
[0.    1.733 0.   ]
79, -1.13886,  0.71387,  2.88775
delay:
[0.    0.    2.156]
[2.42  3.899 0.   ]
[0.    0.644 0.   ]
80, -1.13848,  0.71484,  2.88777
delay:
[2.293 0.    3.327]
[3.306 0.    0.   ]
[3.561 0.    1.267]
81, -1.13801,  0.71516,  2.88771
delay:
[2.028 0.    3.746]
[0.    0.    3.816]
[3.572 0.    1.411]
82, -1.13827,  0.71484,  2.88770
delay:
[2.777 9.662 4.006]
[0.    3.429 0.   ]
[0.    1.037 1.011]
83, -1.13793,  0.71484,  2.88774
delay:
[2.007 8.764 0.   ]
[0. 0. 0.]
[4.274 0.    0.   ]
84, -1.13789,  0.71452,  2.88783
delay:
[0. 0. 0.]
[0.    3.461 0.   ]
[3.882 0.    0.266]
85, -1.13763,  0.71452,  2.88784
delay:
[0.    9.788 0.   ]
[0.    0.    3.492]
[0.    1.038 0.592]
86, -1.13774,  0.71484,  2.88778
delay:
[0.    9.942 3.749]
[3.278 0.    0.   ]
[3.682 0.485 0.647]
87, -1.13757,  0.71452,  2.88775
delay:
[0. 0. 0.]
[0. 0. 0.]
[3.506 2.012 0.   ]
88, -1.13769,  0.71484,  2.88771
delay:
[ 2.147 10.367  0.   ]
[3.162 3.95  3.319]
[0.    0.    0.623]
89, -1.13797,  0.71355,  2.88775
delay:
[0.    0.    3.829]
[0.    0.    2.544]
[0. 0. 0.]
90, -1.13771,  0.71452,  2.88757
delay:
[1.008 0.    3.753]
[3.177 0.    3.785]
[0. 0. 0.]
91, -1.13766,  0.71452,  2.88762
delay:
[0. 0. 0.]
[0.    3.423 0.   ]
[4.101 1.059 1.028]
92, -1.13807,  0.71452,  2.88764
delay:
[2.425 9.725 3.572]
[0.    4.728 2.635]
[0.    0.    1.423]
93, -1.13833,  0.71452,  2.88763
delay:
[ 0.    10.132  0.   ]
[0. 0. 0.]
[3.515 1.516 0.   ]
94, -1.13701,  0.71452,  2.88768
delay:
[0.    9.5   3.787]
[0.    0.    2.656]
[0. 0. 0.]
95, -1.13759,  0.71419,  2.88765
delay:
[2.286 0.    0.   ]
[2.538 0.    0.   ]
[4.197 0.964 0.799]
96, -1.13786,  0.71452,  2.88764
delay:
[2.561 9.97  3.212]
[0.    4.567 0.   ]
[4.439 0.    0.966]
97, -1.13826,  0.71452,  2.88767
delay:
[ 3.077 10.443  0.   ]
[1.767 0.    2.158]
[3.852 0.    0.   ]
98, -1.13793,  0.71452,  2.88769
delay:
[0.    9.215 0.   ]
[0.    0.    3.117]
[4.209 1.151 0.983]
99, -1.13755,  0.71484,  2.88764
delay:
[ 1.832 10.571  0.   ]
[2.671 0.    0.   ]
[3.972 0.    0.   ]
100, -1.13767,  0.71419,  2.88756
delay:
[ 0.    10.14   4.492]
[0.    4.745 0.   ]
[0.    0.558 0.817]
101, -1.13271,  0.71387,  2.88736
delay:
[0. 0. 0.]
[0. 0. 0.]
[0. 0. 0.]
102, -1.13114,  0.71484,  2.88728
delay:
[0. 0. 0.]
[0. 0. 0.]
[0. 0. 0.]
103, -1.12905,  0.71548,  2.88720
delay:
[0. 0. 0.]
[0. 0. 0.]
[0. 0. 0.]
104, -1.12850,  0.71452,  2.88716
delay:
[0. 0. 0.]
[0. 0. 0.]
[0. 0. 0.]
105, -1.12735,  0.71419,  2.88709
delay:
[0. 0. 0.]
[0. 0. 0.]
[0. 0. 0.]
106, -1.12632,  0.71452,  2.88701
delay:
[0. 0. 0.]
[0. 0. 0.]
[0. 0. 0.]
107, -1.12540,  0.71452,  2.88693
delay:
[0. 0. 0.]
[0. 0. 0.]
[0. 0. 0.]
108, -1.12505,  0.71419,  2.88687
delay:
[0. 0. 0.]
[0. 0. 0.]
[0. 0. 0.]
109, -1.12393,  0.71452,  2.88679
delay:
[0. 0. 0.]
[0. 0. 0.]
[0. 0. 0.]
110, -1.12381,  0.71452,  2.88670
delay:
[0. 0. 0.]
[0. 0. 0.]
[0. 0. 0.]
111, -1.12365,  0.71419,  2.88666
delay:
[0. 0. 0.]
[0. 0. 0.]
[0. 0. 0.]
112, -1.12351,  0.71419,  2.88663
delay:
[0. 0. 0.]
[0. 0. 0.]
[0. 0. 0.]
113, -1.12310,  0.71419,  2.88661
delay:
[0. 0. 0.]
[0. 0. 0.]
[0. 0. 0.]
114, -1.12273,  0.71419,  2.88656
delay:
[0. 0. 0.]
[0. 0. 0.]
[0. 0. 0.]
115, -1.12262,  0.71355,  2.88654
delay:
[0. 0. 0.]
[0. 0. 0.]
[0. 0. 0.]
116, -1.12218,  0.71355,  2.88649
delay:
[0. 0. 0.]
[0. 0. 0.]
[0. 0. 0.]
117, -1.12236,  0.71419,  2.88645
delay:
[0. 0. 0.]
[0. 0. 0.]
[0. 0. 0.]
118, -1.12118,  0.71387,  2.88639
delay:
[0. 0. 0.]
[0. 0. 0.]
[0. 0. 0.]
119, -1.12120,  0.71419,  2.88634
delay:
[0. 0. 0.]
[0. 0. 0.]
[0. 0. 0.]
120, -1.12188,  0.71419,  2.88630
delay:
[0. 0. 0.]
[0. 0. 0.]
[0. 0. 0.]
121, -1.12187,  0.71419,  2.88628
delay:
[0. 0. 0.]
[0. 0. 0.]
[0. 0. 0.]
122, -1.12095,  0.71387,  2.88627
delay:
[0. 0. 0.]
[0. 0. 0.]
[0. 0. 0.]
123, -1.12142,  0.71387,  2.88626
delay:
[0. 0. 0.]
[0. 0. 0.]
[0. 0. 0.]
124, -1.12093,  0.71387,  2.88624
delay:
[0. 0. 0.]
[0. 0. 0.]
[0. 0. 0.]
125, -1.12097,  0.71387,  2.88622
delay:
[0. 0. 0.]
[0. 0. 0.]
[0. 0. 0.]
126, -1.12088,  0.71387,  2.88620
delay:
[0. 0. 0.]
[0. 0. 0.]
[0. 0. 0.]
127, -1.12061,  0.71387,  2.88618
delay:
[0. 0. 0.]
[0. 0. 0.]
[0. 0. 0.]
128, -1.12053,  0.71387,  2.88616
delay:
[0. 0. 0.]
[0. 0. 0.]
[0. 0. 0.]
129, -1.12039,  0.71387,  2.88614
delay:
[0. 0. 0.]
[0. 0. 0.]
[0. 0. 0.]
130, -1.12046,  0.71387,  2.88612
delay:
[0. 0. 0.]
[0. 0. 0.]
[0. 0. 0.]
131, -1.12033,  0.71387,  2.88610
delay:
[0. 0. 0.]
[0. 0. 0.]
[0. 0. 0.]
132, -1.12031,  0.71387,  2.88610
delay:
[0. 0. 0.]
[0. 0. 0.]
[0. 0. 0.]
133, -1.12056,  0.71387,  2.88608
delay:
[0. 0. 0.]
[0. 0. 0.]
[0. 0. 0.]
134, -1.12032,  0.71387,  2.88607
delay:
[0. 0. 0.]
[0. 0. 0.]
[0. 0. 0.]
135, -1.12021,  0.71355,  2.88606
delay:
[0. 0. 0.]
[0. 0. 0.]
[0. 0. 0.]
136, -1.12029,  0.71355,  2.88605
delay:
[0. 0. 0.]
[0. 0. 0.]
[0. 0. 0.]
137, -1.12037,  0.71387,  2.88604
delay:
[0. 0. 0.]
[0. 0. 0.]
[0. 0. 0.]
138, -1.11955,  0.71387,  2.88603
delay:
[0. 0. 0.]
[0. 0. 0.]
[0. 0. 0.]
139, -1.12035,  0.71355,  2.88602
delay:
[0. 0. 0.]
[0. 0. 0.]
[0. 0. 0.]
140, -1.12015,  0.71355,  2.88601
delay:
[0. 0. 0.]
[0. 0. 0.]
[0. 0. 0.]
141, -1.11972,  0.71355,  2.88601
delay:
[0. 0. 0.]
[0. 0. 0.]
[0. 0. 0.]
142, -1.12061,  0.71355,  2.88600
delay:
[0. 0. 0.]
[0. 0. 0.]
[0. 0. 0.]
143, -1.11967,  0.71355,  2.88600
delay:
[0. 0. 0.]
[0. 0. 0.]
[0. 0. 0.]
144, -1.11942,  0.71355,  2.88599
delay:
[0. 0. 0.]
[0. 0. 0.]
[0. 0. 0.]
145, -1.11976,  0.71355,  2.88599
delay:
[0. 0. 0.]
[0. 0. 0.]
[0. 0. 0.]
146, -1.11946,  0.71355,  2.88598
delay:
[0. 0. 0.]
[0. 0. 0.]
[0. 0. 0.]
147, -1.12026,  0.71323,  2.88598
delay:
[0. 0. 0.]
[0. 0. 0.]
[0. 0. 0.]
148, -1.11998,  0.71323,  2.88597
delay:
[0. 0. 0.]
[0. 0. 0.]
[0. 0. 0.]
149, -1.11944,  0.71323,  2.88597
delay:
[0. 0. 0.]
[0. 0. 0.]
[0. 0. 0.]
150, -1.11989,  0.71323,  2.88596
delay:
[0. 0. 0.]
[0. 0. 0.]
[0. 0. 0.]
151, -1.11910,  0.71323,  2.88596
delay:
[ 0.    10.474  3.733]
[0.    0.    3.939]
[3.747 0.    0.763]
152, -1.11979,  0.71323,  2.88596
delay:
[0. 0. 0.]
[3.153 3.974 3.459]
[4.398 0.    0.857]
153, -1.11971,  0.71323,  2.88596
delay:
[1.183 0.    0.   ]
[2.987 0.    3.55 ]
[0.    1.358 1.214]
154, -1.11994,  0.71323,  2.88596
delay:
[0. 0. 0.]
[2.847 4.071 0.   ]
[3.544 0.    0.   ]
155, -1.11980,  0.71323,  2.88596
delay:
[ 2.247 10.489  4.546]
[2.11  0.    2.901]
[0. 0. 0.]
156, -1.11972,  0.71355,  2.88596
delay:
[2.347 0.    0.   ]
[2.524 3.799 3.214]
[4.434 0.    0.907]
157, -1.11971,  0.71355,  2.88596
delay:
[1.589 0.    0.   ]
[0.    4.006 2.813]
[0. 0. 0.]
158, -1.11954,  0.71355,  2.88596
delay:
[2.07  9.998 3.282]
[3.881 0.    0.   ]
[3.671 0.745 1.119]
159, -1.11985,  0.71355,  2.88596
delay:
[0.   0.   3.59]
[0.    3.739 3.428]
[4.035 1.635 1.253]
160, -1.11956,  0.71355,  2.88596
delay:
[3.064 0.    3.764]
[0. 0. 0.]
[0.    0.    1.135]
161, -1.11980,  0.71355,  2.88595
delay:
[0. 0. 0.]
[3.642 3.846 3.546]
[0.    1.354 0.608]
162, -1.11966,  0.71355,  2.88595
delay:
[ 0.    11.049  2.87 ]
[0.    3.389 0.   ]
[0.    0.955 0.802]
163, -1.12002,  0.71355,  2.88595
delay:
[ 0.    10.358  0.   ]
[3.525 0.    0.   ]
[4.357 0.    0.   ]
164, -1.11953,  0.71355,  2.88595
delay:
[0.    9.857 0.   ]
[0.    0.    3.081]
[4.081 1.539 0.989]
165, -1.11974,  0.71355,  2.88595
delay:
[0. 0. 0.]
[3.006 0.    0.   ]
[0.    1.184 0.   ]
166, -1.11971,  0.71355,  2.88595
delay:
[0.    9.996 3.627]
[0.    3.747 3.353]
[3.803 1.089 0.   ]
167, -1.11974,  0.71355,  2.88595
delay:
[1.807 0.    3.718]
[0.    0.    3.388]
[3.592 0.87  0.   ]
168, -1.12002,  0.71355,  2.88595
delay:
[0. 0. 0.]
[2.357 0.    2.924]
[0.    1.15  0.481]
169, -1.11977,  0.71355,  2.88595
delay:
[0.    9.893 0.   ]
[3.002 0.    4.153]
[0.    1.306 0.   ]
170, -1.11970,  0.71355,  2.88595
delay:
[ 2.314 10.321  3.87 ]
[0.    4.088 2.355]
[4.128 0.211 0.823]
171, -1.11975,  0.71355,  2.88595
delay:
[0.    0.    3.739]
[0.    3.423 0.   ]
[0.    0.432 1.551]
172, -1.11963,  0.71355,  2.88595
delay:
[ 2.374 10.79   3.119]
[3.544 0.    2.824]
[3.781 0.816 1.673]
173, -1.11998,  0.71355,  2.88595
delay:
[ 2.111 10.912  0.   ]
[0.    3.945 3.626]
[0.    0.997 0.   ]
174, -1.11922,  0.71355,  2.88595
delay:
[0. 0. 0.]
[0.    3.815 0.   ]
[3.705 1.06  0.   ]
175, -1.11951,  0.71355,  2.88595
delay:
[1.561 9.407 3.502]
[0.    0.    3.317]
[0.    1.051 0.   ]
176, -1.11993,  0.71355,  2.88595
delay:
[1.797 9.808 3.746]
[0.   3.52 0.  ]
[4.384 0.675 1.088]
177, -1.11977,  0.71355,  2.88595
delay:
[0.    9.998 4.55 ]
[4.125 3.972 1.916]
[4.425 0.    0.   ]
178, -1.11941,  0.71355,  2.88595
delay:
[ 0.    10.542  0.   ]
[0.    4.126 0.   ]
[4.146 1.097 0.   ]
179, -1.11993,  0.71355,  2.88595
delay:
[ 2.975 10.381  3.578]
[0.    0.    2.787]
[0.    0.411 0.   ]
180, -1.11989,  0.71355,  2.88595
delay:
[ 2.23  10.689  0.   ]
[2.369 0.    0.   ]
[0.    1.206 0.   ]
181, -1.11976,  0.71355,  2.88595
delay:
[0. 0. 0.]
[2.713 4.536 0.   ]
[0.    1.301 0.   ]
182, -1.11996,  0.71355,  2.88595
delay:
[0.857 9.54  0.   ]
[2.845 5.022 0.   ]
[0.    0.    0.366]
183, -1.11966,  0.71355,  2.88595
delay:
[2.727 0.    0.   ]
[3.541 3.56  0.   ]
[3.319 0.518 1.055]
184, -1.11960,  0.71355,  2.88595
delay:
[ 0.    10.531  3.455]
[2.381 0.    3.664]
[3.228 0.    1.296]
185, -1.11991,  0.71355,  2.88595
delay:
[ 0.    10.495  0.   ]
[0.    4.347 3.441]
[0. 0. 0.]
186, -1.12000,  0.71355,  2.88595
delay:
[0.    9.955 3.46 ]
[2.688 3.722 3.16 ]
[0.    0.    1.155]
187, -1.11978,  0.71355,  2.88595
delay:
[0.    9.807 2.831]
[4.28  4.272 4.027]
[0. 0. 0.]
188, -1.12013,  0.71355,  2.88595
delay:
[1.994 0.    0.   ]
[3.56  3.8   2.814]
[0.    1.309 0.   ]
189, -1.11946,  0.71355,  2.88595
delay:
[0. 0. 0.]
[0.    3.754 0.   ]
[0.    1.097 0.   ]
190, -1.11992,  0.71355,  2.88595
delay:
[ 2.288 10.649  3.456]
[3.339 4.001 0.   ]
[3.07 0.   0.  ]
191, -1.11924,  0.71355,  2.88595
delay:
[1.974 9.609 3.464]
[3.644 3.057 0.   ]
[4.333 0.    0.669]
192, -1.11957,  0.71355,  2.88595
delay:
[0.    0.    3.451]
[3.976 0.    0.   ]
[0.   0.   0.59]
193, -1.11962,  0.71355,  2.88595
delay:
[0. 0. 0.]
[2.653 0.    0.   ]
[0.    0.    0.799]
194, -1.12014,  0.71355,  2.88595
delay:
[0.    0.    4.035]
[2.577 0.    2.904]
[3.966 0.661 0.   ]
195, -1.12009,  0.71355,  2.88595
delay:
[0.    0.    3.523]
[2.403 0.    0.   ]
[4.41 0.   0.  ]
196, -1.11982,  0.71355,  2.88595
delay:
[0.    0.    3.211]
[0.    0.    3.181]
[3.4   1.392 0.   ]
197, -1.11969,  0.71355,  2.88595
delay:
[ 0.    10.419  0.   ]
[0.    2.74  2.926]
[3.539 0.    1.057]
198, -1.11939,  0.71355,  2.88595
delay:
[0.    0.    4.323]
[0.    0.    3.086]
[0.    1.279 0.   ]
199, -1.11992,  0.71355,  2.88595
delay:
[2.191 0.    0.   ]
[2.807 0.    1.885]
[3.232 1.164 0.388]
200, -1.11964,  0.71355,  2.88595
delay:
[0. 0. 0.]
[0.    4.123 0.   ]
[0.    0.    0.957]
