Namespace(batch_size=8, d_inner_hid=64, d_k=16, d_model=16, d_rnn=8, d_v=16, data='data/toy/3dim_2000seq_32ev/', device=device(type='cpu'), dropout=0.1, epoch=200, log='data/toy/3dim_2000seq_32ev/epoch200_50.txt', lr=0.001, lr_delay=0.01, n_head=4, n_layers=1, num_events=32, smooth=0.1)
Epoch, Log-likelihood, Accuracy, RMSE
1, -1.69956,  0.67903,  3.09281
delay:
[0. 0. 0.]
[0. 0. 0.]
[0. 0. 0.]
2, -1.65207,  0.68968,  2.98418
delay:
[0. 0. 0.]
[0. 0. 0.]
[0. 0. 0.]
3, -1.59074,  0.68774,  2.94944
delay:
[0. 0. 0.]
[0. 0. 0.]
[0. 0. 0.]
4, -1.50515,  0.69097,  2.92705
delay:
[0. 0. 0.]
[0. 0. 0.]
[0. 0. 0.]
5, -1.44983,  0.69871,  2.91536
delay:
[0. 0. 0.]
[0. 0. 0.]
[0. 0. 0.]
6, -1.40830,  0.69903,  2.90838
delay:
[0. 0. 0.]
[0. 0. 0.]
[0. 0. 0.]
7, -1.36769,  0.70355,  2.90177
delay:
[0. 0. 0.]
[0. 0. 0.]
[0. 0. 0.]
8, -1.32699,  0.70097,  2.90129
delay:
[0. 0. 0.]
[0. 0. 0.]
[0. 0. 0.]
9, -1.30359,  0.70161,  2.89642
delay:
[0. 0. 0.]
[0. 0. 0.]
[0. 0. 0.]
10, -1.26335,  0.70000,  2.88671
delay:
[0. 0. 0.]
[0. 0. 0.]
[0. 0. 0.]
11, -1.23528,  0.70065,  2.88927
delay:
[0. 0. 0.]
[0. 0. 0.]
[0. 0. 0.]
12, -1.21279,  0.70194,  2.88189
delay:
[0. 0. 0.]
[0. 0. 0.]
[0. 0. 0.]
13, -1.19821,  0.70484,  2.88437
delay:
[0. 0. 0.]
[0. 0. 0.]
[0. 0. 0.]
14, -1.17973,  0.70419,  2.88108
delay:
[0. 0. 0.]
[0. 0. 0.]
[0. 0. 0.]
15, -1.17042,  0.70677,  2.88154
delay:
[0. 0. 0.]
[0. 0. 0.]
[0. 0. 0.]
16, -1.15197,  0.70774,  2.88149
delay:
[0. 0. 0.]
[0. 0. 0.]
[0. 0. 0.]
17, -1.13811,  0.70806,  2.88354
delay:
[0. 0. 0.]
[0. 0. 0.]
[0. 0. 0.]
18, -1.12216,  0.70645,  2.88142
delay:
[0. 0. 0.]
[0. 0. 0.]
[0. 0. 0.]
19, -1.11715,  0.70258,  2.88252
delay:
[0. 0. 0.]
[0. 0. 0.]
[0. 0. 0.]
20, -1.09935,  0.71097,  2.88171
delay:
[0. 0. 0.]
[0. 0. 0.]
[0. 0. 0.]
21, -1.08956,  0.70645,  2.87982
delay:
[0. 0. 0.]
[0. 0. 0.]
[0. 0. 0.]
22, -1.08444,  0.70677,  2.87956
delay:
[0. 0. 0.]
[0. 0. 0.]
[0. 0. 0.]
23, -1.07648,  0.70968,  2.88205
delay:
[0. 0. 0.]
[0. 0. 0.]
[0. 0. 0.]
24, -1.07238,  0.70355,  2.87902
delay:
[0. 0. 0.]
[0. 0. 0.]
[0. 0. 0.]
25, -1.06765,  0.70742,  2.88213
delay:
[0. 0. 0.]
[0. 0. 0.]
[0. 0. 0.]
26, -1.05560,  0.70613,  2.88041
delay:
[0. 0. 0.]
[0. 0. 0.]
[0. 0. 0.]
27, -1.04947,  0.71032,  2.88053
delay:
[0. 0. 0.]
[0. 0. 0.]
[0. 0. 0.]
28, -1.03819,  0.71129,  2.88225
delay:
[0. 0. 0.]
[0. 0. 0.]
[0. 0. 0.]
29, -1.03203,  0.70774,  2.87965
delay:
[0. 0. 0.]
[0. 0. 0.]
[0. 0. 0.]
30, -1.02625,  0.70710,  2.88309
delay:
[0. 0. 0.]
[0. 0. 0.]
[0. 0. 0.]
31, -1.02502,  0.70677,  2.88526
delay:
[0. 0. 0.]
[0. 0. 0.]
[0. 0. 0.]
32, -1.01877,  0.71000,  2.88152
delay:
[0. 0. 0.]
[0. 0. 0.]
[0. 0. 0.]
33, -1.01684,  0.70742,  2.88245
delay:
[0. 0. 0.]
[0. 0. 0.]
[0. 0. 0.]
34, -1.01255,  0.70871,  2.88301
delay:
[0. 0. 0.]
[0. 0. 0.]
[0. 0. 0.]
35, -1.00968,  0.70581,  2.88041
delay:
[0. 0. 0.]
[0. 0. 0.]
[0. 0. 0.]
36, -1.00404,  0.70806,  2.88230
delay:
[0. 0. 0.]
[0. 0. 0.]
[0. 0. 0.]
37, -1.00234,  0.70710,  2.88287
delay:
[0. 0. 0.]
[0. 0. 0.]
[0. 0. 0.]
38, -0.99735,  0.70677,  2.88094
delay:
[0. 0. 0.]
[0. 0. 0.]
[0. 0. 0.]
39, -0.99291,  0.70710,  2.88319
delay:
[0. 0. 0.]
[0. 0. 0.]
[0. 0. 0.]
40, -0.99355,  0.71032,  2.88511
delay:
[0. 0. 0.]
[0. 0. 0.]
[0. 0. 0.]
41, -0.98969,  0.70806,  2.88444
delay:
[0. 0. 0.]
[0. 0. 0.]
[0. 0. 0.]
42, -0.98800,  0.70774,  2.88257
delay:
[0. 0. 0.]
[0. 0. 0.]
[0. 0. 0.]
43, -0.98561,  0.70935,  2.88279
delay:
[0. 0. 0.]
[0. 0. 0.]
[0. 0. 0.]
44, -0.98402,  0.70774,  2.88439
delay:
[0. 0. 0.]
[0. 0. 0.]
[0. 0. 0.]
45, -0.98153,  0.71065,  2.88252
delay:
[0. 0. 0.]
[0. 0. 0.]
[0. 0. 0.]
46, -0.98185,  0.70677,  2.88246
delay:
[0. 0. 0.]
[0. 0. 0.]
[0. 0. 0.]
47, -0.97809,  0.70935,  2.88346
delay:
[0. 0. 0.]
[0. 0. 0.]
[0. 0. 0.]
48, -0.97698,  0.70645,  2.88470
delay:
[0. 0. 0.]
[0. 0. 0.]
[0. 0. 0.]
49, -0.97500,  0.70742,  2.88100
delay:
[0. 0. 0.]
[0. 0. 0.]
[0. 0. 0.]
50, -0.97321,  0.70903,  2.88204
delay:
[0. 0. 0.]
[0. 0. 0.]
[0. 0. 0.]
51, -0.97409,  0.70935,  2.88198
delay:
[0. 0. 0.]
[0. 0. 0.]
[0. 0. 0.]
52, -0.97235,  0.70871,  2.88234
delay:
[0. 0. 0.]
[0. 0. 0.]
[0. 0. 0.]
53, -0.97104,  0.70903,  2.88269
delay:
[0. 0. 0.]
[0. 0. 0.]
[0. 0. 0.]
54, -0.97066,  0.70806,  2.88466
delay:
[0. 0. 0.]
[0. 0. 0.]
[0. 0. 0.]
55, -0.97129,  0.70742,  2.88233
delay:
[0. 0. 0.]
[0. 0. 0.]
[0. 0. 0.]
56, -0.96872,  0.70742,  2.88191
delay:
[0. 0. 0.]
[0. 0. 0.]
[0. 0. 0.]
57, -0.96760,  0.70903,  2.88320
delay:
[0. 0. 0.]
[0. 0. 0.]
[0. 0. 0.]
58, -0.96725,  0.70839,  2.88344
delay:
[0. 0. 0.]
[0. 0. 0.]
[0. 0. 0.]
59, -0.96634,  0.70806,  2.88275
delay:
[0. 0. 0.]
[0. 0. 0.]
[0. 0. 0.]
60, -0.96698,  0.70774,  2.88290
delay:
[0. 0. 0.]
[0. 0. 0.]
[0. 0. 0.]
61, -0.96398,  0.70677,  2.88300
delay:
[0. 0. 0.]
[0. 0. 0.]
[0. 0. 0.]
62, -0.96491,  0.70839,  2.88254
delay:
[0. 0. 0.]
[0. 0. 0.]
[0. 0. 0.]
63, -0.96370,  0.70903,  2.88294
delay:
[0. 0. 0.]
[0. 0. 0.]
[0. 0. 0.]
