Namespace(batch_size=4, d_inner_hid=64, d_k=16, d_model=16, d_rnn=8, d_v=16, data='data/toy/3dim_2000seq_32ev/', device=device(type='cpu'), dropout=0.1, epoch=200, log='data/toy/3dim_2000seq_32ev/epoch200.txt', lr=0.001, lr_delay=0.01, n_head=4, n_layers=1, num_events=32, smooth=0.1)
Epoch, Log-likelihood, Accuracy, RMSE
1, -1.64633,  0.68677,  3.00098
delay:
[0. 0. 0.]
[0. 0. 0.]
[0. 0. 0.]
2, -1.53575,  0.69258,  2.95725
delay:
[0. 0. 0.]
[0. 0. 0.]
[0. 0. 0.]
3, -1.42389,  0.69194,  2.92821
delay:
[0. 0. 0.]
[0. 0. 0.]
[0. 0. 0.]
4, -1.32795,  0.70323,  2.90633
delay:
[0. 0. 0.]
[0. 0. 0.]
[0. 0. 0.]
5, -1.28154,  0.69613,  2.89200
delay:
[0. 0. 0.]
[0. 0. 0.]
[0. 0. 0.]
6, -1.16652,  0.70677,  2.88395
delay:
[0. 0. 0.]
[0. 0. 0.]
[0. 0. 0.]
7, -1.09153,  0.70774,  2.89108
delay:
[0. 0. 0.]
[0. 0. 0.]
[0. 0. 0.]
8, -1.03594,  0.71097,  2.87113
delay:
[0. 0. 0.]
[0. 0. 0.]
[0. 0. 0.]
9, -0.98739,  0.71484,  2.87023
delay:
[0. 0. 0.]
[0. 0. 0.]
[0. 0. 0.]
10, -0.94284,  0.71258,  2.87057
delay:
[0. 0. 0.]
[0. 0. 0.]
[0. 0. 0.]
11, -0.92059,  0.70774,  2.86779
delay:
[0. 0. 0.]
[0. 0. 0.]
[0. 0. 0.]
12, -0.90256,  0.71290,  2.87071
delay:
[0. 0. 0.]
[0. 0. 0.]
[0. 0. 0.]
13, -0.88494,  0.70871,  2.86934
delay:
[0. 0. 0.]
[0. 0. 0.]
[0. 0. 0.]
14, -0.86459,  0.70871,  2.86862
delay:
[0. 0. 0.]
[0. 0. 0.]
[0. 0. 0.]
15, -0.85238,  0.70452,  2.87402
delay:
[0. 0. 0.]
[0. 0. 0.]
[0. 0. 0.]
16, -0.82824,  0.70742,  2.86810
delay:
[0. 0. 0.]
[0. 0. 0.]
[0. 0. 0.]
17, -0.81573,  0.70871,  2.86754
delay:
[0. 0. 0.]
[0. 0. 0.]
[0. 0. 0.]
18, -0.80176,  0.70935,  2.86724
delay:
[0. 0. 0.]
[0. 0. 0.]
[0. 0. 0.]
19, -0.78510,  0.70806,  2.86425
delay:
[0. 0. 0.]
[0. 0. 0.]
[0. 0. 0.]
20, -0.76905,  0.70452,  2.86699
delay:
[0. 0. 0.]
[0. 0. 0.]
[0. 0. 0.]
21, -0.75725,  0.70839,  2.87173
delay:
[0. 0. 0.]
[0. 0. 0.]
[0. 0. 0.]
22, -0.74440,  0.70677,  2.86782
delay:
[0. 0. 0.]
[0. 0. 0.]
[0. 0. 0.]
23, -0.74078,  0.70516,  2.86861
delay:
[0. 0. 0.]
[0. 0. 0.]
[0. 0. 0.]
24, -0.73381,  0.70774,  2.86693
delay:
[0. 0. 0.]
[0. 0. 0.]
[0. 0. 0.]
25, -0.72593,  0.70677,  2.86663
delay:
[0. 0. 0.]
[0. 0. 0.]
[0. 0. 0.]
26, -0.71914,  0.70484,  2.86702
delay:
[0. 0. 0.]
[0. 0. 0.]
[0. 0. 0.]
27, -0.71206,  0.70613,  2.86422
delay:
[0. 0. 0.]
[0. 0. 0.]
[0. 0. 0.]
28, -0.70520,  0.70645,  2.86541
delay:
[0. 0. 0.]
[0. 0. 0.]
[0. 0. 0.]
29, -0.69938,  0.70710,  2.86487
delay:
[0. 0. 0.]
[0. 0. 0.]
[0. 0. 0.]
30, -0.69401,  0.70806,  2.86449
delay:
[0. 0. 0.]
[0. 0. 0.]
[0. 0. 0.]
31, -0.69052,  0.70806,  2.86371
delay:
[0. 0. 0.]
[0. 0. 0.]
[0. 0. 0.]
32, -0.68516,  0.70645,  2.86319
delay:
[0. 0. 0.]
[0. 0. 0.]
[0. 0. 0.]
33, -0.68322,  0.70516,  2.86273
delay:
[0. 0. 0.]
[0. 0. 0.]
[0. 0. 0.]
34, -0.67961,  0.70613,  2.86290
delay:
[0. 0. 0.]
[0. 0. 0.]
[0. 0. 0.]
35, -0.67600,  0.70774,  2.86095
delay:
[0. 0. 0.]
[0. 0. 0.]
[0. 0. 0.]
36, -0.67340,  0.70710,  2.86304
delay:
[0. 0. 0.]
[0. 0. 0.]
[0. 0. 0.]
37, -0.67463,  0.70677,  2.86290
delay:
[0. 0. 0.]
[0. 0. 0.]
[0. 0. 0.]
38, -0.66788,  0.70323,  2.86329
delay:
[0. 0. 0.]
[0. 0. 0.]
[0. 0. 0.]
39, -0.66628,  0.70613,  2.86033
delay:
[0. 0. 0.]
[0. 0. 0.]
[0. 0. 0.]
40, -0.66290,  0.70581,  2.86144
delay:
[0. 0. 0.]
[0. 0. 0.]
[0. 0. 0.]
41, -0.66145,  0.70677,  2.86055
delay:
[0. 0. 0.]
[0. 0. 0.]
[0. 0. 0.]
42, -0.65975,  0.70677,  2.85950
delay:
[0. 0. 0.]
[0. 0. 0.]
[0. 0. 0.]
43, -0.65794,  0.70742,  2.85924
delay:
[0. 0. 0.]
[0. 0. 0.]
[0. 0. 0.]
44, -0.65782,  0.70677,  2.85897
delay:
[0. 0. 0.]
[0. 0. 0.]
[0. 0. 0.]
45, -0.65452,  0.70645,  2.85976
delay:
[0. 0. 0.]
[0. 0. 0.]
[0. 0. 0.]
46, -0.65525,  0.70645,  2.85915
delay:
[0. 0. 0.]
[0. 0. 0.]
[0. 0. 0.]
47, -0.65212,  0.70548,  2.85970
delay:
[0. 0. 0.]
[0. 0. 0.]
[0. 0. 0.]
48, -0.64947,  0.70581,  2.85862
delay:
[0. 0. 0.]
[0. 0. 0.]
[0. 0. 0.]
49, -0.65118,  0.70581,  2.86016
delay:
[0. 0. 0.]
[0. 0. 0.]
[0. 0. 0.]
50, -0.64990,  0.70742,  2.85861
delay:
[0. 0. 0.]
[0. 0. 0.]
[0. 0. 0.]
51, -0.64833,  0.70677,  2.85898
delay:
[0. 0. 0.]
[0. 0. 0.]
[0. 0. 0.]
52, -0.64812,  0.70581,  2.85921
delay:
[0. 0. 0.]
[0. 0. 0.]
[0. 0. 0.]
53, -0.64657,  0.70774,  2.85873
delay:
[0. 0. 0.]
[0. 0. 0.]
[0. 0. 0.]
54, -0.64543,  0.70645,  2.85895
delay:
[0. 0. 0.]
[0. 0. 0.]
[0. 0. 0.]
55, -0.64514,  0.70581,  2.85866
delay:
[0. 0. 0.]
[0. 0. 0.]
[0. 0. 0.]
56, -0.64600,  0.70613,  2.85868
delay:
[0. 0. 0.]
[0. 0. 0.]
[0. 0. 0.]
57, -0.64483,  0.70484,  2.85868
delay:
[0. 0. 0.]
[0. 0. 0.]
[0. 0. 0.]
58, -0.64385,  0.70839,  2.85728
delay:
[0. 0. 0.]
[0. 0. 0.]
[0. 0. 0.]
59, -0.64341,  0.70742,  2.85754
delay:
[0. 0. 0.]
[0. 0. 0.]
[0. 0. 0.]
60, -0.64240,  0.70516,  2.85816
delay:
[0. 0. 0.]
[0. 0. 0.]
[0. 0. 0.]
61, -0.64218,  0.70581,  2.85771
delay:
[0. 0. 0.]
[0. 0. 0.]
[0. 0. 0.]
62, -0.64021,  0.70516,  2.85804
delay:
[0. 0. 0.]
[0. 0. 0.]
[0. 0. 0.]
63, -0.64215,  0.70613,  2.85806
delay:
[0. 0. 0.]
[0. 0. 0.]
[0. 0. 0.]
64, -0.64214,  0.70613,  2.85819
delay:
[0. 0. 0.]
[0. 0. 0.]
[0. 0. 0.]
65, -0.64126,  0.70613,  2.85798
delay:
[0. 0. 0.]
[0. 0. 0.]
[0. 0. 0.]
66, -0.64059,  0.70581,  2.85765
delay:
[0. 0. 0.]
[0. 0. 0.]
[0. 0. 0.]
67, -0.64005,  0.70548,  2.85804
delay:
[0. 0. 0.]
[0. 0. 0.]
[0. 0. 0.]
68, -0.64000,  0.70613,  2.85774
delay:
[0. 0. 0.]
[0. 0. 0.]
[0. 0. 0.]
69, -0.64037,  0.70484,  2.85807
delay:
[0. 0. 0.]
[0. 0. 0.]
[0. 0. 0.]
70, -0.63969,  0.70613,  2.85775
delay:
[0. 0. 0.]
[0. 0. 0.]
[0. 0. 0.]
71, -0.63875,  0.70710,  2.85747
delay:
[0. 0. 0.]
[0. 0. 0.]
[0. 0. 0.]
72, -0.63886,  0.70548,  2.85759
delay:
[0. 0. 0.]
[0. 0. 0.]
[0. 0. 0.]
73, -0.63878,  0.70581,  2.85742
delay:
[0. 0. 0.]
[0. 0. 0.]
[0. 0. 0.]
74, -0.63887,  0.70419,  2.85765
delay:
[0. 0. 0.]
[0. 0. 0.]
[0. 0. 0.]
75, -0.64047,  0.70484,  2.85777
delay:
[0. 0. 0.]
[0. 0. 0.]
[0. 0. 0.]
76, -0.63688,  0.70452,  2.85780
delay:
[0. 0. 0.]
[0. 0. 0.]
[0. 0. 0.]
77, -0.63948,  0.70419,  2.85767
delay:
[0. 0. 0.]
[0. 0. 0.]
[0. 0. 0.]
78, -0.63812,  0.70419,  2.85786
delay:
[0. 0. 0.]
[0. 0. 0.]
[0. 0. 0.]
79, -0.63813,  0.70419,  2.85783
delay:
[0. 0. 0.]
[0. 0. 0.]
[0. 0. 0.]
80, -0.63802,  0.70548,  2.85779
delay:
[0. 0. 0.]
[0. 0. 0.]
[0. 0. 0.]
81, -0.63747,  0.70484,  2.85777
delay:
[0. 0. 0.]
[0. 0. 0.]
[0. 0. 0.]
82, -0.64052,  0.70452,  2.85742
delay:
[0. 0. 0.]
[0. 0. 0.]
[0. 0. 0.]
83, -0.63710,  0.70484,  2.85744
delay:
[0. 0. 0.]
[0. 0. 0.]
[0. 0. 0.]
84, -0.63751,  0.70419,  2.85767
delay:
[0. 0. 0.]
[0. 0. 0.]
[0. 0. 0.]
85, -0.63852,  0.70419,  2.85793
delay:
[0. 0. 0.]
[0. 0. 0.]
[0. 0. 0.]
86, -0.63809,  0.70452,  2.85771
delay:
[0. 0. 0.]
[0. 0. 0.]
[0. 0. 0.]
87, -0.63686,  0.70419,  2.85778
delay:
[0. 0. 0.]
[0. 0. 0.]
[0. 0. 0.]
88, -0.63798,  0.70452,  2.85753
delay:
[0. 0. 0.]
[0. 0. 0.]
[0. 0. 0.]
89, -0.63780,  0.70452,  2.85758
delay:
[0. 0. 0.]
[0. 0. 0.]
[0. 0. 0.]
90, -0.63834,  0.70484,  2.85753
delay:
[0. 0. 0.]
[0. 0. 0.]
[0. 0. 0.]
91, -0.63806,  0.70452,  2.85762
delay:
[0. 0. 0.]
[0. 0. 0.]
[0. 0. 0.]
92, -0.63724,  0.70419,  2.85762
delay:
[0. 0. 0.]
[0. 0. 0.]
[0. 0. 0.]
93, -0.63859,  0.70484,  2.85763
delay:
[0. 0. 0.]
[0. 0. 0.]
[0. 0. 0.]
94, -0.63706,  0.70452,  2.85759
delay:
[0. 0. 0.]
[0. 0. 0.]
[0. 0. 0.]
95, -0.63640,  0.70452,  2.85768
delay:
[0. 0. 0.]
[0. 0. 0.]
[0. 0. 0.]
96, -0.63793,  0.70452,  2.85776
delay:
[0. 0. 0.]
[0. 0. 0.]
[0. 0. 0.]
97, -0.63692,  0.70484,  2.85764
delay:
[0. 0. 0.]
[0. 0. 0.]
[0. 0. 0.]
98, -0.63818,  0.70419,  2.85757
delay:
[0. 0. 0.]
[0. 0. 0.]
[0. 0. 0.]
99, -0.63541,  0.70419,  2.85769
delay:
[0. 0. 0.]
[0. 0. 0.]
[0. 0. 0.]
100, -0.63736,  0.70452,  2.85766
delay:
[0. 0. 0.]
[0. 0. 0.]
[0. 0. 0.]
101, -0.64545,  0.70871,  2.85658
delay:
[4.86  0.    3.772]
[3.758 0.    0.   ]
[1.64  0.    0.365]
102, -0.65701,  0.70903,  2.85726
delay:
[0.   6.16 0.  ]
[3.965 5.986 0.   ]
[0.    1.329 0.   ]
103, -0.66889,  0.70774,  2.85829
delay:
[0.    0.    3.372]
[4.61  0.    0.658]
[0.    0.506 0.   ]
104, -0.67609,  0.70710,  2.85915
delay:
[5.416 6.247 3.533]
[3.022 6.683 1.503]
[1.966 1.104 0.   ]
105, -0.68385,  0.70548,  2.86002
delay:
[5.318 5.588 3.09 ]
[0.    6.018 0.09 ]
[0.    0.686 0.89 ]
106, -0.68777,  0.70484,  2.86061
delay:
[0. 0. 0.]
[0. 0. 0.]
[1.527 0.822 0.75 ]
107, -0.69039,  0.70484,  2.86119
delay:
[5.445 5.943 0.   ]
[3.293 6.845 0.   ]
[0.    0.981 0.458]
108, -0.69598,  0.70484,  2.86172
delay:
[0.    0.    3.754]
[3.633 0.    0.738]
[1.804 1.42  0.   ]
109, -0.69659,  0.70452,  2.86199
delay:
[4.745 0.    0.   ]
[3.561 6.906 0.   ]
[0.    1.538 0.   ]
110, -0.70017,  0.70452,  2.86228
delay:
[0. 0. 0.]
[3.251 6.621 0.   ]
[2.081 0.415 0.124]
111, -0.70019,  0.70484,  2.86244
delay:
[5.525 0.    0.   ]
[3.128 6.525 0.   ]
[0.    0.    0.095]
112, -0.70074,  0.70452,  2.86254
delay:
[0.   5.77 0.  ]
[0.    6.675 0.788]
[0.933 1.654 0.   ]
113, -0.70195,  0.70548,  2.86258
delay:
[0.    5.878 0.   ]
[4.052 7.188 0.   ]
[0. 0. 0.]
114, -0.69954,  0.70677,  2.86257
delay:
[5.228 0.    0.   ]
[0.    6.035 0.   ]
[0. 0. 0.]
115, -0.70165,  0.70742,  2.86261
delay:
[5.443 5.461 0.   ]
[0.    6.401 0.   ]
[1.941 0.    0.   ]
116, -0.70058,  0.70742,  2.86274
delay:
[5.472 0.    3.631]
[3.292 6.254 0.075]
[1.921 0.    0.   ]
117, -0.70133,  0.70742,  2.86275
delay:
[4.325 0.    0.   ]
[4.341 6.106 0.508]
[0.    0.919 0.   ]
118, -0.70052,  0.70774,  2.86280
delay:
[0.    0.    3.545]
[4.201 6.72  0.244]
[0.  0.  0.2]
119, -0.69965,  0.70839,  2.86281
delay:
[4.192 5.312 0.   ]
[0.    6.828 0.711]
[1.251 1.4   0.   ]
120, -0.69966,  0.70806,  2.86284
delay:
[5.265 5.76  0.   ]
[3.083 0.    0.   ]
[1.438 0.771 0.425]
121, -0.70087,  0.70806,  2.86285
delay:
[0.    0.    2.496]
[2.991 5.135 0.   ]
[2.198 0.    1.343]
122, -0.69941,  0.70806,  2.86287
delay:
[5.577 0.    1.823]
[3.724 7.095 0.   ]
[1.038 0.    0.   ]
123, -0.70011,  0.70806,  2.86290
delay:
[0.    0.    3.169]
[3.099 0.    0.258]
[0.    0.925 0.422]
124, -0.69975,  0.70839,  2.86293
delay:
[0.    0.    4.077]
[0. 0. 0.]
[0.    0.834 0.659]
125, -0.70235,  0.70774,  2.86296
delay:
[4.689 0.    4.353]
[0.    0.    1.104]
[0.    0.867 0.   ]
126, -0.69988,  0.70839,  2.86297
delay:
[0. 0. 0.]
[0.    6.118 0.   ]
[0.    1.245 0.   ]
127, -0.70086,  0.70806,  2.86300
delay:
[0.    0.    3.215]
[0. 0. 0.]
[1.652 0.    0.478]
128, -0.70035,  0.70774,  2.86303
delay:
[4.893 0.    0.   ]
[4.091 6.19  0.   ]
[0.    0.    0.467]
129, -0.69981,  0.70774,  2.86304
delay:
[0.    5.441 3.813]
[0.    6.666 1.422]
[0. 0. 0.]
130, -0.70095,  0.70774,  2.86306
delay:
[0.    6.121 3.603]
[0.    5.867 1.285]
[1.503 1.485 0.162]
131, -0.69901,  0.70839,  2.86306
delay:
[0.    6.237 3.756]
[0. 0. 0.]
[0. 0. 0.]
132, -0.69919,  0.70839,  2.86308
delay:
[6.699 5.232 3.466]
[0.    6.35  0.673]
[0.847 1.113 0.857]
133, -0.69961,  0.70871,  2.86308
delay:
[0.    0.    3.583]
[3.684 6.086 0.177]
[1.168 0.914 1.687]
134, -0.69869,  0.70871,  2.86309
delay:
[4.924 6.347 0.   ]
[0.    6.46  1.759]
[1.7   1.529 0.007]
135, -0.69878,  0.70935,  2.86308
delay:
[0.   5.68 0.  ]
[3.635 0.    0.   ]
[1.194 0.648 0.   ]
136, -0.69974,  0.70903,  2.86309
delay:
[0. 0. 0.]
[4.011 5.83  1.434]
[1.434 0.    0.083]
137, -0.69909,  0.70903,  2.86312
delay:
[0.    5.338 3.52 ]
[2.973 6.461 0.777]
[0. 0. 0.]
138, -0.69895,  0.70935,  2.86314
delay:
[4.987 0.    4.666]
[0. 0. 0.]
[1.216 0.    0.694]
139, -0.70056,  0.70935,  2.86315
delay:
[5.107 5.154 0.   ]
[3.949 0.    0.   ]
[0.    0.    0.451]
140, -0.70057,  0.70935,  2.86317
delay:
[4.976 5.74  3.184]
[0. 0. 0.]
[0.    0.78  1.303]
141, -0.69958,  0.70935,  2.86318
delay:
[0.    6.007 0.   ]
[2.934 0.    0.   ]
[1.866 0.076 0.   ]
142, -0.69854,  0.70935,  2.86319
delay:
[5.566 5.499 3.221]
[3.962 0.    0.963]
[1.328 0.    0.264]
143, -0.69941,  0.70903,  2.86320
delay:
[0.    0.    3.732]
[0.    6.211 0.   ]
[0. 0. 0.]
144, -0.70037,  0.70903,  2.86321
delay:
[5.302 0.    3.063]
[2.892 6.065 0.   ]
[1.809 0.    0.434]
145, -0.69880,  0.70903,  2.86322
delay:
[5.881 5.605 3.698]
[0.   0.   1.06]
[0.    1.499 0.678]
146, -0.70181,  0.70935,  2.86323
delay:
[6.588 5.354 3.46 ]
[0.    0.    1.141]
[1.317 0.    0.138]
147, -0.69930,  0.70935,  2.86325
delay:
[4.499 0.    3.043]
[3.806 0.    1.08 ]
[0.    0.    0.716]
148, -0.69912,  0.70935,  2.86326
delay:
[0.   0.   3.45]
[0.    0.    0.823]
[1.486 1.792 0.   ]
149, -0.70072,  0.70935,  2.86327
delay:
[6.063 6.331 0.   ]
[0.    6.608 0.   ]
[0.    1.528 0.   ]
150, -0.70084,  0.70935,  2.86328
delay:
[4.998 0.    3.26 ]
[3.338 5.721 0.   ]
[0.    0.768 0.   ]
151, -0.69919,  0.70968,  2.86328
delay:
[5.559 5.185 0.   ]
[0.    5.867 0.811]
[0. 0. 0.]
152, -0.70106,  0.70968,  2.86329
delay:
[0.    5.248 0.   ]
[0.    6.897 0.   ]
[0. 0. 0.]
153, -0.70042,  0.70968,  2.86329
delay:
[0.    5.469 3.919]
[4.304 5.854 0.532]
[1.364 0.    0.   ]
154, -0.70044,  0.70968,  2.86329
delay:
[5.927 5.6   3.772]
[4.289 6.119 0.918]
[0.    0.    0.183]
155, -0.70218,  0.70968,  2.86330
delay:
[0. 0. 0.]
[0.    6.175 0.   ]
[0.    0.    0.855]
156, -0.69837,  0.70968,  2.86330
delay:
[5.295 5.945 0.   ]
[2.864 5.766 0.   ]
[2.071 0.765 0.418]
157, -0.69995,  0.70968,  2.86330
delay:
[0.    6.392 4.227]
[0.    0.    0.606]
[1.136 0.906 0.   ]
158, -0.70128,  0.70968,  2.86330
delay:
[0.    0.    3.835]
[3.931 6.583 0.   ]
[0.    0.    0.338]
159, -0.70022,  0.70968,  2.86331
delay:
[4.643 0.    0.   ]
[3.568 6.038 0.576]
[0.    0.    1.403]
160, -0.70040,  0.70968,  2.86331
delay:
[4.996 5.985 0.   ]
[0.    5.549 0.   ]
[0. 0. 0.]
161, -0.69921,  0.70968,  2.86331
delay:
[5.499 5.855 0.   ]
[3.928 5.977 0.   ]
[0.    1.201 0.326]
162, -0.69989,  0.70968,  2.86331
delay:
[0. 0. 0.]
[3.146 0.    0.   ]
[1.425 0.    1.122]
163, -0.70054,  0.70968,  2.86331
delay:
[0.    5.598 0.   ]
[4.529 0.    0.   ]
[1.279 0.    0.651]
164, -0.69965,  0.70968,  2.86332
delay:
[5.099 0.    3.323]
[0. 0. 0.]
[1.469 0.    0.   ]
165, -0.70054,  0.70968,  2.86332
delay:
[0.    0.    3.706]
[3.394 6.796 0.844]
[0.    0.    0.593]
166, -0.70186,  0.70968,  2.86332
delay:
[0.    5.332 3.491]
[0.    0.    0.707]
[0.    0.    0.431]
167, -0.70088,  0.70968,  2.86332
delay:
[0.    5.312 3.917]
[0.    6.566 0.   ]
[0.785 1.15  0.019]
168, -0.69973,  0.70968,  2.86332
delay:
[4.652 5.625 4.163]
[0. 0. 0.]
[0.    0.378 0.   ]
169, -0.70055,  0.70968,  2.86332
delay:
[5.806 0.    0.   ]
[3.159 6.181 1.472]
[1.755 1.691 0.176]
170, -0.70026,  0.70968,  2.86333
delay:
[0. 0. 0.]
[0.    0.    1.815]
[1.917 1.297 0.   ]
171, -0.70056,  0.70968,  2.86333
delay:
[6.543 6.246 3.118]
[3.724 0.    0.   ]
[0. 0. 0.]
172, -0.70136,  0.70968,  2.86333
delay:
[0. 0. 0.]
[0.    0.    0.245]
[0. 0. 0.]
173, -0.70056,  0.70968,  2.86333
delay:
[0.    5.602 3.687]
[0. 0. 0.]
[0.    0.    0.776]
174, -0.70133,  0.70968,  2.86333
delay:
[6.547 0.    0.   ]
[0. 0. 0.]
[1.633 1.151 0.   ]
175, -0.70023,  0.70968,  2.86333
delay:
[5.15  0.    3.796]
[0.    6.034 0.464]
[0.   1.11 0.  ]
176, -0.70147,  0.70968,  2.86333
delay:
[0.    0.    3.791]
[0.    0.    1.193]
[0.    1.611 0.147]
177, -0.70087,  0.70968,  2.86333
delay:
[6.163 0.    3.365]
[3.68 0.   0.  ]
[1.054 0.    0.   ]
178, -0.70058,  0.70968,  2.86333
delay:
[5.866 0.    0.   ]
[0.    6.69  1.224]
[1.635 1.212 0.   ]
179, -0.70001,  0.70968,  2.86333
delay:
[5.472 5.145 3.813]
[0.    5.493 0.475]
[0.    1.591 0.317]
180, -0.70067,  0.70968,  2.86333
delay:
[0.   5.45 0.  ]
[3.83  6.162 0.   ]
[1.408 0.    0.761]
181, -0.70319,  0.70968,  2.86333
delay:
[0. 0. 0.]
[2.754 0.    1.216]
[0.   0.   0.01]
182, -0.70059,  0.70968,  2.86333
delay:
[0.    5.912 0.   ]
[0.    0.    0.572]
[0.    0.    0.898]
183, -0.70134,  0.70968,  2.86333
delay:
[0.    5.93  3.573]
[2.954 0.    0.   ]
[0.    0.    0.231]
184, -0.70117,  0.70968,  2.86333
delay:
[5.187 6.34  0.   ]
[3.92  0.    1.172]
[0.99  0.    0.602]
185, -0.69980,  0.70968,  2.86333
delay:
[0.    6.393 0.   ]
[0.    6.022 0.   ]
[0.737 0.    0.606]
186, -0.69980,  0.70968,  2.86333
delay:
[0. 0. 0.]
[3.891 0.    0.506]
[0.    0.807 0.   ]
187, -0.69997,  0.70968,  2.86333
delay:
[0.    5.428 0.   ]
[0.    7.042 0.53 ]
[0.    0.226 0.   ]
188, -0.70141,  0.70968,  2.86333
delay:
[5.255 0.    3.724]
[3.398 0.    0.5  ]
[1.959 0.22  0.48 ]
189, -0.70113,  0.70968,  2.86333
delay:
[0.   0.   3.08]
[0. 0. 0.]
[0.    1.603 0.889]
190, -0.70047,  0.70968,  2.86333
delay:
[0.    0.    3.035]
[0. 0. 0.]
[1.031 1.573 0.207]
191, -0.70090,  0.70968,  2.86333
delay:
[5.564 0.    3.822]
[4.128 6.849 0.981]
[0.    0.236 0.643]
192, -0.69737,  0.70968,  2.86333
delay:
[0. 0. 0.]
[0.    0.    0.185]
[2.093 0.    1.46 ]
193, -0.70063,  0.70968,  2.86333
delay:
[5.053 0.    3.918]
[0.    7.11  0.134]
[2.605 0.    0.76 ]
194, -0.69796,  0.70968,  2.86333
delay:
[4.842 6.36  0.   ]
[0.    5.404 0.746]
[0. 0. 0.]
195, -0.69974,  0.70968,  2.86333
delay:
[5.35 0.   0.  ]
[0.    0.    1.198]
[0.431 0.    0.   ]
196, -0.69978,  0.70968,  2.86333
delay:
[4.518 5.526 3.424]
[0.    6.679 0.   ]
[0.    0.349 0.   ]
197, -0.70015,  0.70968,  2.86333
delay:
[0.    0.    3.036]
[0.    0.    1.131]
[1.286 0.425 1.41 ]
198, -0.70203,  0.70968,  2.86333
delay:
[0.    5.285 3.067]
[3.931 0.    0.   ]
[1.28  1.415 0.   ]
199, -0.70041,  0.70968,  2.86333
delay:
[0. 0. 0.]
[3.692 0.    1.01 ]
[1.217 1.406 0.   ]
200, -0.69888,  0.70968,  2.86333
delay:
[0.    5.677 0.   ]
[3.037 6.623 0.   ]
[1.557 1.279 0.846]
