[[2.33465031e-01 6.96428760e-04 2.15427877e-04 ... 0.00000000e+00
  0.00000000e+00 0.00000000e+00]
 [9.92543221e-01 2.33464986e-01 8.60640332e-02 ... 0.00000000e+00
  0.00000000e+00 0.00000000e+00]
 [9.99784529e-01 9.13935959e-01 8.86719525e-01 ... 0.00000000e+00
  0.00000000e+00 0.00000000e+00]
 ...
 [1.00000000e+00 1.00000000e+00 1.00000000e+00 ... 2.33464986e-01
  1.97449297e-01 8.54711793e-03]
 [1.00000000e+00 1.00000000e+00 1.00000000e+00 ... 8.02550673e-01
  8.86719346e-01 1.03176706e-01]
 [1.00000000e+00 1.00000000e+00 1.00000000e+00 ... 9.14969504e-01
  8.96823287e-01 2.33464986e-01]]
[[2.3346502e-01 4.4715640e-04 3.3203050e-04 ... 2.3988655e-38
  0.0000000e+00 0.0000000e+00]
 [9.9520063e-01 2.3346499e-01 1.8442589e-01 ... 1.6332116e-35
  6.8364209e-37 1.8930623e-36]
 [9.9643230e-01 2.9089281e-01 2.3346499e-01 ... 2.1997563e-35
  9.2079066e-37 2.5497465e-36]
 ...
 [1.0000000e+00 1.0000000e+00 1.0000000e+00 ... 8.8671935e-01
  1.2082905e-01 4.7570044e-01]
 [1.0000000e+00 1.0000000e+00 1.0000000e+00 ... 8.7917095e-01
  2.3346499e-01 4.5751965e-01]
 [1.0000000e+00 1.0000000e+00 1.0000000e+00 ... 9.8540813e-01
  5.4248035e-01 8.8671935e-01]]
[[2.33464986e-01 3.29960883e-02 5.61491877e-04 ... 5.23797854e-18
  4.82856384e-18 1.91903689e-18]
 [7.31081605e-01 2.33464986e-01 4.98965522e-03 ... 4.67542103e-17
  4.30997727e-17 1.71293273e-17]
 [9.93980169e-01 9.48714018e-01 2.33464986e-01 ... 2.83966461e-15
  2.61770874e-15 1.04036716e-15]
 ...
 [1.00000000e+00 1.00000000e+00 1.00000000e+00 ... 2.33464986e-01
  2.19216615e-01 1.00384228e-01]
 [1.00000000e+00 1.00000000e+00 1.00000000e+00 ... 2.48344898e-01
  2.33464986e-01 1.07977025e-01]
 [1.00000000e+00 1.00000000e+00 1.00000000e+00 ... 4.53947425e-01
  4.33859110e-01 2.33464986e-01]]
[[2.3346499e-01 8.3886459e-04 2.8913200e-07 ... 0.0000000e+00
  0.0000000e+00 0.0000000e+00]
 [9.9916112e-01 8.8671947e-01 3.4426289e-04 ... 0.0000000e+00
  0.0000000e+00 0.0000000e+00]
 [9.9999976e-01 9.5936942e-01 5.0000000e-01 ... 0.0000000e+00
  0.0000000e+00 0.0000000e+00]
 ...
 [1.0000000e+00 1.0000000e+00 1.0000000e+00 ... 2.3346499e-01
  1.0137806e-01 1.7636051e-02]
 [1.0000000e+00 1.0000000e+00 1.0000000e+00 ... 4.5123279e-01
  2.3346499e-01 4.6227116e-02]
 [1.0000000e+00 1.0000000e+00 1.0000000e+00 ... 8.3785033e-01
  6.5682173e-01 2.3346499e-01]]

[[2.41629362e-01 1.00021005e-01 5.94001380e-04 ... 3.63422287e-27
  5.38739734e-31 2.07052421e-31]
 [4.77379620e-01 2.41629362e-01 1.70104380e-03 ... 1.04188635e-26
  1.54449961e-30 5.93593426e-31]
 [9.94179368e-01 9.83492196e-01 2.41629362e-01 ... 1.94821053e-24
  2.88804101e-28 1.10995303e-28]
 ...
 [1.00000000e+00 1.00000000e+00 1.00000000e+00 ... 2.41629839e-01
  4.72297361e-05 1.81522046e-05]
 [1.00000000e+00 1.00000000e+00 1.00000000e+00 ... 9.99534965e-01
  2.41629839e-01 1.09094404e-01]
 [1.00000000e+00 1.00000000e+00 1.00000000e+00 ... 9.99821246e-01
  4.53260779e-01 2.41629839e-01]]
[[2.4162956e-01 3.3712585e-02 4.9398415e-04 ... 0.0000000e+00
  0.0000000e+00 0.0000000e+00]
 [7.4422735e-01 2.4162953e-01 4.4931895e-03 ... 0.0000000e+00
  0.0000000e+00 0.0000000e+00]
 [9.9515522e-01 9.5743215e-01 2.4162959e-01 ... 0.0000000e+00
  0.0000000e+00 0.0000000e+00]
 ...
 [1.0000000e+00 1.0000000e+00 1.0000000e+00 ... 2.4162984e-01
  3.6280069e-01 4.1790672e-02]
 [1.0000000e+00 1.0000000e+00 1.0000000e+00 ... 6.3719934e-01
  7.9911840e-01 1.9381645e-01]
 [1.0000000e+00 1.0000000e+00 1.0000000e+00 ... 6.9948858e-01
  8.0618352e-01 2.4162984e-01]]
[[2.41629556e-01 6.54809326e-02 1.35266717e-04 ... 4.11135638e-31
  1.80562633e-31 2.63426195e-34]
 [5.91637909e-01 2.41629526e-01 6.14786812e-04 ... 1.86950076e-30
  8.21047727e-31 1.19784178e-33]
 [9.99864697e-01 9.99385238e-01 7.99118698e-01 ... 1.20894136e-26
  1.33467812e-27 6.11136504e-30]
 ...
 [1.00000000e+00 1.00000000e+00 1.00000000e+00 ... 7.99118400e-01
  3.05159837e-01 2.00692005e-03]
 [1.00000000e+00 1.00000000e+00 1.00000000e+00 ... 2.53797863e-02
  5.00000000e-01 4.55801701e-03]
 [1.00000000e+00 1.00000000e+00 1.00000000e+00 ... 9.97993112e-01
  9.95442033e-01 2.41629839e-01]]
[[2.41629586e-01 4.42287959e-02 3.13766883e-04 ... 9.89363872e-32
  4.35111469e-38 0.00000000e+00]
 [6.86888039e-01 2.41629586e-01 2.15637009e-03 ... 6.81197143e-31
  2.99585392e-37 6.79315584e-39]
 [9.96917725e-01 9.79156256e-01 2.41629586e-01 ... 1.00434394e-28
  4.41702879e-35 1.00156214e-36]
 ...
 [1.00000000e+00 1.00000000e+00 1.00000000e+00 ... 5.00000000e-01
  1.38031112e-06 3.12988604e-08]
 [1.00000000e+00 1.00000000e+00 1.00000000e+00 ... 9.99998569e-01
  2.41629839e-01 7.17288069e-03]
 [1.00000000e+00 1.00000000e+00 1.00000000e+00 ... 1.00000000e+00
  9.33560848e-01 2.41629839e-01]]

[[3.5483390e-01 5.8889301e-03 1.1040752e-03 ... 0.0000000e+00
  0.0000000e+00 0.0000000e+00]
 [9.8079246e-01 3.5483408e-01 9.3068995e-02 ... 0.0000000e+00
  0.0000000e+00 0.0000000e+00]
 [9.9889588e-01 9.0693104e-01 9.0637082e-01 ... 0.0000000e+00
  0.0000000e+00 0.0000000e+00]
 ...
 [1.0000000e+00 1.0000000e+00 1.0000000e+00 ... 3.5483497e-01
  4.2810339e-01 1.7704605e-04]
 [1.0000000e+00 1.0000000e+00 1.0000000e+00 ... 5.7189661e-01
  9.0637094e-01 4.2992181e-04]
 [1.0000000e+00 1.0000000e+00 1.0000000e+00 ... 9.9941492e-01
  9.9957007e-01 3.5483497e-01]]
[[3.5483390e-01 2.9504688e-03 1.0712817e-03 ... 0.0000000e+00
  0.0000000e+00 0.0000000e+00]
 [9.9031186e-01 3.5483408e-01 1.6619354e-01 ... 0.0000000e+00
  0.0000000e+00 0.0000000e+00]
 [9.9892873e-01 8.3380646e-01 9.0637082e-01 ... 0.0000000e+00
  0.0000000e+00 0.0000000e+00]
 ...
 [1.0000000e+00 1.0000000e+00 1.0000000e+00 ... 5.0000000e-01
  1.0912566e-01 3.2317173e-04]
 [1.0000000e+00 1.0000000e+00 1.0000000e+00 ... 8.9087433e-01
  3.5483497e-01 1.4494025e-03]
 [1.0000000e+00 1.0000000e+00 1.0000000e+00 ... 9.9967682e-01
  9.9522436e-01 3.5483497e-01]]
[[3.5483390e-01 2.9856807e-03 6.0527559e-06 ... 0.0000000e+00
  0.0000000e+00 0.0000000e+00]
 [9.9019706e-01 3.5483408e-01 1.1104151e-03 ... 0.0000000e+00
  0.0000000e+00 0.0000000e+00]
 [9.9999392e-01 9.9888963e-01 9.0637094e-01 ... 0.0000000e+00
  0.0000000e+00 0.0000000e+00]
 ...
 [1.0000000e+00 1.0000000e+00 1.0000000e+00 ... 3.5483497e-01
  6.0693067e-03 7.1208291e-03]
 [1.0000000e+00 1.0000000e+00 1.0000000e+00 ... 9.8021245e-01
  3.5483497e-01 3.9245236e-01]
 [1.0000000e+00 1.0000000e+00 1.0000000e+00 ... 9.9287921e-01
  6.0754764e-01 9.0637094e-01]]
[[3.54833931e-01 6.16104808e-03 5.20420552e-04 ... 2.23436336e-35
  1.20345575e-35 9.28695535e-38]
 [9.79917347e-01 3.54833901e-01 4.41552997e-02 ... 1.98230390e-33
  1.06769335e-33 8.23922673e-36]
 [9.98281598e-01 8.67515326e-01 3.54833901e-01 ... 2.36007880e-32
  1.27116754e-32 9.80940623e-35]
 ...
 [1.00000000e+00 1.00000000e+00 1.00000000e+00 ... 9.06370938e-01
  3.50064486e-01 7.50059960e-03]
 [1.00000000e+00 1.00000000e+00 1.00000000e+00 ... 1.43122952e-02
  5.00000000e-01 1.38368346e-02]
 [1.00000000e+00 1.00000000e+00 1.00000000e+00 ... 9.92499411e-01
  9.86163199e-01 3.54833752e-01]]

[[2.5244585e-01 3.0071395e-03 7.5492149e-05 ... 2.3181665e-26
  6.6513657e-28 1.2211586e-27]
 [9.7423244e-01 2.5244585e-01 8.3819116e-03 ... 2.5954336e-24
  7.4469110e-26 1.3672220e-25]
 [9.9933833e-01 9.3099290e-01 2.5244585e-01 ... 1.0368967e-22
  2.9751006e-24 5.4621411e-24]
 ...
 [1.0000000e+00 1.0000000e+00 1.0000000e+00 ... 5.0000000e-01
  7.8311436e-02 9.8193355e-04]
 [1.0000000e+00 1.0000000e+00 1.0000000e+00 ... 9.2168850e-01
  2.5244537e-01 3.8271335e-01]
 [1.0000000e+00 1.0000000e+00 1.0000000e+00 ... 9.4995821e-01
  6.1728662e-01 8.3245903e-01]]
[[2.5244585e-01 2.1274712e-04 2.9507203e-07 ... 7.0894946e-38
  3.2927487e-38 1.4624978e-38]
 [9.9813747e-01 2.5244585e-01 4.6805272e-04 ... 1.1250831e-34
  5.2255396e-35 2.3209431e-35]
 [9.9999738e-01 9.9591053e-01 2.5244585e-01 ... 8.1135488e-32
  3.7684039e-32 1.6737507e-32]
 ...
 [1.0000000e+00 1.0000000e+00 1.0000000e+00 ... 2.5244635e-01
  1.3558014e-01 6.5126881e-02]
 [1.0000000e+00 1.0000000e+00 1.0000000e+00 ... 4.2098796e-01
  2.5244635e-01 1.3042739e-01]
 [1.0000000e+00 1.0000000e+00 1.0000000e+00 ... 6.2077963e-01
  4.3191811e-01 2.5244635e-01]]
[[2.5244579e-01 3.5934418e-04 1.9482075e-04 ... 0.0000000e+00
  0.0000000e+00 0.0000000e+00]
 [9.9685764e-01 2.5244585e-01 1.5472996e-01 ... 2.1713839e-36
  1.7241133e-36 4.7845859e-37]
 [9.9829417e-01 3.8384849e-01 2.5244585e-01 ... 4.0057485e-36
  3.1806517e-36 8.8266252e-37]
 ...
 [1.0000000e+00 1.0000000e+00 1.0000000e+00 ... 2.5244635e-01
  2.1144205e-01 6.9257252e-02]
 [1.0000000e+00 1.0000000e+00 1.0000000e+00 ... 7.8855789e-01
  8.3245969e-01 2.1722695e-01]
 [1.0000000e+00 1.0000000e+00 1.0000000e+00 ... 9.3074280e-01
  6.2999979e-02 5.0000000e-01]]
[[2.5244585e-01 4.7286721e-03 1.8084918e-04 ... 5.5310896e-29
  1.6342388e-29 1.5823642e-29]
 [9.6000379e-01 2.5244585e-01 1.2693316e-02 ... 3.9313014e-27
  1.1615719e-27 1.1246966e-27]
 [9.9841630e-01 8.9868385e-01 2.5244585e-01 ... 1.0326201e-25
  3.0510339e-26 2.9541870e-26]
 ...
 [1.0000000e+00 1.0000000e+00 1.0000000e+00 ... 5.0000000e-01
  4.6665195e-01 4.5863238e-01]
 [1.0000000e+00 1.0000000e+00 1.0000000e+00 ... 5.3334808e-01
  2.5244537e-01 2.4640633e-01]
 [1.0000000e+00 1.0000000e+00 1.0000000e+00 ... 5.4136759e-01
  2.5858164e-01 2.5244537e-01]]

[[2.0340812e-01 1.0157617e-01 1.7403383e-02 ... 0.0000000e+00
  0.0000000e+00 0.0000000e+00]
 [3.6576623e-01 2.0340812e-01 3.8463254e-02 ... 0.0000000e+00
  0.0000000e+00 0.0000000e+00]
 [7.8638613e-01 6.1977017e-01 2.0340806e-01 ... 0.0000000e+00
  0.0000000e+00 0.0000000e+00]
 ...
 [1.0000000e+00 1.0000000e+00 1.0000000e+00 ... 2.0340848e-01
  1.6106485e-04 4.1140698e-05]
 [1.0000000e+00 1.0000000e+00 1.0000000e+00 ... 9.9753547e-01
  2.0340848e-01 6.1223038e-02]
 [1.0000000e+00 1.0000000e+00 1.0000000e+00 ... 9.9936944e-01
  4.9995071e-01 2.0340848e-01]]
[[2.0340806e-01 1.0235753e-03 1.2691227e-04 ... 1.8549219e-32
  1.6783013e-34 7.9436568e-35]
 [9.9897647e-01 8.7461221e-01 3.2666010e-01 ... 7.0896623e-29
  6.4146529e-31 5.4077818e-31]
 [9.9805707e-01 6.7333990e-01 2.0340806e-01 ... 3.7316310e-29
  3.3763153e-31 1.5980616e-31]
 ...
 [1.0000000e+00 1.0000000e+00 1.0000000e+00 ... 2.0340848e-01
  2.3050364e-03 1.0923351e-03]
 [1.0000000e+00 1.0000000e+00 1.0000000e+00 ... 9.6577895e-01
  2.0340765e-01 1.0782770e-01]
 [1.0000000e+00 1.0000000e+00 1.0000000e+00 ... 9.9890769e-01
  8.9217228e-01 8.7461251e-01]]
[[2.0340812e-01 8.9958899e-05 7.2139635e-08 ... 0.0000000e+00
  0.0000000e+00 0.0000000e+00]
 [9.9862206e-01 2.0340806e-01 2.0470766e-04 ... 0.0000000e+00
  0.0000000e+00 0.0000000e+00]
 [9.9999893e-01 9.9686962e-01 2.0340806e-01 ... 0.0000000e+00
  0.0000000e+00 0.0000000e+00]
 ...
 [1.0000000e+00 1.0000000e+00 1.0000000e+00 ... 2.0340848e-01
  6.2935688e-02 2.5345802e-02]
 [1.0000000e+00 1.0000000e+00 1.0000000e+00 ... 4.9259725e-01
  2.0340848e-01 8.9973629e-02]
 [1.0000000e+00 1.0000000e+00 1.0000000e+00 ... 7.1488273e-01
  3.9740375e-01 2.0340848e-01]]
[[2.0340812e-01 4.2939964e-03 8.6700969e-04 ... 4.3906632e-31
  9.4609093e-32 2.0247065e-31]
 [9.3796295e-01 2.0340818e-01 4.8870023e-02 ... 2.5997575e-29
  5.6019032e-30 1.1988498e-29]
 [9.9913305e-01 9.5112997e-01 8.7461233e-01 ... 5.0597641e-28
  4.2697135e-28 1.6275152e-27]
 ...
 [1.0000000e+00 1.0000000e+00 1.0000000e+00 ... 5.0000000e-01
  4.5765874e-01 5.2115107e-03]
 [1.0000000e+00 1.0000000e+00 1.0000000e+00 ... 5.4234129e-01
  2.0340848e-01 3.5336483e-01]
 [1.0000000e+00 1.0000000e+00 1.0000000e+00 ... 6.8439698e-01
  6.4663517e-01 8.7461251e-01]]

[[2.88351506e-01 5.70104308e-02 1.38780870e-03 ... 3.52188038e-30
  2.42332223e-30 1.91585060e-30]
 [7.30864525e-01 2.88351506e-01 9.22817178e-03 ... 2.36037957e-29
  1.62412107e-29 1.28401148e-29]
 [9.91606236e-01 9.46313679e-01 2.88351506e-01 ... 1.02682515e-27
  7.06536693e-28 5.58577654e-28]
 ...
 [1.00000000e+00 1.00000000e+00 1.00000000e+00 ... 2.88351238e-01
  2.18017519e-01 1.80607617e-01]
 [1.00000000e+00 1.00000000e+00 1.00000000e+00 ... 3.70621026e-01
  2.88351238e-01 2.42617056e-01]
 [1.00000000e+00 1.00000000e+00 1.00000000e+00 ... 4.26884443e-01
  3.38849455e-01 2.88351238e-01]]
[[2.8835124e-01 2.9725887e-02 7.2603452e-04 ... 1.1492746e-35
  1.8184007e-38 0.0000000e+00]
 [8.4273893e-01 2.8835124e-01 9.5177693e-03 ... 1.5199830e-34
  2.4049414e-37 1.5530365e-38]
 [9.9927396e-01 9.9048221e-01 8.4045869e-01 ... 8.3328050e-32
  6.1767166e-35 3.9887313e-36]
 ...
 [1.0000000e+00 1.0000000e+00 1.0000000e+00 ... 8.4045804e-01
  3.8897088e-03 2.5210186e-04]
 [1.0000000e+00 1.0000000e+00 1.0000000e+00 ... 9.9611026e-01
  2.8835124e-01 2.5498504e-02]
 [1.0000000e+00 1.0000000e+00 1.0000000e+00 ... 9.9974793e-01
  8.6253375e-01 2.8835124e-01]]
[[2.8835151e-01 8.1693325e-03 4.3998170e-04 ... 0.0000000e+00
  0.0000000e+00 0.0000000e+00]
 [9.5222771e-01 2.8835151e-01 2.1194819e-02 ... 0.0000000e+00
  0.0000000e+00 0.0000000e+00]
 [9.9732602e-01 8.8347596e-01 2.8835124e-01 ... 0.0000000e+00
  0.0000000e+00 0.0000000e+00]
 ...
 [1.0000000e+00 1.0000000e+00 1.0000000e+00 ... 2.8835124e-01
  6.6873594e-03 4.6206079e-03]
 [1.0000000e+00 1.0000000e+00 1.0000000e+00 ... 9.6060854e-01
  2.8835124e-01 2.1837242e-01]
 [1.0000000e+00 1.0000000e+00 1.0000000e+00 ... 9.9537945e-01
  7.8162754e-01 8.4045804e-01]]
[[2.8835151e-01 8.4122732e-08 3.2753849e-08 ... 0.0000000e+00
  0.0000000e+00 0.0000000e+00]
 [9.9999952e-01 2.8835151e-01 1.3626546e-01 ... 0.0000000e+00
  0.0000000e+00 0.0000000e+00]
 [9.9999976e-01 5.0996161e-01 2.8835124e-01 ... 0.0000000e+00
  0.0000000e+00 0.0000000e+00]
 ...
 [1.0000000e+00 1.0000000e+00 1.0000000e+00 ... 2.8835124e-01
  3.4223634e-01 2.2095384e-02]
 [1.0000000e+00 1.0000000e+00 1.0000000e+00 ... 6.5776366e-01
  8.4045804e-01 9.6800268e-02]
 [1.0000000e+00 1.0000000e+00 1.0000000e+00 ... 8.7902540e-01
  9.0319967e-01 2.8835124e-01]]

[[3.9863250e-01 4.6588364e-04 1.4538306e-05 ... 9.7591130e-31
  9.0238451e-31 2.7957556e-31]
 [9.9953413e-01 8.3401698e-01 4.4940483e-02 ... 3.1586120e-27
  2.9206595e-27 3.0139115e-27]
 [9.9996686e-01 9.5505953e-01 3.9863250e-01 ... 4.4496044e-26
  4.1143946e-26 1.2747113e-26]
 ...
 [1.0000000e+00 1.0000000e+00 1.0000000e+00 ... 3.9863190e-01
  3.8001329e-01 1.5959275e-01]
 [1.0000000e+00 1.0000000e+00 1.0000000e+00 ... 4.1754833e-01
  3.9863190e-01 1.7037976e-01]
 [1.0000000e+00 1.0000000e+00 1.0000000e+00 ... 8.4040725e-01
  8.2962024e-01 8.3401686e-01]]
[[3.9863250e-01 2.1698248e-01 4.0956127e-04 ... 4.0929641e-26
  2.1986507e-26 7.0766394e-29]
 [6.1325276e-01 3.9863250e-01 9.7915332e-04 ... 9.7907961e-26
  5.2594010e-26 1.6927991e-28]
 [9.9959046e-01 9.9902081e-01 8.3401698e-01 ... 1.5069904e-22
  8.0952218e-23 2.6055410e-25]
 ...
 [1.0000000e+00 1.0000000e+00 1.0000000e+00 ... 3.9863190e-01
  2.6258102e-01 1.1447787e-03]
 [1.0000000e+00 1.0000000e+00 1.0000000e+00 ... 5.5237192e-01
  3.9863190e-01 2.1290013e-03]
 [1.0000000e+00 1.0000000e+00 1.0000000e+00 ... 9.9739850e-01
  9.9516797e-01 3.9863190e-01]]
[[3.9863247e-01 8.2016265e-04 2.2740302e-05 ... 1.4311058e-31
  6.2915150e-32 1.7253010e-32]
 [9.9813545e-01 3.9863250e-01 1.8033465e-02 ... 1.1557106e-28
  5.0807663e-29 1.3932814e-29]
 [9.9994826e-01 9.5988238e-01 3.9863250e-01 ... 4.1715558e-27
  1.8339177e-27 5.0290908e-28]
 ...
 [1.0000000e+00 1.0000000e+00 1.0000000e+00 ... 3.9863190e-01
  2.2565623e-01 7.4000321e-02]
 [1.0000000e+00 1.0000000e+00 1.0000000e+00 ... 6.0124743e-01
  3.9863190e-01 1.5381725e-01]
 [1.0000000e+00 1.0000000e+00 1.0000000e+00 ... 8.4611726e-01
  7.0736742e-01 3.9863190e-01]]
[[3.9863247e-01 4.5848705e-04 1.0332140e-04 ... 8.9304583e-39
  0.0000000e+00 0.0000000e+00]
 [9.9895716e-01 3.9863250e-01 1.2992646e-01 ... 1.2905680e-35
  3.8595655e-39 0.0000000e+00]
 [9.9976486e-01 7.4635708e-01 3.9863250e-01 ... 5.7289393e-35
  1.7132935e-38 0.0000000e+00]
 ...
 [1.0000000e+00 1.0000000e+00 1.0000000e+00 ... 5.0000000e-01
  4.5095326e-04 2.3086160e-09]
 [1.0000000e+00 1.0000000e+00 1.0000000e+00 ... 9.9954897e-01
  3.9863190e-01 9.1422338e-04]
 [1.0000000e+00 1.0000000e+00 1.0000000e+00 ... 9.9999964e-01
  9.9908578e-01 8.3401686e-01]]

[[2.4209799e-01 4.8388455e-02 7.1556070e-03 ... 3.7293796e-38
  0.0000000e+00 0.0000000e+00]
 [6.6740519e-01 2.4209799e-01 4.3314237e-02 ... 2.3427876e-37
  1.0793248e-38 7.2827681e-39]
 [9.3402672e-01 6.9265705e-01 2.4209799e-01 ... 1.6529101e-36
  7.6149754e-38 5.1382610e-38]
 ...
 [1.0000000e+00 1.0000000e+00 1.0000000e+00 ... 2.4209787e-01
  1.4502871e-02 9.8322695e-03]
 [1.0000000e+00 1.0000000e+00 1.0000000e+00 ... 8.7395334e-01
  2.4209787e-01 1.7731912e-01]
 [1.0000000e+00 1.0000000e+00 1.0000000e+00 ... 9.1131359e-01
  3.2129931e-01 2.4209787e-01]]
[[2.4209809e-01 1.3324711e-01 1.5678804e-04 ... 2.3628226e-35
  8.2802148e-37 4.4807328e-37]
 [3.9894256e-01 2.4209809e-01 3.2572824e-04 ... 4.9096519e-35
  1.7205127e-36 9.3103355e-37]
 [9.9846554e-01 9.9681693e-01 2.4209787e-01 ... 4.8131739e-32
  1.6867165e-33 9.1274501e-34]
 ...
 [1.0000000e+00 1.0000000e+00 1.0000000e+00 ... 2.4209787e-01
  1.1070135e-02 6.0210531e-03]
 [1.0000000e+00 1.0000000e+00 1.0000000e+00 ... 9.0113926e-01
  2.4209787e-01 1.4738077e-01]
 [1.0000000e+00 1.0000000e+00 1.0000000e+00 ... 9.4396061e-01
  3.7118635e-01 2.4209787e-01]]
[[2.4209799e-01 3.6820825e-02 4.4427891e-04 ... 4.2077908e-33
  2.1479817e-33 7.0465548e-35]
 [7.2745585e-01 2.4209799e-01 3.7002445e-03 ... 3.5159703e-32
  1.7948232e-32 5.8880016e-34]
 [9.9955565e-01 9.9629980e-01 8.2945919e-01 ... 4.6043999e-29
  4.8326066e-30 4.9630655e-31]
 ...
 [1.0000000e+00 1.0000000e+00 1.0000000e+00 ... 8.2945961e-01
  3.3795741e-01 4.9814094e-02]
 [1.0000000e+00 1.0000000e+00 1.0000000e+00 ... 3.0224433e-02
  5.0000000e-01 9.3134485e-02]
 [1.0000000e+00 1.0000000e+00 1.0000000e+00 ... 9.5018589e-01
  9.0686554e-01 2.4209787e-01]]
[[2.4209809e-01 4.2909007e-03 4.3525512e-04 ... 0.0000000e+00
  0.0000000e+00 0.0000000e+00]
 [9.5947772e-01 2.4209809e-01 3.1267930e-02 ... 0.0000000e+00
  0.0000000e+00 0.0000000e+00]
 [9.9956471e-01 9.6873212e-01 8.2945919e-01 ... 0.0000000e+00
  0.0000000e+00 0.0000000e+00]
 ...
 [1.0000000e+00 1.0000000e+00 1.0000000e+00 ... 2.4209787e-01
  1.2461883e-02 8.2060607e-05]
 [1.0000000e+00 1.0000000e+00 1.0000000e+00 ... 8.8993883e-01
  2.4209787e-01 2.0730845e-03]
 [1.0000000e+00 1.0000000e+00 1.0000000e+00 ... 9.9919635e-01
  9.8004693e-01 2.4209787e-01]]

[[0.24964093 0.07936954 0.00102791 ... 0.         0.         0.        ]
 [0.5621488  0.24964096 0.00395512 ... 0.         0.         0.        ]
 [0.99897206 0.9960448  0.8604899  ... 0.         0.         0.        ]
 ...
 [1.         1.         1.         ... 0.24964099 0.01698865 0.0132962 ]
 [1.         1.         1.         ... 0.8649492  0.24964099 0.20597765]
 [1.         1.         1.         ... 0.89146906 0.29907385 0.24964099]]
[[2.4964093e-01 4.5873132e-02 4.0675249e-02 ... 1.0208844e-35
  5.7121255e-39 0.0000000e+00]
 [6.9717062e-01 2.4964093e-01 2.2684349e-01 ... 7.0643181e-35
  3.9527076e-38 0.0000000e+00]
 [7.2303230e-01 2.7391773e-01 2.4964090e-01 ... 8.0104200e-35
  4.4820812e-38 0.0000000e+00]
 ...
 [1.0000000e+00 1.0000000e+00 1.0000000e+00 ... 8.6048990e-01
  5.5921904e-04 2.2339684e-05]
 [1.0000000e+00 1.0000000e+00 1.0000000e+00 ... 9.6118486e-01
  5.0000000e-01 3.8393632e-02]
 [1.0000000e+00 1.0000000e+00 1.0000000e+00 ... 9.9997771e-01
  9.6160638e-01 2.4964099e-01]]
[[2.4964087e-01 1.6136029e-04 6.2791099e-05 ... 3.0827975e-26
  2.0116930e-26 1.0661677e-32]
 [9.9854410e-01 2.4964099e-01 1.1461410e-01 ... 6.3551278e-23
  4.1470822e-23 2.1979009e-29]
 [9.9943298e-01 4.6092898e-01 2.4964099e-01 ... 1.6332973e-22
  1.0658194e-22 5.6487074e-29]
 ...
 [1.0000000e+00 1.0000000e+00 1.0000000e+00 ... 8.6048990e-01
  3.9487702e-01 1.0395258e-06]
 [1.0000000e+00 1.0000000e+00 1.0000000e+00 ... 2.0791598e-02
  5.0000000e-01 1.5930048e-06]
 [1.0000000e+00 1.0000000e+00 1.0000000e+00 ... 9.9999893e-01
  9.9999845e-01 2.4964099e-01]]
[[2.4964087e-01 2.4850802e-03 3.3664328e-04 ... 1.5332988e-30
  1.3518770e-31 2.1409932e-35]
 [9.7798789e-01 2.4964087e-01 4.3036524e-02 ... 2.0476386e-28
  1.8053664e-29 2.8591929e-33]
 [9.9696678e-01 7.1108502e-01 2.4964099e-01 ... 1.5148077e-27
  1.3355840e-28 2.1151897e-32]
 ...
 [1.0000000e+00 1.0000000e+00 1.0000000e+00 ... 8.6048990e-01
  8.1024505e-02 4.1968735e-05]
 [1.0000000e+00 1.0000000e+00 1.0000000e+00 ... 1.3580891e-01
  5.0000000e-01 4.7580033e-04]
 [1.0000000e+00 1.0000000e+00 1.0000000e+00 ... 9.9995804e-01
  9.9952424e-01 2.4964099e-01]]

