[[ 6.44816494e+00  1.07426512e+00 -5.61890411e+00 ... -9.73592682e+01
  -9.78692017e+01 -9.81744232e+01]
 [ 1.18220654e+01  6.44816494e+00 -2.45004177e-01 ... -9.19853745e+01
  -9.24953079e+01 -9.28005295e+01]
 [ 5.61890411e+00  2.45004177e-01 -6.11948967e-02 ... -9.81885376e+01
  -9.86984711e+01 -9.90036926e+01]
 ...
 [ 1.10255600e+02  1.04881706e+02  9.81885376e+01 ...  6.44816589e+00
   5.93823242e+00  5.63301086e+00]
 [ 1.10765533e+02  1.05391640e+02  9.86984711e+01 ...  6.95809937e+00
   6.44816589e+00  6.14294434e+00]
 [ 1.11070755e+02  1.05696861e+02  9.90036926e+01 ...  7.26332092e+00
   6.75338745e+00  6.44816589e+00]]
[[ 6.4481649e+00 -5.6184473e+00 -1.8637323e+00 ... -6.8436218e+01
  -6.3294937e+01 -7.1444946e+01]
 [ 5.6184473e+00 -6.1194897e-02 -2.6934500e+00 ... -6.2878967e+01
  -6.4124657e+01 -6.5887695e+01]
 [ 1.4760062e+01  2.6934500e+00  6.4481649e+00 ... -6.0124321e+01
  -5.4983040e+01 -6.3133049e+01]
 ...
 [ 6.8436218e+01  6.2756577e+01  6.0124321e+01 ... -6.1195374e-02
  -1.3068848e+00 -3.0699234e+00]
 [ 7.6191269e+01  6.4124657e+01  6.7879372e+01 ...  1.3068848e+00
   6.4481659e+00 -1.7018433e+00]
 [ 7.1444946e+01  6.5765305e+01  6.3133049e+01 ...  2.9475327e+00
   1.7018433e+00 -6.1195374e-02]]
[[ 6.4481649e+00  1.1916921e+00 -7.7793881e-02 ... -8.8718155e+01
  -8.9158348e+01 -8.9437057e+01]
 [ 1.1704638e+01  6.4481649e+00  5.1786790e+00 ... -8.3461685e+01
  -8.3901878e+01 -8.4180588e+01]
 [ 1.2974124e+01  7.7176509e+00  6.4481649e+00 ... -8.2192200e+01
  -8.2632393e+01 -8.2911102e+01]
 ...
 [ 1.0161449e+02  9.6358017e+01  9.5088531e+01 ...  6.4481659e+00
   6.0079727e+00  5.7292633e+00]
 [ 1.0205468e+02  9.6798210e+01  9.5528725e+01 ...  6.8883591e+00
   6.4481659e+00  6.1694565e+00]
 [ 1.0233339e+02  9.7076920e+01  9.5807434e+01 ...  7.1670685e+00
   6.7268753e+00  6.4481659e+00]]
[[  6.448165    6.4338303   2.5601635 ... -51.715652  -45.785378
  -46.420753 ]
 [  6.4624996   6.448165    2.5744982 ... -51.70132   -45.77104
  -46.406418 ]
 [ 10.336166   10.321832    6.448165  ... -47.827652  -41.897373
  -42.53275  ]
 ...
 [ 51.715652   51.70132    47.827652  ...   0.         -0.5178871
   -1.1532631]
 [ 58.681705   58.667374   54.793705  ...   0.5178871   6.448166
    5.81279  ]
 [ 59.31708    59.30275    55.42908   ...   1.1532631   7.083542
    6.448166 ]]

[[ -0.87415296  -5.3447413   -6.2078447  ... -91.492096   -91.649055
  -94.11322   ]
 [  3.596435    -0.87415314  -1.7372565  ... -87.02151    -87.17847
  -89.64263   ]
 [  6.2078447    1.7372565    1.5129867  ... -84.410095   -83.92822
  -87.03122   ]
 ...
 [ 89.74379     85.2732      84.410095   ...  -0.87415314  -1.0311127
   -3.4952774 ]
 [ 91.649055    87.17847     86.9542     ...   1.0311127    1.5129852
   -1.5900116 ]
 [ 92.364914    87.894325    87.03122    ...   1.7469711    1.5900116
   -0.87415314]]
[[ -0.874153    -5.670702    -5.88967    ... -63.693554   -66.02698
  -65.27807   ]
 [  3.9223957   -0.87415314  -1.093121   ... -58.897007   -61.230427
  -60.481518  ]
 [  4.1413636   -0.6551852   -0.87415314 ... -58.67804    -61.01146
  -60.26255   ]
 ...
 [ 63.693554    58.897007    58.67804    ...   1.5129852   -1.4592667
   -0.07152557]
 [ 64.27867     59.48212     59.263153   ...   1.4592667   -0.87415314
   -0.12524414]
 [ 65.27807     60.481518    60.26255    ...   3.097496     0.12524414
    1.5129852 ]]
[[ -0.87415314  -2.4836864   -5.5031996  ... -29.25779    -29.317635
  -29.996109  ]
 [  0.7353802   -0.87415314  -3.8936663  ... -27.648254   -27.7081
  -28.386574  ]
 [  3.7548933    2.14536     -0.87415314 ... -24.628742   -24.688587
  -25.367062  ]
 ...
 [ 27.509483    25.899948    22.880436   ...  -0.87415314  -0.9339981
   -1.6124725 ]
 [ 27.569328    25.959793    22.94028    ...  -0.81430817  -0.87415314
   -1.5526276 ]
 [ 28.247803    26.638268    23.618755   ...  -0.13583374  -0.19567871
   -0.87415314]]
[[ -0.87415314  -5.2078104  -11.070869   ... -85.47409    -86.20435
  -87.55583   ]
 [  5.2078104    1.5129862   -5.863059   ... -79.39213    -80.12239
  -81.47387   ]
 [ 11.070869     2.3248196    0.         ... -73.52907    -74.25933
  -75.61081   ]
 ...
 [ 83.725784    79.39213     73.52907    ...  -0.87415314  -1.6044159
   -2.9558945 ]
 [ 84.45605     80.12239     74.25933    ...  -0.14389038  -0.87415314
   -2.2256317 ]
 [ 85.807526    81.47387     75.61081    ...   1.2075882    0.47732544
   -0.87415314]]

[[ -0.8410053   -1.6154346   -5.46179    ... -44.764267   -51.247116
  -51.95025   ]
 [ -0.066576    -0.8410053   -4.687361   ... -43.989838   -50.472687
  -51.17582   ]
 [  3.7797794    3.00535     -0.8410053  ... -40.14348    -46.626328
  -47.32946   ]
 ...
 [ 43.082256    42.307827    38.46147    ...  -0.8410034   -7.3238525
   -8.026985  ]
 [ 49.565105    48.790676    44.94432    ...   5.6418457   -0.8410034
   -1.544136  ]
 [ 50.268238    49.49381     45.647453   ...   6.3449783   -0.13787079
   -0.8410034 ]]
[[ -0.8410045   -2.4673457   -5.597436   ... -86.901505   -86.47464
  -88.36373   ]
 [  0.7853365   -0.8410046   -3.9710948  ... -85.27516    -84.8483
  -86.73739   ]
 [  3.915427     2.2890859   -0.8410044  ... -82.14507    -81.71821
  -83.6073    ]
 ...
 [ 85.2195      83.593155    80.463066   ...  -0.8410034   -0.4141388
   -2.3032303 ]
 [ 86.47464     84.8483      81.71821    ...   0.4141388    1.0152893
   -1.0480881 ]
 [ 86.681725    85.05538     81.92529    ...   0.62122345   1.0480881
   -0.8410034 ]]
[[ -0.84100455  -1.9546125   -6.550093   ... -51.44587    -52.050903
  -56.85242   ]
 [  0.27260333  -0.8410046   -5.4364853  ... -50.332264   -50.937298
  -55.738815  ]
 [  6.550093     5.4364853    1.0152907  ... -43.88049    -45.500813
  -49.461327  ]
 ...
 [ 51.44587     50.332264    45.911068   ...   1.0152893   -0.6050339
   -4.565548  ]
 [ 52.050903    50.937298    42.213356   ...  -2.6824226    0.
   -3.960514  ]
 [ 55.170414    54.05681     49.461327   ...   4.565548     3.960514
   -0.8410034 ]]
[[ -0.8410044   -2.2596636   -5.9312844  ... -52.49326    -63.255733
  -66.03991   ]
 [  0.57765484  -0.8410044   -4.512625   ... -51.0746     -61.837074
  -64.621254  ]
 [  4.2492757    2.8306165   -0.8410044  ... -47.402977   -58.16545
  -60.94963   ]
 ...
 [ 52.49326     51.0746      47.402977   ...   0.          -9.921471
  -12.70565   ]
 [ 61.573727    60.155067    56.483444   ...   9.921471    -0.8410034
   -3.625183  ]
 [ 64.3579      62.939247    59.267624   ...  12.70565      1.9431763
   -0.8410034 ]]

[[  -0.43960142   -3.7711577    -5.0056195  ...  -97.43524
   -97.20858    -103.34779   ]
 [   2.8919554    -0.43960094   -1.6740627  ...  -94.10368
   -93.87702    -100.016235  ]
 [   5.0056195     1.6740627     1.6691961  ...  -91.99002
   -90.53376     -97.90257   ]
 ...
 [  96.55604      93.22449      91.99002    ...   -0.43959808
    -0.2129364    -6.35215   ]
 [  97.20858      93.87702      93.872154   ...    0.2129364
     1.6691971    -5.6996155 ]
 [ 102.46859      99.13704      97.90257    ...    5.472954
     5.6996155    -0.43959808]]
[[ -0.43960142  -4.2814975   -5.0278144  ... -72.53825    -74.52175
  -78.88741   ]
 [  3.402295    -0.43960094  -1.1859179  ... -68.69635    -70.679855
  -75.04552   ]
 [  5.0278144    1.1859179    1.6691961  ... -67.51044    -69.05434
  -73.42      ]
 ...
 [ 72.53825     68.69635     63.943542   ...   0.          -1.5438995
   -5.909561  ]
 [ 73.64255     69.80065     69.05434    ...   1.5438995   -0.43959808
   -4.8052597 ]
 [ 78.00821     74.16631     73.42       ...   5.909561     3.9260635
   -0.43959808]]
[[  -0.43960142   -4.272748     -8.834552   ... -107.59266
  -110.9019     -110.78364   ]
 [   3.3935456    -0.43960094   -5.001405   ... -103.75951
  -107.06875    -106.950485  ]
 [   8.834552      5.001405      1.6691971  ...  -98.318504
  -101.62775    -100.279884  ]
 ...
 [ 106.713455    102.88031      98.318504   ...   -0.43959808
    -3.7488403    -3.630577  ]
 [ 110.0227      106.18955     101.62775    ...    2.8696442
    -0.43959808   -0.32133484]
 [ 110.78364     106.950485    103.61828    ...    3.630577
     0.32133484    1.6691971 ]]
[[ -0.4396013   -3.7377415   -5.559083   ... -58.66656    -59.12153
  -62.698254  ]
 [  2.8585386   -0.43960142  -2.260943   ... -55.36842    -55.823387
  -59.400112  ]
 [  4.67988      1.3817401   -0.43960142 ... -53.54708    -54.00205
  -57.578773  ]
 ...
 [ 58.66656     55.36842     53.54708    ...   1.6691971   -0.4549675
   -3.5920906 ]
 [ 59.12153     55.823387    54.00205    ...  -3.111927     0.
   -3.137123  ]
 [ 61.81905     58.520912    56.69957    ...   3.5920906    3.137123
   -0.4396019 ]]

[[ -0.7982427   -4.2674665   -6.9789753  ... -43.40179    -46.012913
  -45.566174  ]
 [  2.6709814   -0.79824257  -3.5097513  ... -39.932564   -42.543686
  -42.096947  ]
 [  5.38249      1.9132662   -0.79824257 ... -37.221058   -39.83218
  -39.38544   ]
 ...
 [ 43.40179     39.932564    37.221058   ...   0.          -1.8128777
   -5.091915  ]
 [ 44.416424    40.9472      38.23569    ...   1.8128777   -0.7982445
   -0.35150528]
 [ 45.566174    42.096947    39.38544    ...   2.164383     0.35150528
    1.178791  ]]
[[ -0.79824257  -6.217054   -11.055916   ... -62.89678    -63.460667
  -64.05742   ]
 [  4.6205688   -0.79824257  -5.637104   ... -57.477966   -58.041855
  -58.638603  ]
 [  9.459431     4.040619    -0.79824257 ... -52.639107   -53.202995
  -53.799744  ]
 ...
 [ 61.300297    55.881485    51.042625   ...  -0.79824066  -1.3621292
   -1.9588776 ]
 [ 61.864185    56.445374    51.606514   ...  -0.23435211  -0.79824066
   -1.394989  ]
 [ 62.460934    57.04212     52.203262   ...   0.36239624  -0.20149231
   -0.79824066]]
[[ -0.7982428   -5.8315225   -6.2817907  ... -65.41394    -65.583534
  -66.52611   ]
 [  4.235037    -0.79824257  -1.2485108  ... -60.38066    -60.550255
  -61.49283   ]
 [  4.685305    -0.3479743   -0.79824257 ... -59.93039    -60.099983
  -61.042557  ]
 ...
 [ 63.817455    58.784176    58.333908   ...  -0.79824066  -0.9678345
   -1.910408  ]
 [ 65.583534    60.550255    60.099983   ...   0.9678345    1.1787949
   -0.94257355]
 [ 66.52611     61.49283     61.042557   ...   1.910408    -1.9849625
    0.        ]]
[[ -0.79824257  -3.933361    -6.3365192  ... -47.841606   -48.73808
  -48.7618    ]
 [  2.336876    -0.79824257  -3.2014008  ... -44.70649    -45.60296
  -45.62668   ]
 [  4.740034     1.6049156   -0.79824257 ... -42.30333    -43.199802
  -43.223522  ]
 ...
 [ 47.841606    44.70649     42.30333    ...   0.          -0.09822845
   -0.12194824]
 [ 47.141594    44.006474    41.603317   ...   0.09822845  -0.7982445
   -0.82196426]
 [ 47.165314    44.030193    41.627037   ...   0.12194824  -0.7745247
   -0.7982445 ]]

[[-1.0037706e+00 -1.6028183e+00 -2.9658339e+00 ... -7.3267731e+01
  -7.8685684e+01 -7.9689308e+01]
 [-4.0472293e-01 -1.0037706e+00 -2.3667862e+00 ... -7.2668686e+01
  -7.8086639e+01 -7.9090263e+01]
 [ 9.5829248e-01  3.5924482e-01 -1.0037708e+00 ... -7.1305672e+01
  -7.6723625e+01 -7.7727249e+01]
 ...
 [ 7.1260193e+01  7.0661148e+01  6.9298134e+01 ... -1.0037689e+00
  -6.4217224e+00 -7.4253464e+00]
 [ 7.6678146e+01  7.6079102e+01  7.4716087e+01 ...  4.4141846e+00
  -1.0037689e+00 -2.0073929e+00]
 [ 7.7681770e+01  7.7082726e+01  7.5719711e+01 ...  5.4178085e+00
  -1.4495850e-04 -1.0037689e+00]]
[[ -1.0037708   -5.061345    -6.5969763  ... -53.72418    -57.183903
  -57.7339    ]
 [  5.061345     1.4282131   -0.53186035 ... -47.659065   -51.118786
  -51.24434   ]
 [  4.5894346    0.53186035  -1.0037708  ... -48.130974   -51.5907
  -52.140694  ]
 ...
 [ 51.716637    47.659065    46.123432   ...  -1.0037689   -4.4634933
   -5.013489  ]
 [ 55.17636     51.118786    49.583153   ...   2.4559517   -1.0037727
   -1.5537682 ]
 [ 57.7339      54.100765    52.140694   ...   5.013489     1.5537682
    1.428215  ]]
[[-1.0037706e+00 -6.8500495e+00 -1.2091663e+01 ... -7.7512878e+01
  -7.8494873e+01 -7.9192543e+01]
 [ 4.8425083e+00 -1.0037708e+00 -6.2453842e+00 ... -7.1666603e+01
  -7.2648598e+01 -7.3346268e+01]
 [ 1.0084122e+01  4.2378426e+00 -1.0037708e+00 ... -6.6424988e+01
  -6.7406982e+01 -6.8104652e+01]
 ...
 [ 7.5505341e+01  6.9659058e+01  6.4417450e+01 ... -1.0037689e+00
  -1.9857635e+00 -2.6834335e+00]
 [ 7.6487335e+01  7.0641052e+01  6.5399445e+01 ... -2.1774292e-02
  -1.0037689e+00 -1.7014389e+00]
 [ 7.7185005e+01  7.1338730e+01  6.6097115e+01 ...  6.7589569e-01
  -3.0609894e-01 -1.0037689e+00]]
[[ -1.0037706   -4.004584    -5.183524   ... -51.39754    -52.526142
  -51.966698  ]
 [  1.9970429   -1.0037704   -2.1827106  ... -48.39673    -49.52533
  -48.965885  ]
 [  5.183524     2.1827106    1.4282136  ... -46.214016   -46.33885
  -45.354958  ]
 ...
 [ 51.39754     48.39673     42.921658   ...   0.          -0.12483215
   -3.861515  ]
 [ 50.5186      47.517788    46.33885    ...   0.12483215  -1.0037689
   -0.4443245 ]
 [ 51.966698    48.965885    48.211388   ...   0.56915665   0.4443245
    1.428215  ]]

[[ -0.66426754  -2.0631037   -4.8372355  ... -49.86659    -50.14148
  -50.31426   ]
 [  0.7345686   -0.66426754  -3.4383993  ... -48.467754   -48.742645
  -48.915424  ]
 [  3.5087004    2.1098642   -0.66426754 ... -45.693623   -45.968513
  -46.141293  ]
 ...
 [ 48.538055    47.139217    44.365086   ...  -0.6642685   -0.9391594
   -1.1119385 ]
 [ 48.812943    47.41411     44.639977   ...  -0.3893776   -0.6642685
   -0.8370476 ]
 [ 48.985725    47.586887    44.812756   ...  -0.21659851  -0.4914894
   -0.6642685 ]]
[[ -0.6642685  -2.562912   -5.314108  ... -59.155403  -63.897263
  -65.911896 ]
 [  1.234375   -0.6642685  -3.4154644 ... -57.25676   -61.99862
  -64.01325  ]
 [  5.314108    3.4154644   1.221798  ... -52.619503  -57.918888
  -59.93352  ]
 ...
 [ 59.155403   57.25676    55.063095  ...   1.2217941  -4.077591
   -6.092224 ]
 [ 62.568726   60.670082   57.918888  ...   4.077591   -0.6642685
   -2.6789017]
 [ 64.58336    62.684715   59.93352   ...   6.092224    1.3503647
   -0.6642685]]
[[ -0.66426754  -3.528798    -5.682601   ... -74.28086    -77.29367
  -77.56703   ]
 [  2.200263    -0.66426754  -2.8180704  ... -71.41633    -74.42914
  -74.7025    ]
 [  4.354065     1.4895344   -0.6642685  ... -69.26253    -72.27534
  -72.5487    ]
 ...
 [ 72.952324    70.08779     67.93399    ...  -0.6642685   -3.6770782
   -3.9504395 ]
 [ 75.96513     73.1006      70.9468     ...   2.3485413   -0.6642685
   -0.9376297 ]
 [ 77.56703     74.7025      72.5487     ...   3.9504395    0.9376297
    1.2217941 ]]
[[-6.6426754e-01 -1.1978668e+01 -1.2672239e+01 ... -8.7904762e+01
  -8.7720894e+01 -9.0027290e+01]
 [ 1.0650133e+01 -6.6426754e-01 -1.3578386e+00 ... -7.6590363e+01
  -7.6406494e+01 -7.8712891e+01]
 [ 1.1343704e+01  2.9302597e-02 -6.6426849e-01 ... -7.5896790e+01
  -7.5712921e+01 -7.8019318e+01]
 ...
 [ 8.6576225e+01  7.5261826e+01  7.4568253e+01 ... -6.6426849e-01
  -4.8040009e-01 -2.7867966e+00]
 [ 8.7720894e+01  7.6406494e+01  7.5712921e+01 ...  4.8040009e-01
   1.2217941e+00 -1.6421280e+00]
 [ 8.8698753e+01  7.7384354e+01  7.6690781e+01 ...  1.4582596e+00
   1.6421280e+00 -6.6426849e-01]]

[[ -0.3023281   -5.640521    -8.1902275  ... -50.81025    -50.867844
  -51.72944   ]
 [  5.640521     1.1870356   -2.2473783  ... -44.8674     -44.92499
  -44.901882  ]
 [  7.5855713    2.2473783   -0.3023281  ... -42.92235    -42.979942
  -43.841537  ]
 ...
 [ 50.205593    44.8674      42.317696   ...  -0.30233002  -0.3599205
   -1.2215157 ]
 [ 50.263184    44.92499     42.375282   ...  -0.24473953  -0.30233002
   -1.1639252 ]
 [ 51.72944     47.27595     43.841537   ...   1.2215157    1.1639252
    1.1870346 ]]
[[ -0.3023281   -0.9436312   -5.735305   ... -42.98378    -43.440712
  -47.66042   ]
 [  0.33897495  -0.3023281   -5.094002   ... -42.342476   -42.799408
  -47.019115  ]
 [  5.735305     5.094002     1.1870356  ... -36.946144   -37.403076
  -41.622784  ]
 ...
 [ 42.37912     41.73782     36.946144   ...  -0.30233002  -0.7592621
   -4.9789696 ]
 [ 42.836052    42.19475     37.403076   ...   0.15460205  -0.30233002
   -4.5220375 ]
 [ 47.055763    46.41446     41.622784   ...   4.3743095    3.9173775
   -0.30233002]]
[[ -0.3023283   -5.2244024   -7.861286   ... -52.22183    -52.82612
  -53.777443  ]
 [  4.6197457   -0.3023281   -2.9392118  ... -47.299755   -47.904045
  -48.85537   ]
 [  7.2566295    2.3345556   -0.3023281  ... -44.662872   -45.267162
  -46.218487  ]
 ...
 [ 51.617172    46.6951      44.058212   ...  -0.30233002  -0.90662
   -1.8579445 ]
 [ 52.221462    47.29939     44.662506   ...   0.30196     -0.30233002
   -1.2536545 ]
 [ 53.172787    48.250713    45.61383    ...   1.2532845    0.64899445
   -0.30233002]]
[[ -0.3023283   -5.652294    -6.748208   ... -64.42011    -70.386925
  -75.229095  ]
 [  5.047638    -0.3023281   -1.398242   ... -59.070145   -65.03696
  -69.87913   ]
 [  6.143552     0.7935858   -0.3023281  ... -57.974228   -63.94104
  -68.78321   ]
 ...
 [ 64.42011     59.070145    57.974228   ...   0.          -5.664482
  -14.622513  ]
 [ 69.782265    64.4323      63.336384   ...   5.664482    -0.30233002
   -5.1445007 ]
 [ 75.229095    69.87913     68.78321    ...  10.808983     5.1445007
    1.1870346 ]]

[[ -0.8391261   -2.1903644   -3.6269689  ... -63.36911    -65.63204
  -65.92131   ]
 [  0.51211214  -0.8391261   -2.2757306  ... -62.01787    -64.28081
  -64.570076  ]
 [  1.9487166    0.5974784   -0.8391261  ... -60.58127    -62.8442
  -63.13347   ]
 ...
 [ 61.690857    60.339622    58.903015   ...  -0.8391266   -3.1020584
   -3.391327  ]
 [ 63.95379     62.602554    61.165947   ...   1.4238052   -0.8391266
   -1.1283951 ]
 [ 64.24306     62.891823    61.455215   ...   1.7130737   -0.5498581
   -0.8391266 ]]
[[ -0.83912563  -1.376874    -6.441514   ... -58.625454   -61.089542
  -61.541073  ]
 [ -0.3013773   -0.83912563  -5.9037657  ... -58.087704   -60.551792
  -61.003323  ]
 [  4.763262     4.2255135   -0.8391266  ... -53.023064   -55.487152
  -55.938683  ]
 ...
 [ 56.9472      56.409454    51.34481    ...  -0.8391266   -3.303215
   -3.7547455 ]
 [ 59.41129     58.873543    53.8089     ...   1.6249619   -0.8391266
   -1.290657  ]
 [ 59.86282     59.325073    54.26043    ...   2.0764923   -0.38759613
   -0.8391266 ]]
[[ -0.8391261  -2.4001293  -5.6754513 ... -54.81498   -55.309395
  -57.822014 ]
 [  0.7218771  -0.8391261  -4.114448  ... -53.253975  -53.748394
  -56.261013 ]
 [  5.6754513   4.114448    1.1630878 ... -47.976437  -49.633945
  -51.307438 ]
 ...
 [ 54.81498    53.253975   50.302612  ...   1.1630898  -0.4944191
   -2.1679115]
 [ 55.309395   53.748394   46.589222  ...  -2.5503044   0.
   -1.6734924]
 [ 56.143764   54.58276    51.307438  ...   2.1679115   1.6734924
   -0.8391266]]
[[ -0.83912563  -4.0051165   -5.690546   ... -84.140366   -86.51634
  -90.218864  ]
 [  2.3268652   -0.83912563  -2.5245552  ... -80.97438    -83.35036
  -87.05288   ]
 [  5.690546     2.5245552    1.1630878  ... -77.610695   -79.98667
  -83.68919   ]
 ...
 [ 82.46211     79.29613     77.610695   ...  -0.8391266   -3.2151031
   -6.9176254 ]
 [ 84.83809     81.672104    79.98667    ...   1.53685     -0.8391266
   -4.541649  ]
 [ 88.54062     85.374626    83.68919    ...   5.2393723    2.8633957
   -0.8391266 ]]

[[ -0.80921197  -1.8021647   -5.0582337  ... -90.98506    -93.15973
  -93.34268   ]
 [  0.18374085  -0.80921185  -4.065281   ... -89.9921     -92.16677
  -92.349724  ]
 [  5.0582337    4.065281     1.3377681  ... -85.117615   -87.29228
  -87.475235  ]
 ...
 [ 89.36664     88.37368     85.117615   ...  -0.80921173  -2.983879
   -3.166832  ]
 [ 91.541306    90.54835     87.29228    ...   1.3654556   -0.80921173
   -0.9921646 ]
 [ 91.72426     90.7313      87.475235   ...   1.5484085   -0.62625885
   -0.80921173]]
[[ -0.80921197  -2.2315567   -2.323978   ... -59.242508   -64.748695
  -67.92608   ]
 [  0.6131327   -0.80921197  -0.90163326 ... -57.820164   -63.326347
  -66.50373   ]
 [  0.7055539   -0.7167908   -0.8092121  ... -57.727745   -63.23393
  -66.41131   ]
 ...
 [ 59.242508    57.820164    57.727745   ...   1.3377686   -5.5061836
   -7.8743553 ]
 [ 64.748695    63.326347    63.23393    ...   2.3598213    0.
   -2.3681717 ]
 [ 66.307655    64.88531     64.792885   ...   7.8743553    2.3681717
   -0.80921173]]
[[ -0.8092122   -6.4203744   -7.1144366  ... -43.19219    -43.506054
  -54.13136   ]
 [  4.8019505   -0.80921173  -1.503274   ... -37.581024   -37.89489
  -48.520195  ]
 [  5.4960127   -0.1151495   -0.80921173 ... -36.886963   -37.20083
  -47.826134  ]
 ...
 [ 43.19219     37.581024    36.886963   ...   1.3377686   -0.31386566
  -10.129959  ]
 [ 43.506054    37.89489     37.20083    ...  -2.8324966    0.
   -9.816093  ]
 [ 52.512936    46.90177     46.20771    ...  10.129959     9.816093
   -0.80921173]]
[[ -0.8092122   -4.4080606   -5.879522   ... -50.47804    -52.263706
  -58.697945  ]
 [  2.7896361   -0.8092122   -2.2806735  ... -46.87919    -48.664856
  -55.099094  ]
 [  4.261098     0.66224957  -0.80921173 ... -45.407726   -47.193394
  -53.627632  ]
 ...
 [ 50.47804     46.87919     45.407726   ...   1.3377686   -1.7856674
   -7.410694  ]
 [ 52.263706    48.664856    47.193394   ...  -1.3606949    0.
   -5.6250267 ]
 [ 57.07952     53.48067     52.00921    ...   7.410694     5.6250267
   -0.80921173]]

