Namespace(data='data/toy_one/5dim_10000seq_32ev/', epoch=100, batch_size=128, d_model=16, d_rnn=8, d_inner_hid=32, d_k=16, d_v=16, n_head=1, n_layers=1, dropout=0.1, lr=0.001, smooth=0.1, log='data/toy_one/5dim_10000seq_32ev/100_20_input16_hidden64_softplus_batch128_grad_lr0001.txt', num_events=64, lr_delay=0.001, n_hidden=64, n_input=16, device=device(type='cpu'))
Epoch, Log-likelihood-Test, Accuracy, RMSE, Log-likelihood-Train, Gradient_Masker, Gradient_THP
1,  0.25796,  0.33665,  0.18919, -0.15130,  0.00000,  3795.55233
delay:
0.0
0.0
0.0
0.0
0.0
2,  0.69182,  0.33665,  0.29648,  0.52814,  0.00000,  2028.58514
delay:
0.0
0.0
0.0
0.0
0.0
3,  0.76831,  0.39787,  0.23533,  0.75609,  0.00000,  1024.47620
delay:
0.0
0.0
0.0
0.0
0.0
4,  0.78356,  0.40303,  0.19120,  0.79365,  0.00000,  743.84820
delay:
0.0
0.0
0.0
0.0
0.0
5,  0.78860,  0.40535,  0.18072,  0.80299,  0.00000,  761.59021
delay:
0.0
0.0
0.0
0.0
0.0
6,  0.79187,  0.40755,  0.17906,  0.80664,  0.00000,  558.79469
delay:
0.0
0.0
0.0
0.0
0.0
7,  0.79577,  0.40916,  0.17938,  0.80989,  0.00000,  553.26526
delay:
0.0
0.0
0.0
0.0
0.0
8,  0.79938,  0.40826,  0.17985,  0.81318,  0.00000,  618.47878
delay:
0.0
0.0
0.0
0.0
0.0
9,  0.80416,  0.40935,  0.17902,  0.81685,  0.00000,  482.08995
delay:
0.0
0.0
0.0
0.0
0.0
10,  0.81366,  0.40884,  0.18261,  0.82268,  0.00000,  490.19352
delay:
0.0
0.0
0.0
0.0
0.0
11,  0.82116,  0.40839,  0.18599,  0.83065,  0.00000,  453.69771
delay:
0.0
0.0
0.0
0.0
0.0
12,  0.82968,  0.40890,  0.18705,  0.83765,  0.00000,  464.41115
delay:
0.0
0.0
0.0
0.0
0.0
13,  0.83744,  0.40735,  0.18586,  0.84501,  0.00000,  425.12988
delay:
0.0
0.0
0.0
0.0
0.0
14,  0.84560,  0.40781,  0.18468,  0.85235,  0.00000,  454.36357
delay:
0.0
0.0
0.0
0.0
0.0
15,  0.85282,  0.40742,  0.18361,  0.85951,  0.00000,  479.95843
delay:
0.0
0.0
0.0
0.0
0.0
16,  0.86002,  0.40781,  0.18318,  0.86626,  0.00000,  454.80061
delay:
0.0
0.0
0.0
0.0
0.0
17,  0.86717,  0.40742,  0.18290,  0.87272,  0.00000,  433.25331
delay:
0.0
0.0
0.0
0.0
0.0
18,  0.87404,  0.40768,  0.18339,  0.87964,  0.00000,  450.34430
delay:
0.0
0.0
0.0
0.0
0.0
19,  0.88201,  0.40645,  0.18580,  0.88629,  0.00000,  474.51704
delay:
0.0
0.0
0.0
0.0
0.0
20,  0.88936,  0.40787,  0.18973,  0.89327,  0.00000,  480.26066
delay:
0.0
0.0
0.0
0.0
0.0
21,  0.90662,  0.40768,  0.19602,  0.89759,  113.31112,  567.89484
delay:
0.001
0.401
0.246
2.077
0.0
22,  0.92936,  0.40703,  0.19499,  0.92238,  207.17263,  474.56321
delay:
0.001
0.221
0.219
3.176
0.0
23,  0.94896,  0.40813,  0.19013,  0.94197,  244.02716,  540.03197
delay:
0.044
0.214
0.203
2.979
0.0
24,  0.96727,  0.40768,  0.18411,  0.95855,  285.88423,  524.26702
delay:
2.798
0.197
0.204
3.135
0.0
25,  0.98650,  0.40884,  0.18151,  0.97397,  331.05307,  555.86390
delay:
2.83
0.13
0.189
3.041
0.0
26,  1.00509,  0.40897,  0.18422,  0.99085,  350.12861,  622.61922
delay:
2.835
0.171
0.183
2.913
0.0
27,  1.02470,  0.40865,  0.18673,  1.00826,  300.08332,  682.22414
delay:
2.798
0.149
0.182
2.855
0.0
28,  1.04571,  0.40948,  0.18694,  1.02644,  330.09353,  590.86381
delay:
2.783
0.144
0.147
2.911
0.0
29,  1.06501,  0.40968,  0.18522,  1.04431,  327.46829,  674.03199
delay:
2.718
0.136
0.181
2.772
0.0
30,  1.08530,  0.40942,  0.18423,  1.06339,  370.53572,  684.20561
delay:
2.67
0.122
0.149
2.803
0.0
31,  1.09506,  0.40916,  0.18380,  1.07699,  228.60870,  665.79737
delay:
2.636
0.141
0.151
2.819
0.0
32,  1.10594,  0.40852,  0.18337,  1.08702,  286.22510,  721.58899
delay:
2.532
0.142
0.129
2.788
0.0
33,  1.11592,  0.40832,  0.18318,  1.09578,  306.16833,  750.20150
delay:
2.43
0.154
0.13
2.812
0.0
34,  1.12593,  0.40890,  0.18251,  1.10586,  334.82342,  747.40975
delay:
2.297
0.131
0.126
2.842
0.0
35,  1.13508,  0.40890,  0.18220,  1.11548,  274.15463,  829.25079
delay:
2.257
0.14
0.119
2.833
0.0
36,  1.14533,  0.40871,  0.18185,  1.12507,  223.62004,  791.25384
delay:
2.196
0.129
0.13
2.848
0.0
37,  1.15294,  0.40923,  0.18136,  1.13279,  312.58001,  839.77063
delay:
2.291
0.136
0.118
2.853
0.0
38,  1.16115,  0.40948,  0.18096,  1.14135,  259.04012,  899.98652
delay:
2.117
0.118
0.112
2.868
0.0
39,  1.16866,  0.40839,  0.18066,  1.14906,  226.72942,  882.13131
delay:
2.183
0.14
0.105
2.868
0.0
40,  1.17590,  0.40961,  0.18029,  1.15576,  270.75289,  881.15674
delay:
2.417
0.114
0.116
2.856
0.0
41,  0.79284,  0.40839,  0.17974,  1.16260,  217.56675,  959.23395
delay:
2.417
0.114
0.116
2.856
0.0
42,  0.79542,  0.40858,  0.17967,  1.16609,  217.56675,  1016.77926
delay:
2.417
0.114
0.116
2.856
0.0
43,  0.79170,  0.40858,  0.17962,  1.16985,  217.56675,  903.58627
delay:
2.417
0.114
0.116
2.856
0.0
44,  0.78543,  0.40884,  0.17959,  1.17295,  217.56675,  863.96884
delay:
2.417
0.114
0.116
2.856
0.0
45,  0.77642,  0.40858,  0.17960,  1.17522,  217.56675,  935.37675
delay:
2.417
0.114
0.116
2.856
0.0
46,  0.76701,  0.40871,  0.17952,  1.17865,  217.56675,  1031.59786
delay:
2.417
0.114
0.116
2.856
0.0
47,  0.76012,  0.40813,  0.17947,  1.18196,  217.56675,  915.94416
delay:
2.417
0.114
0.116
2.856
0.0
48,  0.74909,  0.40877,  0.17951,  1.18497,  217.56675,  1110.69083
delay:
2.417
0.114
0.116
2.856
0.0
49,  0.73701,  0.40819,  0.17944,  1.18837,  217.56675,  845.29562
delay:
2.417
0.114
0.116
2.856
0.0
50,  0.69618,  0.40794,  0.17942,  1.15548,  217.56675,  2580.24101
delay:
2.417
0.114
0.116
2.856
0.0
51,  0.69451,  0.40832,  0.17938,  1.17904,  217.56675,  1016.45459
delay:
2.417
0.114
0.116
2.856
0.0
52,  0.69716,  0.40884,  0.17937,  1.18391,  217.56675,  979.19223
delay:
2.417
0.114
0.116
2.856
0.0
53,  0.69671,  0.40884,  0.17937,  1.18818,  217.56675,  993.62886
delay:
2.417
0.114
0.116
2.856
0.0
54,  0.69733,  0.40890,  0.17936,  1.19132,  217.56675,  989.80866
delay:
2.417
0.114
0.116
2.856
0.0
55,  0.69769,  0.40910,  0.17935,  1.19405,  217.56675,  935.42206
delay:
2.417
0.114
0.116
2.856
0.0
56,  0.69532,  0.40923,  0.17933,  1.19613,  217.56675,  963.14874
delay:
2.417
0.114
0.116
2.856
0.0
57,  0.69330,  0.40910,  0.17932,  1.19800,  217.56675,  911.42802
delay:
2.417
0.114
0.116
2.856
0.0
58,  0.69089,  0.40929,  0.17933,  1.20034,  217.56675,  1077.16164
delay:
2.417
0.114
0.116
2.856
0.0
59,  0.68873,  0.40929,  0.17930,  1.20180,  217.56675,  958.29148
delay:
2.417
0.114
0.116
2.856
0.0
60,  0.68737,  0.40916,  0.17929,  1.20332,  217.56675,  955.34216
delay:
2.417
0.114
0.116
2.856
0.0
61,  1.22248,  0.40948,  0.17962,  1.20626,  130.31698,  1167.28445
delay:
2.433
0.102
0.16
2.82
0.0
62,  1.22584,  0.40955,  0.17945,  1.20957,  155.34801,  1298.13775
delay:
2.525
0.112
0.165
2.812
0.0
63,  1.22930,  0.40942,  0.17938,  1.21245,  162.23560,  1192.65448
delay:
2.648
0.102
0.149
2.818
0.0
64,  1.23307,  0.40935,  0.17930,  1.21591,  219.43823,  1707.93219
delay:
2.69
0.109
0.156
2.811
0.0
65,  1.23628,  0.40961,  0.17923,  1.21935,  181.84044,  1244.73617
delay:
2.743
0.104
0.147
2.816
0.0
66,  1.23912,  0.40968,  0.17926,  1.22187,  166.08054,  1257.71782
delay:
2.763
0.107
0.149
2.812
0.0
67,  1.24201,  0.40935,  0.17913,  1.22437,  148.36752,  1040.44247
delay:
2.797
0.094
0.149
2.811
0.0
68,  1.24579,  0.40948,  0.17902,  1.22770,  180.51060,  1267.60426
delay:
2.839
0.088
0.129
2.824
0.0
69,  1.24850,  0.40955,  0.17907,  1.23001,  150.67297,  1143.65678
delay:
2.855
0.098
0.128
2.823
0.0
70,  1.25105,  0.40987,  0.17896,  1.23243,  151.48500,  1065.13697
delay:
2.856
0.086
0.131
2.821
0.0
71,  1.25210,  0.40974,  0.17896,  1.23449,  121.74373,  1021.57294
delay:
2.867
0.083
0.127
2.825
0.0
72,  1.25356,  0.41000,  0.17891,  1.23524,  143.92100,  1008.10961
delay:
2.874
0.084
0.122
2.828
0.0
73,  1.25532,  0.40987,  0.17888,  1.23626,  138.05401,  1074.91138
delay:
2.882
0.08
0.119
2.831
0.0
74,  1.25629,  0.40968,  0.17893,  1.23819,  139.18488,  998.50204
delay:
2.881
0.076
0.124
2.827
0.0
75,  1.25697,  0.40974,  0.17884,  1.23896,  152.10496,  1137.72955
delay:
2.888
0.075
0.12
2.83
0.0
76,  1.25892,  0.40981,  0.17882,  1.24030,  148.32469,  1117.68292
delay:
2.893
0.081
0.116
2.832
0.0
77,  1.26012,  0.41000,  0.17883,  1.24135,  113.77634,  1099.10050
delay:
2.896
0.074
0.116
2.832
0.0
78,  1.26149,  0.40974,  0.17877,  1.24293,  158.28120,  1045.47015
delay:
2.891
0.072
0.123
2.827
0.0
79,  1.26236,  0.40955,  0.17875,  1.24350,  128.16296,  1043.75732
delay:
2.899
0.074
0.116
2.832
0.0
80,  1.26376,  0.41000,  0.17872,  1.24472,  147.31388,  1075.09230
delay:
2.898
0.073
0.121
2.827
0.0
81,  0.50730,  0.40903,  0.17880,  1.24584,  51.23739,  1056.65413
delay:
2.898
0.073
0.121
2.827
0.0
82,  0.50556,  0.40903,  0.17885,  1.24608,  51.23739,  967.84716
delay:
2.898
0.073
0.121
2.827
0.0
83,  0.50637,  0.40884,  0.17880,  1.24719,  51.23739,  1053.28452
delay:
2.898
0.073
0.121
2.827
0.0
84,  0.50611,  0.40910,  0.17885,  1.24721,  51.23739,  1010.12730
delay:
2.898
0.073
0.121
2.827
0.0
85,  0.50365,  0.40903,  0.17882,  1.24755,  51.23739,  953.49136
delay:
2.898
0.073
0.121
2.827
0.0
86,  0.50160,  0.40897,  0.17878,  1.24849,  51.23739,  1023.78271
delay:
2.898
0.073
0.121
2.827
0.0
87,  0.50111,  0.40910,  0.17881,  1.24902,  51.23739,  1034.45379
delay:
2.898
0.073
0.121
2.827
0.0
88,  0.50157,  0.40903,  0.17882,  1.24901,  51.23739,  1083.64582
delay:
2.898
0.073
0.121
2.827
0.0
89,  0.50133,  0.40897,  0.17886,  1.24961,  51.23739,  987.77566
delay:
2.898
0.073
0.121
2.827
0.0
90,  0.49942,  0.40884,  0.17879,  1.24981,  51.23739,  1053.43347
delay:
2.898
0.073
0.121
2.827
0.0
91,  0.49783,  0.40903,  0.17880,  1.25036,  51.23739,  929.44832
delay:
2.898
0.073
0.121
2.827
0.0
92,  0.49650,  0.40903,  0.17876,  1.25029,  51.23739,  941.63672
delay:
2.898
0.073
0.121
2.827
0.0
93,  0.49516,  0.40903,  0.17878,  1.25094,  51.23739,  990.16596
delay:
2.898
0.073
0.121
2.827
0.0
94,  0.49499,  0.40903,  0.17874,  1.25123,  51.23739,  977.22568
delay:
2.898
0.073
0.121
2.827
0.0
95,  0.49453,  0.40903,  0.17875,  1.25096,  51.23739,  1044.52748
delay:
2.898
0.073
0.121
2.827
0.0
96,  0.49366,  0.40903,  0.17879,  1.25132,  51.23739,  994.53655
delay:
2.898
0.073
0.121
2.827
0.0
97,  0.49242,  0.40903,  0.17876,  1.25181,  51.23739,  975.31411
delay:
2.898
0.073
0.121
2.827
0.0
98,  0.49115,  0.40916,  0.17873,  1.25215,  51.23739,  959.60138
delay:
2.898
0.073
0.121
2.827
0.0
99,  0.48935,  0.40903,  0.17874,  1.25202,  51.23739,  958.17079
delay:
2.898
0.073
0.121
2.827
0.0
100,  0.49434,  0.40884,  0.17863,  1.17845,  51.23739,  5322.58638
delay:
2.898
0.073
0.121
2.827
0.0
