Namespace(data='data/toy/5dim_20000seq_32ev_row/', epoch=100, batch_size=16, d_model=16, d_rnn=8, d_inner_hid=64, d_k=16, d_v=16, n_head=1, n_layers=1, dropout=0.1, lr=0.001, smooth=0.1, log='data/toy/5dim_20000seq_32ev_row/100_25_001.txt', num_events=32, lr_delay=0.01, device=device(type='cpu'))
Epoch, Log-likelihood, Accuracy, RMSE, Gradient_Masker, Gradient_THP
1, -0.65193,  0.22061,  1.17036, -0.76275,  0.00000,  120.59426
delay:
[0. 0. 0. 0. 0.]
[0. 0. 0. 0. 0.]
[0. 0. 0. 0. 0.]
[0. 0. 0. 0. 0.]
[0. 0. 0. 0. 0.]
2, -0.42291,  0.22332,  1.15971, -0.56010,  0.00000,  408.67909
delay:
[0. 0. 0. 0. 0.]
[0. 0. 0. 0. 0.]
[0. 0. 0. 0. 0.]
[0. 0. 0. 0. 0.]
[0. 0. 0. 0. 0.]
3, -0.23580,  0.22306,  1.15692, -0.36011,  0.00000,  439.10970
delay:
[0. 0. 0. 0. 0.]
[0. 0. 0. 0. 0.]
[0. 0. 0. 0. 0.]
[0. 0. 0. 0. 0.]
[0. 0. 0. 0. 0.]
4, -0.14896,  0.22035,  1.15419, -0.23450,  0.00000,  438.07775
delay:
[0. 0. 0. 0. 0.]
[0. 0. 0. 0. 0.]
[0. 0. 0. 0. 0.]
[0. 0. 0. 0. 0.]
[0. 0. 0. 0. 0.]
5, -0.09097,  0.22558,  1.15146, -0.16075,  0.00000,  419.36376
delay:
[0. 0. 0. 0. 0.]
[0. 0. 0. 0. 0.]
[0. 0. 0. 0. 0.]
[0. 0. 0. 0. 0.]
[0. 0. 0. 0. 0.]
6, -0.04735,  0.22726,  1.14932, -0.10688,  0.00000,  355.82460
delay:
[0. 0. 0. 0. 0.]
[0. 0. 0. 0. 0.]
[0. 0. 0. 0. 0.]
[0. 0. 0. 0. 0.]
[0. 0. 0. 0. 0.]
7, -0.01268,  0.22584,  1.14750, -0.06662,  0.00000,  353.85942
delay:
[0. 0. 0. 0. 0.]
[0. 0. 0. 0. 0.]
[0. 0. 0. 0. 0.]
[0. 0. 0. 0. 0.]
[0. 0. 0. 0. 0.]
8,  0.01796,  0.22300,  1.14688, -0.03182,  0.00000,  337.57806
delay:
[0. 0. 0. 0. 0.]
[0. 0. 0. 0. 0.]
[0. 0. 0. 0. 0.]
[0. 0. 0. 0. 0.]
[0. 0. 0. 0. 0.]
9,  0.04162,  0.22635,  1.14685, -0.00140,  0.00000,  296.36372
delay:
[0. 0. 0. 0. 0.]
[0. 0. 0. 0. 0.]
[0. 0. 0. 0. 0.]
[0. 0. 0. 0. 0.]
[0. 0. 0. 0. 0.]
10,  0.06192,  0.22200,  1.14717,  0.02317,  0.00000,  274.47328
delay:
[0. 0. 0. 0. 0.]
[0. 0. 0. 0. 0.]
[0. 0. 0. 0. 0.]
[0. 0. 0. 0. 0.]
[0. 0. 0. 0. 0.]
11,  0.07402,  0.22397,  1.14706,  0.04248,  0.00000,  242.87633
delay:
[0. 0. 0. 0. 0.]
[0. 0. 0. 0. 0.]
[0. 0. 0. 0. 0.]
[0. 0. 0. 0. 0.]
[0. 0. 0. 0. 0.]
12,  0.08413,  0.22745,  1.14724,  0.05395,  0.00000,  239.26887
delay:
[0. 0. 0. 0. 0.]
[0. 0. 0. 0. 0.]
[0. 0. 0. 0. 0.]
[0. 0. 0. 0. 0.]
[0. 0. 0. 0. 0.]
13,  0.09407,  0.22477,  1.14739,  0.06404,  0.00000,  238.78589
delay:
[0. 0. 0. 0. 0.]
[0. 0. 0. 0. 0.]
[0. 0. 0. 0. 0.]
[0. 0. 0. 0. 0.]
[0. 0. 0. 0. 0.]
14,  0.10392,  0.22503,  1.14757,  0.07445,  0.00000,  231.19135
delay:
[0. 0. 0. 0. 0.]
[0. 0. 0. 0. 0.]
[0. 0. 0. 0. 0.]
[0. 0. 0. 0. 0.]
[0. 0. 0. 0. 0.]
15,  0.11233,  0.22526,  1.14729,  0.08432,  0.00000,  227.88158
delay:
[0. 0. 0. 0. 0.]
[0. 0. 0. 0. 0.]
[0. 0. 0. 0. 0.]
[0. 0. 0. 0. 0.]
[0. 0. 0. 0. 0.]
16,  0.12033,  0.22452,  1.14747,  0.09351,  0.00000,  226.30795
delay:
[0. 0. 0. 0. 0.]
[0. 0. 0. 0. 0.]
[0. 0. 0. 0. 0.]
[0. 0. 0. 0. 0.]
[0. 0. 0. 0. 0.]
17,  0.12987,  0.22545,  1.14746,  0.10348,  0.00000,  217.83597
delay:
[0. 0. 0. 0. 0.]
[0. 0. 0. 0. 0.]
[0. 0. 0. 0. 0.]
[0. 0. 0. 0. 0.]
[0. 0. 0. 0. 0.]
18,  0.13745,  0.22268,  1.14768,  0.11245,  0.00000,  214.86883
delay:
[0. 0. 0. 0. 0.]
[0. 0. 0. 0. 0.]
[0. 0. 0. 0. 0.]
[0. 0. 0. 0. 0.]
[0. 0. 0. 0. 0.]
19,  0.14636,  0.22600,  1.14778,  0.12090,  0.00000,  209.54794
delay:
[0. 0. 0. 0. 0.]
[0. 0. 0. 0. 0.]
[0. 0. 0. 0. 0.]
[0. 0. 0. 0. 0.]
[0. 0. 0. 0. 0.]
20,  0.15334,  0.22403,  1.14764,  0.12957,  0.00000,  210.54236
delay:
[0. 0. 0. 0. 0.]
[0. 0. 0. 0. 0.]
[0. 0. 0. 0. 0.]
[0. 0. 0. 0. 0.]
[0. 0. 0. 0. 0.]
21,  0.15784,  0.22526,  1.14786,  0.13645,  0.00000,  197.87261
delay:
[0. 0. 0. 0. 0.]
[0. 0. 0. 0. 0.]
[0. 0. 0. 0. 0.]
[0. 0. 0. 0. 0.]
[0. 0. 0. 0. 0.]
22,  0.16188,  0.22490,  1.14787,  0.14016,  0.00000,  194.85583
delay:
[0. 0. 0. 0. 0.]
[0. 0. 0. 0. 0.]
[0. 0. 0. 0. 0.]
[0. 0. 0. 0. 0.]
[0. 0. 0. 0. 0.]
23,  0.16574,  0.22435,  1.14793,  0.14438,  0.00000,  195.87927
delay:
[0. 0. 0. 0. 0.]
[0. 0. 0. 0. 0.]
[0. 0. 0. 0. 0.]
[0. 0. 0. 0. 0.]
[0. 0. 0. 0. 0.]
24,  0.16936,  0.22219,  1.14782,  0.14877,  0.00000,  192.87626
delay:
[0. 0. 0. 0. 0.]
[0. 0. 0. 0. 0.]
[0. 0. 0. 0. 0.]
[0. 0. 0. 0. 0.]
[0. 0. 0. 0. 0.]
25,  0.17306,  0.22474,  1.14804,  0.15290,  0.00000,  187.77747
delay:
[0. 0. 0. 0. 0.]
[0. 0. 0. 0. 0.]
[0. 0. 0. 0. 0.]
[0. 0. 0. 0. 0.]
[0. 0. 0. 0. 0.]
26,  0.16828,  0.22410,  1.14783,  0.14088,  75.77556,  188.18659
delay:
[0.024 0.052 0.033 0.041 0.053 0.011 0.001 0.006 0.018 0.041 0.003 0.035
 0.007 0.026 0.05  0.014 0.036 0.019 0.046 0.032 0.02  0.058 0.051 0.013
 0.011]
27,  0.16076,  0.22616,  1.14800,  0.16275,  8.66497,  165.87929
delay:
[0.015 0.116 0.11  0.13  0.115 0.099 0.058 0.1   0.103 0.093 0.093 0.086
 0.005 0.092 0.108 0.073 0.093 0.085 0.017 0.109 0.095 0.087 0.095 0.111
 0.001]
28,  0.14515,  0.22490,  1.14865,  0.17144,  9.03546,  156.57753
delay:
[0.002 0.164 0.16  0.159 0.159 0.136 0.024 0.118 0.116 0.125 0.124 0.128
 0.014 0.108 0.138 0.118 0.127 0.122 0.001 0.129 0.125 0.133 0.14  0.115
 0.009]
29,  0.13625,  0.22600,  1.14901,  0.17871,  10.08774,  150.51335
delay:
[0.005 0.161 0.156 0.146 0.145 0.133 0.014 0.127 0.127 0.141 0.148 0.142
 0.005 0.14  0.159 0.126 0.128 0.123 0.009 0.148 0.139 0.146 0.133 0.152
 0.007]
30,  0.13008,  0.22532,  1.14917,  0.18535,  10.72940,  141.12636
delay:
[0.013 0.161 0.181 0.181 0.157 0.142 0.013 0.136 0.145 0.14  0.137 0.159
 0.004 0.144 0.145 0.131 0.142 0.14  0.001 0.141 0.129 0.15  0.128 0.137
 0.   ]
31,  0.12752,  0.22739,  1.14913,  0.18969,  11.42639,  135.10354
delay:
[0.001 0.167 0.164 0.164 0.159 0.139 0.002 0.131 0.139 0.136 0.148 0.145
 0.001 0.144 0.142 0.133 0.14  0.143 0.004 0.143 0.139 0.15  0.146 0.138
 0.   ]
32,  0.12420,  0.22626,  1.14939,  0.19198,  11.78360,  135.34340
delay:
[0.004 0.17  0.168 0.164 0.167 0.14  0.002 0.147 0.141 0.137 0.147 0.142
 0.003 0.141 0.155 0.133 0.137 0.13  0.002 0.143 0.139 0.152 0.148 0.144
 0.002]
33,  0.12665,  0.22723,  1.14927,  0.19466,  12.07323,  132.39252
delay:
[0.003 0.164 0.161 0.163 0.145 0.145 0.011 0.142 0.132 0.133 0.154 0.156
 0.007 0.155 0.152 0.14  0.143 0.139 0.001 0.133 0.147 0.143 0.142 0.139
 0.001]
34,  0.12819,  0.22632,  1.14913,  0.19671,  12.65038,  134.16795
delay:
[0.002 0.174 0.16  0.158 0.167 0.144 0.001 0.141 0.146 0.147 0.142 0.149
 0.011 0.145 0.15  0.133 0.144 0.144 0.012 0.138 0.141 0.154 0.148 0.141
 0.002]
35,  0.12487,  0.22719,  1.14943,  0.19932,  12.29245,  130.66957
delay:
[0.    0.16  0.163 0.158 0.152 0.135 0.    0.145 0.137 0.139 0.137 0.151
 0.022 0.144 0.152 0.138 0.132 0.137 0.003 0.148 0.129 0.148 0.148 0.135
 0.005]
36,  0.12082,  0.22632,  1.14943,  0.20121,  12.97198,  129.59630
delay:
[0.001 0.164 0.151 0.157 0.144 0.132 0.003 0.138 0.134 0.132 0.143 0.148
 0.001 0.144 0.144 0.133 0.143 0.135 0.002 0.136 0.141 0.152 0.152 0.135
 0.003]
37,  0.12265,  0.22694,  1.14960,  0.20320,  13.13546,  130.65348
delay:
[0.001 0.155 0.155 0.156 0.153 0.134 0.    0.14  0.14  0.148 0.144 0.142
 0.006 0.138 0.158 0.137 0.137 0.134 0.    0.143 0.126 0.142 0.146 0.135
 0.001]
38,  0.12518,  0.22597,  1.14952,  0.20528,  13.20975,  127.50935
delay:
[0.002 0.153 0.156 0.149 0.145 0.14  0.003 0.133 0.135 0.137 0.145 0.147
 0.    0.144 0.142 0.132 0.134 0.141 0.002 0.133 0.143 0.135 0.141 0.133
 0.001]
39,  0.12649,  0.22819,  1.14919,  0.20758,  13.64932,  126.34472
delay:
[0.005 0.148 0.149 0.144 0.144 0.134 0.001 0.139 0.133 0.13  0.151 0.137
 0.005 0.139 0.139 0.123 0.131 0.131 0.003 0.125 0.13  0.14  0.14  0.137
 0.   ]
40,  0.12370,  0.22690,  1.14992,  0.20955,  13.65992,  125.08707
delay:
[0.015 0.151 0.155 0.155 0.146 0.141 0.    0.127 0.133 0.131 0.136 0.139
 0.004 0.144 0.145 0.122 0.128 0.127 0.001 0.128 0.129 0.134 0.144 0.133
 0.012]
41,  0.12319,  0.22652,  1.14974,  0.21101,  14.12114,  124.86684
delay:
[0.001 0.148 0.152 0.149 0.138 0.127 0.007 0.134 0.139 0.133 0.136 0.138
 0.002 0.136 0.139 0.125 0.134 0.128 0.    0.127 0.126 0.141 0.142 0.13
 0.001]
42,  0.12654,  0.22645,  1.14976,  0.21195,  13.87812,  122.45411
delay:
[0.    0.148 0.144 0.153 0.137 0.126 0.001 0.128 0.13  0.124 0.133 0.131
 0.006 0.138 0.14  0.125 0.13  0.134 0.    0.128 0.134 0.136 0.131 0.129
 0.   ]
