Namespace(batch_size=16, d_inner_hid=64, d_k=16, d_model=16, d_rnn=8, d_v=16, data='data/toy/5dim_20000seq_32ev_row/', device=device(type='cpu'), dropout=0.1, epoch=100, log='data/toy/5dim_20000seq_32ev_row/100_25.txt', lr=0.001, lr_delay=0.001, n_head=1, n_layers=1, num_events=32, smooth=0.1)
Epoch, Log-likelihood, Accuracy, RMSE, Gradient_Masker, Gradient_THP
1, -0.69367,  0.22229,  1.17913, -0.77639,  0.00000,  3972.07543
delay:
[0. 0. 0. 0. 0.]
[0. 0. 0. 0. 0.]
[0. 0. 0. 0. 0.]
[0. 0. 0. 0. 0.]
[0. 0. 0. 0. 0.]
2, -0.31078,  0.22384,  1.15629, -0.48938,  0.00000,  13485.67173
delay:
[0. 0. 0. 0. 0.]
[0. 0. 0. 0. 0.]
[0. 0. 0. 0. 0.]
[0. 0. 0. 0. 0.]
[0. 0. 0. 0. 0.]
3, -0.16974,  0.22177,  1.15548, -0.29037,  0.00000,  16318.18982
delay:
[0. 0. 0. 0. 0.]
[0. 0. 0. 0. 0.]
[0. 0. 0. 0. 0.]
[0. 0. 0. 0. 0.]
[0. 0. 0. 0. 0.]
4, -0.11214,  0.22545,  1.15498, -0.19798,  0.00000,  16820.74959
delay:
[0. 0. 0. 0. 0.]
[0. 0. 0. 0. 0.]
[0. 0. 0. 0. 0.]
[0. 0. 0. 0. 0.]
[0. 0. 0. 0. 0.]
5, -0.07290,  0.22587,  1.15382, -0.14774,  0.00000,  15889.94180
delay:
[0. 0. 0. 0. 0.]
[0. 0. 0. 0. 0.]
[0. 0. 0. 0. 0.]
[0. 0. 0. 0. 0.]
[0. 0. 0. 0. 0.]
6, -0.04174,  0.22319,  1.15334, -0.10818,  0.00000,  15473.51388
delay:
[0. 0. 0. 0. 0.]
[0. 0. 0. 0. 0.]
[0. 0. 0. 0. 0.]
[0. 0. 0. 0. 0.]
[0. 0. 0. 0. 0.]
7, -0.01137,  0.22326,  1.15251, -0.07536,  0.00000,  14450.31889
delay:
[0. 0. 0. 0. 0.]
[0. 0. 0. 0. 0.]
[0. 0. 0. 0. 0.]
[0. 0. 0. 0. 0.]
[0. 0. 0. 0. 0.]
8,  0.01156,  0.22384,  1.15230, -0.04816,  0.00000,  13987.05224
delay:
[0. 0. 0. 0. 0.]
[0. 0. 0. 0. 0.]
[0. 0. 0. 0. 0.]
[0. 0. 0. 0. 0.]
[0. 0. 0. 0. 0.]
9,  0.02908,  0.22568,  1.15236, -0.02408,  0.00000,  13224.29554
delay:
[0. 0. 0. 0. 0.]
[0. 0. 0. 0. 0.]
[0. 0. 0. 0. 0.]
[0. 0. 0. 0. 0.]
[0. 0. 0. 0. 0.]
10,  0.05004,  0.22435,  1.15195, -0.00316,  0.00000,  12979.10215
delay:
[0. 0. 0. 0. 0.]
[0. 0. 0. 0. 0.]
[0. 0. 0. 0. 0.]
[0. 0. 0. 0. 0.]
[0. 0. 0. 0. 0.]
11,  0.06059,  0.22555,  1.15171,  0.01451,  0.00000,  11209.06434
delay:
[0. 0. 0. 0. 0.]
[0. 0. 0. 0. 0.]
[0. 0. 0. 0. 0.]
[0. 0. 0. 0. 0.]
[0. 0. 0. 0. 0.]
12,  0.06866,  0.22629,  1.15151,  0.02449,  0.00000,  11085.38721
delay:
[0. 0. 0. 0. 0.]
[0. 0. 0. 0. 0.]
[0. 0. 0. 0. 0.]
[0. 0. 0. 0. 0.]
[0. 0. 0. 0. 0.]
13,  0.07722,  0.22635,  1.15151,  0.03356,  0.00000,  11257.41584
delay:
[0. 0. 0. 0. 0.]
[0. 0. 0. 0. 0.]
[0. 0. 0. 0. 0.]
[0. 0. 0. 0. 0.]
[0. 0. 0. 0. 0.]
14,  0.08480,  0.22745,  1.15117,  0.04378,  0.00000,  11048.51398
delay:
[0. 0. 0. 0. 0.]
[0. 0. 0. 0. 0.]
[0. 0. 0. 0. 0.]
[0. 0. 0. 0. 0.]
[0. 0. 0. 0. 0.]
15,  0.09286,  0.22752,  1.15141,  0.05273,  0.00000,  10761.92818
delay:
[0. 0. 0. 0. 0.]
[0. 0. 0. 0. 0.]
[0. 0. 0. 0. 0.]
[0. 0. 0. 0. 0.]
[0. 0. 0. 0. 0.]
16,  0.10090,  0.22619,  1.15103,  0.06139,  0.00000,  10764.91490
delay:
[0. 0. 0. 0. 0.]
[0. 0. 0. 0. 0.]
[0. 0. 0. 0. 0.]
[0. 0. 0. 0. 0.]
[0. 0. 0. 0. 0.]
17,  0.10877,  0.22545,  1.15094,  0.06932,  0.00000,  10804.86568
delay:
[0. 0. 0. 0. 0.]
[0. 0. 0. 0. 0.]
[0. 0. 0. 0. 0.]
[0. 0. 0. 0. 0.]
[0. 0. 0. 0. 0.]
18,  0.11635,  0.22687,  1.15067,  0.07785,  0.00000,  10645.76767
delay:
[0. 0. 0. 0. 0.]
[0. 0. 0. 0. 0.]
[0. 0. 0. 0. 0.]
[0. 0. 0. 0. 0.]
[0. 0. 0. 0. 0.]
19,  0.12414,  0.22890,  1.15053,  0.08618,  0.00000,  10453.48807
delay:
[0. 0. 0. 0. 0.]
[0. 0. 0. 0. 0.]
[0. 0. 0. 0. 0.]
[0. 0. 0. 0. 0.]
[0. 0. 0. 0. 0.]
20,  0.13209,  0.22684,  1.15066,  0.09461,  0.00000,  10136.09152
delay:
[0. 0. 0. 0. 0.]
[0. 0. 0. 0. 0.]
[0. 0. 0. 0. 0.]
[0. 0. 0. 0. 0.]
[0. 0. 0. 0. 0.]
21,  0.13616,  0.22652,  1.15042,  0.10127,  0.00000,  9618.57456
delay:
[0. 0. 0. 0. 0.]
[0. 0. 0. 0. 0.]
[0. 0. 0. 0. 0.]
[0. 0. 0. 0. 0.]
[0. 0. 0. 0. 0.]
22,  0.13924,  0.22694,  1.15044,  0.10507,  0.00000,  9556.13644
delay:
[0. 0. 0. 0. 0.]
[0. 0. 0. 0. 0.]
[0. 0. 0. 0. 0.]
[0. 0. 0. 0. 0.]
[0. 0. 0. 0. 0.]
23,  0.14309,  0.22806,  1.15030,  0.10865,  0.00000,  9708.32984
delay:
[0. 0. 0. 0. 0.]
[0. 0. 0. 0. 0.]
[0. 0. 0. 0. 0.]
[0. 0. 0. 0. 0.]
[0. 0. 0. 0. 0.]
24,  0.14714,  0.22677,  1.15032,  0.11329,  0.00000,  9298.32971
delay:
[0. 0. 0. 0. 0.]
[0. 0. 0. 0. 0.]
[0. 0. 0. 0. 0.]
[0. 0. 0. 0. 0.]
[0. 0. 0. 0. 0.]
25,  0.14921,  0.22771,  1.15026,  0.11670,  0.00000,  9379.79953
delay:
[0. 0. 0. 0. 0.]
[0. 0. 0. 0. 0.]
[0. 0. 0. 0. 0.]
[0. 0. 0. 0. 0.]
[0. 0. 0. 0. 0.]
26,  0.09654,  0.22584,  1.15211,  0.09354,  36042.11281,  9146.65484
delay:
[1.163 0.174 0.347 0.189 0.573 0.097 0.429 0.051 0.711 0.475 0.034 0.011
 0.631 0.029 0.545 0.044 0.386 0.37  0.626 0.356 0.066 0.493 0.233 0.21
 0.731]
27,  0.09482,  0.22597,  1.15246,  0.12105,  35189.82806,  8129.73881
delay:
[4.810e-01 4.500e-01 1.130e-01 2.620e-01 2.750e-01 9.600e-02 6.530e-01
 2.120e-01 2.210e-01 9.200e-02 3.580e-01 1.040e-01 7.040e-01 7.000e-02
 4.100e-02 1.720e-01 1.580e-01 2.650e-01 1.140e+00 5.900e-02 1.260e-01
 2.990e-01 3.320e-01 1.000e-03 1.094e+00]
28,  0.09214,  0.22526,  1.15247,  0.13116,  33685.50643,  7724.21420
delay:
[0.714 0.037 0.031 0.239 0.296 0.448 0.887 0.211 0.455 0.157 0.092 0.134
 1.378 0.183 0.151 0.091 0.168 0.111 0.894 0.066 0.078 0.155 0.396 0.143
 0.745]
29,  0.09892,  0.22597,  1.15299,  0.13797,  31377.60770,  8047.06140
delay:
[0.631 0.23  0.169 0.048 0.179 0.074 0.792 0.199 0.098 0.135 0.222 0.008
 0.037 0.018 0.148 0.167 0.228 0.112 0.633 0.162 0.112 0.064 0.207 0.033
 0.762]
30,  0.09926,  0.22532,  1.15276,  0.14522,  29526.83654,  7596.90940
delay:
[0.925 0.021 0.128 0.052 0.097 0.032 1.002 0.057 0.103 0.1   0.132 0.14
 0.499 0.234 0.337 0.109 0.216 0.085 1.284 0.133 0.242 0.173 0.069 0.013
 0.331]
31,  0.09984,  0.22555,  1.15273,  0.15178,  26440.40080,  7293.93835
delay:
[0.668 0.182 0.008 0.168 0.136 0.128 0.493 0.173 0.072 0.173 0.037 0.162
 0.927 0.136 0.082 0.203 0.087 0.075 1.316 0.03  0.062 0.016 0.177 0.061
 0.679]
32,  0.09809,  0.22413,  1.15295,  0.15543,  25531.84854,  7208.22494
delay:
[0.965 0.042 0.046 0.213 0.18  0.105 1.02  0.14  0.118 0.034 0.085 0.27
 0.737 0.056 0.076 0.064 0.008 0.019 1.112 0.017 0.025 0.119 0.063 0.057
 1.381]
33,  0.09425,  0.22490,  1.15283,  0.15815,  25566.34844,  7225.56598
delay:
[7.620e-01 1.110e-01 2.020e-01 2.900e-02 3.600e-02 2.530e-01 8.740e-01
 2.700e-02 2.700e-02 1.800e-02 1.630e-01 1.090e-01 9.170e-01 4.000e-02
 5.400e-02 4.200e-02 1.010e-01 9.900e-02 1.246e+00 1.410e-01 1.100e-01
 1.000e-03 6.400e-02 1.160e-01 1.011e+00]
34,  0.09080,  0.22542,  1.15302,  0.16139,  25346.79809,  7049.43120
delay:
[0.982 0.141 0.252 0.153 0.006 0.154 1.157 0.085 0.041 0.048 0.01  0.098
 1.276 0.054 0.149 0.024 0.155 0.062 1.14  0.045 0.191 0.121 0.122 0.022
 1.254]
