Namespace(data='data/toy_one/5dim_2000seq_128ev/', epoch=100, batch_size=128, d_model=16, d_rnn=8, d_inner_hid=32, d_k=16, d_v=16, n_head=1, n_layers=1, dropout=0.1, lr=0.001, smooth=0.1, log='data/toy_one/5dim_2000seq_128ev/100_20_input16_hidden64_softplus_batch128_grad.txt', num_events=64, lr_delay=0.001, n_hidden=64, n_input=16, device=device(type='cpu'))
Epoch, Log-likelihood-Test, Accuracy, RMSE, Log-likelihood-Train, Gradient_Masker, Gradient_THP
1, -0.33395,  0.23118,  1.13274, -0.40974,  0.00000,  18444.03853
delay:
0.0
0.0
0.0
0.0
0.0
2, -0.21544,  0.42539,  1.17125, -0.28461,  0.00000,  16004.45234
delay:
0.0
0.0
0.0
0.0
0.0
3, -0.09821,  0.46736,  1.21999, -0.16936,  0.00000,  14753.93333
delay:
0.0
0.0
0.0
0.0
0.0
4,  0.03180,  0.46744,  1.24940, -0.04709,  0.00000,  14108.27875
delay:
0.0
0.0
0.0
0.0
0.0
5,  0.17940,  0.47043,  1.23277,  0.08989,  0.00000,  13483.47835
delay:
0.0
0.0
0.0
0.0
0.0
6,  0.34455,  0.47071,  1.14746,  0.24600,  0.00000,  12794.87001
delay:
0.0
0.0
0.0
0.0
0.0
7,  0.49630,  0.47067,  0.96842,  0.40694,  0.00000,  11734.50676
delay:
0.0
0.0
0.0
0.0
0.0
8,  0.62646,  0.47157,  0.72242,  0.55073,  0.00000,  10584.66094
delay:
0.0
0.0
0.0
0.0
0.0
9,  0.73354,  0.48650,  0.47453,  0.67237,  0.00000,  9326.33588
delay:
0.0
0.0
0.0
0.0
0.0
10,  0.81543,  0.50520,  0.31101,  0.76946,  0.00000,  8134.71437
delay:
0.0
0.0
0.0
0.0
0.0
11,  0.84690,  0.51189,  0.29003,  0.82769,  0.00000,  7319.12144
delay:
0.0
0.0
0.0
0.0
0.0
12,  0.87486,  0.51370,  0.28864,  0.85758,  0.00000,  6816.76580
delay:
0.0
0.0
0.0
0.0
0.0
13,  0.90034,  0.51402,  0.28681,  0.88481,  0.00000,  6350.38512
delay:
0.0
0.0
0.0
0.0
0.0
14,  0.92307,  0.51453,  0.28578,  0.90943,  0.00000,  5899.20901
delay:
0.0
0.0
0.0
0.0
0.0
15,  0.94287,  0.51476,  0.28437,  0.93124,  0.00000,  5503.08033
delay:
0.0
0.0
0.0
0.0
0.0
16,  0.95993,  0.51484,  0.28249,  0.95008,  0.00000,  5156.61070
delay:
0.0
0.0
0.0
0.0
0.0
17,  0.97487,  0.51587,  0.28092,  0.96643,  0.00000,  4803.12295
delay:
0.0
0.0
0.0
0.0
0.0
18,  0.98779,  0.51665,  0.27976,  0.98067,  0.00000,  4497.53034
delay:
0.0
0.0
0.0
0.0
0.0
19,  0.99910,  0.51665,  0.27773,  0.99302,  0.00000,  4203.88294
delay:
0.0
0.0
0.0
0.0
0.0
20,  1.00895,  0.51681,  0.27538,  1.00385,  0.00000,  3937.32364
delay:
0.0
0.0
0.0
0.0
0.0
21,  1.03663,  0.51744,  0.24521,  1.02295,  41.70309,  3473.75911
delay:
0.8
1.185
0.016
0.056
0.416
22,  1.05319,  0.51764,  0.21823,  1.04588,  4.27776,  2820.53098
delay:
1.727
1.911
0.004
0.053
0.266
23,  1.06480,  0.51693,  0.19467,  1.06015,  3.87486,  2398.46767
delay:
3.428
3.174
0.003
0.052
0.425
24,  1.07368,  0.51744,  0.17650,  1.07046,  2.19129,  2507.57916
delay:
4.362
3.968
0.002
0.057
0.684
25,  1.08082,  0.51728,  0.16442,  1.07826,  1.52881,  1937.31971
delay:
4.869
4.33
0.002
0.074
0.591
26,  1.08735,  0.51732,  0.16134,  1.08499,  2.19968,  1754.55829
delay:
5.062
4.614
0.002
0.067
0.734
27,  1.09222,  0.51748,  0.16162,  1.09064,  3.30774,  1874.00243
delay:
5.06
4.403
0.002
0.105
1.241
28,  1.09612,  0.51736,  0.16191,  1.09479,  2.87703,  1798.48146
delay:
5.022
4.327
0.002
0.149
1.789
29,  1.09930,  0.51748,  0.16495,  1.09819,  2.71012,  1818.87460
delay:
4.964
4.398
0.002
0.268
1.965
30,  1.10150,  0.51961,  0.15943,  1.10081,  2.78637,  1539.72651
delay:
4.894
4.263
0.002
1.38
1.684
31,  1.10260,  0.51961,  0.15907,  1.10258,  2.93180,  1503.81235
delay:
4.832
4.031
0.002
2.398
1.61
32,  1.10368,  0.51941,  0.15804,  1.10354,  3.36459,  1181.18545
delay:
4.789
3.673
0.002
3.125
1.94
33,  1.10480,  0.51937,  0.15683,  1.10465,  2.61511,  1173.41270
delay:
4.768
3.218
0.002
2.869
1.7
34,  1.10590,  0.51949,  0.15572,  1.10570,  4.28405,  1168.89839
delay:
4.776
3.223
0.002
2.744
1.541
35,  1.10703,  0.51929,  0.15543,  1.10674,  3.08659,  1062.35357
delay:
4.813
3.209
0.002
2.827
1.804
36,  1.10818,  0.51933,  0.15444,  1.10779,  3.61035,  1226.07875
delay:
4.854
3.028
0.002
2.394
1.666
37,  1.10953,  0.51949,  0.15447,  1.10910,  4.28011,  1198.31329
delay:
4.798
2.89
0.002
2.176
1.506
38,  1.11108,  0.51937,  0.15505,  1.11031,  4.92462,  1199.72240
delay:
4.721
2.734
0.001
2.421
1.809
39,  1.11293,  0.51988,  0.15661,  1.11195,  3.53350,  1031.51554
delay:
4.726
2.816
0.001
2.684
1.791
40,  1.11492,  0.51976,  0.15814,  1.11378,  4.54189,  1189.52819
delay:
4.828
2.771
0.001
2.506
1.855
41,  1.11407,  0.51858,  0.16435,  1.11499,  3.62656,  1201.76214
delay:
4.828
2.771
0.001
2.506
1.855
42,  1.11472,  0.51929,  0.16507,  1.11549,  3.62656,  1047.63981
delay:
4.828
2.771
0.001
2.506
1.855
43,  1.11510,  0.51921,  0.16628,  1.11581,  3.62656,  1048.72971
delay:
4.828
2.771
0.001
2.506
1.855
44,  1.11514,  0.51925,  0.16859,  1.11629,  3.62656,  1131.00812
delay:
4.828
2.771
0.001
2.506
1.855
45,  1.11592,  0.51906,  0.16776,  1.11663,  3.62656,  1036.67516
delay:
4.828
2.771
0.001
2.506
1.855
46,  1.11595,  0.51925,  0.16985,  1.11710,  3.62656,  1139.88136
delay:
4.828
2.771
0.001
2.506
1.855
47,  1.11635,  0.51949,  0.17062,  1.11747,  3.62656,  1029.21049
delay:
4.828
2.771
0.001
2.506
1.855
48,  1.11677,  0.51921,  0.17081,  1.11780,  3.62656,  1075.17942
delay:
4.828
2.771
0.001
2.506
1.855
49,  1.11701,  0.51933,  0.17217,  1.11814,  3.62656,  1065.91775
delay:
4.828
2.771
0.001
2.506
1.855
50,  1.11821,  0.51976,  0.17072,  1.11905,  3.62656,  1281.38704
delay:
4.828
2.771
0.001
2.506
1.855
51,  1.11794,  0.51933,  0.17295,  1.11911,  3.62656,  1150.41542
delay:
4.828
2.771
0.001
2.506
1.855
52,  1.11836,  0.51953,  0.17239,  1.11921,  3.62656,  1056.23897
delay:
4.828
2.771
0.001
2.506
1.855
53,  1.11838,  0.51921,  0.17357,  1.11948,  3.62656,  1005.19795
delay:
4.828
2.771
0.001
2.506
1.855
54,  1.11852,  0.51917,  0.17398,  1.11957,  3.62656,  1042.37387
delay:
4.828
2.771
0.001
2.506
1.855
55,  1.11876,  0.51929,  0.17396,  1.11987,  3.62656,  1015.43815
delay:
4.828
2.771
0.001
2.506
1.855
56,  1.11887,  0.51929,  0.17463,  1.11992,  3.62656,  940.93626
delay:
4.828
2.771
0.001
2.506
1.855
57,  1.11901,  0.51894,  0.17506,  1.12016,  3.62656,  1027.40312
delay:
4.828
2.771
0.001
2.506
1.855
58,  1.11923,  0.51921,  0.17513,  1.12017,  3.62656,  1029.99889
delay:
4.828
2.771
0.001
2.506
1.855
59,  1.11944,  0.51917,  0.17513,  1.12045,  3.62656,  983.50789
delay:
4.828
2.771
0.001
2.506
1.855
60,  1.11952,  0.51906,  0.17569,  1.12073,  3.62656,  1035.53419
delay:
4.828
2.771
0.001
2.506
1.855
61,  1.12271,  0.51937,  0.16701,  1.12113,  4.23226,  1055.65942
delay:
4.874
2.702
0.001
2.248
1.818
62,  1.12407,  0.51929,  0.16830,  1.12250,  4.74897,  1131.13741
delay:
4.916
2.65
0.001
2.06
1.691
63,  1.12529,  0.51937,  0.16701,  1.12360,  3.85200,  1099.29022
delay:
4.94
2.55
0.001
1.787
1.555
64,  1.12657,  0.51945,  0.16722,  1.12489,  4.46742,  1077.11650
delay:
4.949
2.479
0.001
1.77
1.394
65,  1.12761,  0.51953,  0.16443,  1.12615,  4.64846,  1050.98527
delay:
4.946
2.291
0.001
1.74
1.389
66,  1.12897,  0.51937,  0.16512,  1.12721,  4.15908,  1030.77962
delay:
4.956
2.373
0.001
1.808
1.466
67,  1.13010,  0.51945,  0.16345,  1.12833,  3.56326,  1116.19875
delay:
4.948
2.334
0.001
1.767
1.589
68,  1.13123,  0.51957,  0.16205,  1.12962,  4.02636,  1169.77812
delay:
4.949
2.3
0.001
1.601
1.528
69,  1.13239,  0.51929,  0.16183,  1.13045,  5.21524,  1085.51148
delay:
4.936
2.4
0.001
1.633
1.623
70,  1.13352,  0.51933,  0.16043,  1.13153,  4.19063,  1074.34013
delay:
4.969
2.386
0.001
1.573
1.625
71,  1.13405,  0.51945,  0.15970,  1.13249,  4.41948,  1225.68994
delay:
4.956
2.342
0.001
1.579
1.514
72,  1.13458,  0.51949,  0.15953,  1.13281,  4.28558,  1100.73655
delay:
4.927
2.303
0.001
1.652
1.539
73,  1.13509,  0.51941,  0.15889,  1.13333,  5.22768,  1023.02955
delay:
4.931
2.29
0.001
1.619
1.493
74,  1.13564,  0.51957,  0.15877,  1.13371,  5.10202,  1015.50111
delay:
4.931
2.277
0.001
1.631
1.552
75,  1.13614,  0.51945,  0.15811,  1.13453,  5.68299,  938.31102
delay:
4.925
2.273
0.001
1.572
1.631
76,  1.13665,  0.51941,  0.15774,  1.13476,  3.93715,  952.97943
delay:
4.937
2.27
0.001
1.535
1.686
77,  1.13718,  0.51945,  0.15727,  1.13547,  5.13413,  1087.71732
delay:
4.941
2.211
0.001
1.518
1.726
78,  1.13772,  0.51949,  0.15697,  1.13586,  3.47534,  1020.30399
delay:
4.929
2.18
0.001
1.518
1.689
79,  1.13824,  0.51957,  0.15653,  1.13617,  5.18558,  961.79109
delay:
4.917
2.117
0.001
1.559
1.693
80,  1.13878,  0.51949,  0.15631,  1.13698,  4.43097,  1012.91874
delay:
4.927
2.144
0.001
1.581
1.706
81,  1.13830,  0.51543,  0.15909,  1.13719,  5.61575,  1005.82348
delay:
4.927
2.144
0.001
1.581
1.706
82,  1.13845,  0.51535,  0.15912,  1.13735,  5.61575,  868.68967
delay:
4.927
2.144
0.001
1.581
1.706
83,  1.13856,  0.51520,  0.15920,  1.13734,  5.61575,  1000.24301
delay:
4.927
2.144
0.001
1.581
1.706
84,  1.13870,  0.51559,  0.15922,  1.13760,  5.61575,  938.49504
delay:
4.927
2.144
0.001
1.581
1.706
85,  1.13883,  0.51531,  0.15930,  1.13757,  5.61575,  954.40661
delay:
4.927
2.144
0.001
1.581
1.706
86,  1.13895,  0.51547,  0.15932,  1.13779,  5.61575,  936.00041
delay:
4.927
2.144
0.001
1.581
1.706
87,  1.13905,  0.51528,  0.15938,  1.13781,  5.61575,  1120.18313
delay:
4.927
2.144
0.001
1.581
1.706
88,  1.13925,  0.51547,  0.15938,  1.13799,  5.61575,  1003.19151
delay:
4.927
2.144
0.001
1.581
1.706
89,  1.13934,  0.51528,  0.15946,  1.13823,  5.61575,  1009.36140
delay:
4.927
2.144
0.001
1.581
1.706
90,  1.13948,  0.51520,  0.15948,  1.13819,  5.61575,  944.84547
delay:
4.927
2.144
0.001
1.581
1.706
91,  1.13955,  0.51516,  0.15949,  1.13825,  5.61575,  870.59604
delay:
4.927
2.144
0.001
1.581
1.706
92,  1.13961,  0.51500,  0.15950,  1.13833,  5.61575,  916.24057
delay:
4.927
2.144
0.001
1.581
1.706
93,  1.13966,  0.51520,  0.15953,  1.13829,  5.61575,  980.02546
delay:
4.927
2.144
0.001
1.581
1.706
94,  1.13973,  0.51531,  0.15953,  1.13852,  5.61575,  1050.19858
delay:
4.927
2.144
0.001
1.581
1.706
95,  1.13979,  0.51524,  0.15955,  1.13880,  5.61575,  893.56574
delay:
4.927
2.144
0.001
1.581
1.706
96,  1.13985,  0.51524,  0.15958,  1.13836,  5.61575,  906.86320
delay:
4.927
2.144
0.001
1.581
1.706
97,  1.13990,  0.51524,  0.15960,  1.13854,  5.61575,  930.54376
delay:
4.927
2.144
0.001
1.581
1.706
98,  1.13996,  0.51535,  0.15961,  1.13868,  5.61575,  891.03554
delay:
4.927
2.144
0.001
1.581
1.706
99,  1.14004,  0.51520,  0.15963,  1.13858,  5.61575,  960.43810
delay:
4.927
2.144
0.001
1.581
1.706
100,  1.14029,  0.51693,  0.15891,  1.13895,  5.61575,  1470.78815
delay:
4.927
2.144
0.001
1.581
1.706
