Namespace(data='data/toy_one/5dim_2000seq_128ev/', epoch=100, batch_size=128, d_model=16, d_rnn=8, d_inner_hid=32, d_k=16, d_v=16, n_head=1, n_layers=1, dropout=0.1, lr=0.001, smooth=0.1, log='data/toy_one/5dim_2000seq_128ev/100_20_input16_hidden64_softplus_batch128_lr0001_x10_grad.txt', num_events=64, lr_delay=0.001, n_hidden=64, n_input=16, device=device(type='cpu'))
Epoch, Log-likelihood-Test, Accuracy, RMSE, Log-likelihood-Train, Gradient_Masker, Gradient_THP
1, -0.28156,  0.32587,  0.47641, -0.33642,  0.00000,  15718.60550
delay:
0.0
0.0
0.0
0.0
0.0
2, -0.17658,  0.32760,  0.52972, -0.23890,  0.00000,  14637.57338
delay:
0.0
0.0
0.0
0.0
0.0
3, -0.05108,  0.38898,  0.53324, -0.12670,  0.00000,  13888.42614
delay:
0.0
0.0
0.0
0.0
0.0
4,  0.09297,  0.46673,  0.47201,  0.00690,  0.00000,  13202.13435
delay:
0.0
0.0
0.0
0.0
0.0
5,  0.24371,  0.37642,  0.37270,  0.15486,  0.00000,  12394.81962
delay:
0.0
0.0
0.0
0.0
0.0
6,  0.39152,  0.47146,  0.24246,  0.30506,  0.00000,  11489.48167
delay:
0.0
0.0
0.0
0.0
0.0
7,  0.53059,  0.47591,  0.16262,  0.45126,  0.00000,  10557.01242
delay:
0.0
0.0
0.0
0.0
0.0
8,  0.64911,  0.48713,  0.19020,  0.58280,  0.00000,  9589.21558
delay:
0.0
0.0
0.0
0.0
0.0
9,  0.74241,  0.50449,  0.17265,  0.69125,  0.00000,  8619.62471
delay:
0.0
0.0
0.0
0.0
0.0
10,  0.81476,  0.51335,  0.16531,  0.77561,  0.00000,  7668.26153
delay:
0.0
0.0
0.0
0.0
0.0
11,  0.84486,  0.51543,  0.16733,  0.82907,  0.00000,  6962.83982
delay:
0.0
0.0
0.0
0.0
0.0
12,  0.87049,  0.51547,  0.16938,  0.85743,  0.00000,  6525.78260
delay:
0.0
0.0
0.0
0.0
0.0
13,  0.89368,  0.51610,  0.17059,  0.88215,  0.00000,  6132.85313
delay:
0.0
0.0
0.0
0.0
0.0
14,  0.91455,  0.51638,  0.17124,  0.90420,  0.00000,  5763.57001
delay:
0.0
0.0
0.0
0.0
0.0
15,  0.93246,  0.51622,  0.17212,  0.92359,  0.00000,  5397.62346
delay:
0.0
0.0
0.0
0.0
0.0
16,  0.94868,  0.51669,  0.17197,  0.94113,  0.00000,  5067.00332
delay:
0.0
0.0
0.0
0.0
0.0
17,  0.96293,  0.51748,  0.17102,  0.95639,  0.00000,  4759.88305
delay:
0.0
0.0
0.0
0.0
0.0
18,  0.97553,  0.51752,  0.17034,  0.97001,  0.00000,  4460.02754
delay:
0.0
0.0
0.0
0.0
0.0
19,  0.98705,  0.51752,  0.17049,  0.98228,  0.00000,  4216.46239
delay:
0.0
0.0
0.0
0.0
0.0
20,  0.99754,  0.51732,  0.16823,  0.99318,  0.00000,  3943.90365
delay:
0.0
0.0
0.0
0.0
0.0
21,  1.02527,  0.51736,  0.16459,  1.01223,  9.69476,  3521.50732
delay:
1.955
0.421
0.026
1.417
3.766
22,  1.04413,  0.51917,  0.16477,  1.03576,  18.32193,  2912.11876
delay:
3.349
0.42
0.008
2.383
7.342
23,  1.05834,  0.51791,  0.16385,  1.05229,  16.08427,  2390.45626
delay:
3.124
0.325
0.003
4.435
9.701
24,  1.06977,  0.51996,  0.16309,  1.06507,  12.69468,  2161.91569
delay:
2.601
0.158
0.002
5.859
10.015
25,  1.07897,  0.51992,  0.16060,  1.07525,  18.33157,  2077.86881
delay:
3.224
0.051
0.001
7.349
9.722
26,  1.08602,  0.51969,  0.15888,  1.08325,  20.40508,  1830.33700
delay:
2.957
0.024
0.001
9.953
9.493
27,  1.09181,  0.51969,  0.15621,  1.08941,  18.76770,  1653.61177
delay:
2.329
0.016
0.001
11.527
8.958
28,  1.09651,  0.51949,  0.15378,  1.09456,  13.85003,  1420.04997
delay:
1.994
0.012
0.001
11.344
8.222
29,  1.10022,  0.51783,  0.15169,  1.09860,  24.34215,  1422.81206
delay:
1.694
0.01
0.001
11.03
7.554
30,  1.10356,  0.51839,  0.15014,  1.10200,  21.64538,  1418.25435
delay:
1.223
0.009
0.001
10.552
6.871
31,  1.10496,  0.51957,  0.14953,  1.10423,  15.82018,  1155.16943
delay:
1.09
0.009
0.001
10.426
6.598
32,  1.10654,  0.51933,  0.14930,  1.10562,  24.62959,  1090.85780
delay:
0.75
0.009
0.001
10.476
6.378
33,  1.10782,  0.51992,  0.14923,  1.10710,  13.47816,  1249.44235
delay:
0.655
0.008
0.001
10.535
6.204
34,  1.10928,  0.52008,  0.14915,  1.10836,  8.11081,  965.34540
delay:
0.647
0.008
0.001
10.428
5.864
35,  1.11073,  0.51965,  0.14917,  1.10951,  12.67828,  909.64872
delay:
0.877
0.007
0.001
10.4
5.5
36,  1.11206,  0.51957,  0.14938,  1.11097,  14.91767,  1001.31241
delay:
0.935
0.006
0.0
10.486
5.221
37,  1.11348,  0.51980,  0.14962,  1.11231,  11.21805,  1137.39074
delay:
0.785
0.006
0.0
10.475
4.851
38,  1.11485,  0.51988,  0.14981,  1.11360,  13.85296,  1057.60294
delay:
0.938
0.006
0.0
10.425
4.602
39,  1.11619,  0.51933,  0.15004,  1.11483,  14.25300,  928.40723
delay:
1.017
0.005
0.0
10.437
4.314
40,  1.11738,  0.52024,  0.15016,  1.11603,  20.12592,  982.41323
delay:
1.045
0.005
0.0
10.352
3.967
41,  1.11760,  0.51996,  0.15017,  1.11688,  15.04869,  955.09171
delay:
1.045
0.005
0.0
10.352
3.967
42,  1.11796,  0.52024,  0.15010,  1.11726,  15.04869,  805.07192
delay:
1.045
0.005
0.0
10.352
3.967
43,  1.11826,  0.52000,  0.15019,  1.11765,  15.04869,  879.31285
delay:
1.045
0.005
0.0
10.352
3.967
44,  1.11854,  0.52020,  0.15027,  1.11776,  15.04869,  823.90075
delay:
1.045
0.005
0.0
10.352
3.967
45,  1.11884,  0.52000,  0.15034,  1.11813,  15.04869,  743.64114
delay:
1.045
0.005
0.0
10.352
3.967
46,  1.11909,  0.52012,  0.15038,  1.11839,  15.04869,  877.68018
delay:
1.045
0.005
0.0
10.352
3.967
47,  1.11935,  0.52016,  0.15043,  1.11870,  15.04869,  898.43622
delay:
1.045
0.005
0.0
10.352
3.967
48,  1.11960,  0.51984,  0.15052,  1.11900,  15.04869,  854.82717
delay:
1.045
0.005
0.0
10.352
3.967
49,  1.11984,  0.52000,  0.15055,  1.11916,  15.04869,  792.22497
delay:
1.045
0.005
0.0
10.352
3.967
50,  1.12031,  0.52020,  0.15088,  1.11964,  15.04869,  1011.98112
delay:
1.045
0.005
0.0
10.352
3.967
51,  1.12050,  0.51976,  0.15086,  1.11977,  15.04869,  769.00767
delay:
1.045
0.005
0.0
10.352
3.967
52,  1.12064,  0.51965,  0.15085,  1.11991,  15.04869,  795.23473
delay:
1.045
0.005
0.0
10.352
3.967
53,  1.12077,  0.52012,  0.15085,  1.12002,  15.04869,  890.88972
delay:
1.045
0.005
0.0
10.352
3.967
54,  1.12089,  0.51984,  0.15085,  1.12023,  15.04869,  839.92325
delay:
1.045
0.005
0.0
10.352
3.967
55,  1.12102,  0.51992,  0.15085,  1.12030,  15.04869,  886.59267
delay:
1.045
0.005
0.0
10.352
3.967
56,  1.12113,  0.51984,  0.15086,  1.12057,  15.04869,  737.25280
delay:
1.045
0.005
0.0
10.352
3.967
57,  1.12124,  0.51996,  0.15087,  1.12063,  15.04869,  876.25394
delay:
1.045
0.005
0.0
10.352
3.967
58,  1.12135,  0.52004,  0.15087,  1.12066,  15.04869,  806.05411
delay:
1.045
0.005
0.0
10.352
3.967
59,  1.12148,  0.51980,  0.15091,  1.12078,  15.04869,  719.76946
delay:
1.045
0.005
0.0
10.352
3.967
60,  1.12157,  0.51980,  0.15092,  1.12079,  15.04869,  723.45524
delay:
1.045
0.005
0.0
10.352
3.967
61,  1.12242,  0.52020,  0.15093,  1.12119,  11.08379,  802.42699
delay:
1.006
0.005
0.0
10.422
3.809
62,  1.12303,  0.51992,  0.15095,  1.12181,  10.52663,  862.43042
delay:
1.124
0.005
0.0
10.44
3.589
63,  1.12362,  0.52024,  0.15093,  1.12242,  13.00379,  821.35076
delay:
1.257
0.004
0.0
10.392
3.396
64,  1.12426,  0.52004,  0.15100,  1.12288,  15.11793,  780.44066
delay:
1.321
0.004
0.0
10.414
3.153
65,  1.12489,  0.52043,  0.15102,  1.12346,  15.06840,  940.23294
delay:
1.502
0.004
0.0
10.383
2.916
66,  1.12551,  0.51992,  0.15112,  1.12409,  17.95625,  861.95773
delay:
1.549
0.004
0.0
10.35
2.621
67,  1.12613,  0.52024,  0.15120,  1.12472,  24.10356,  909.63976
delay:
1.594
0.004
0.0
10.338
2.295
68,  1.12681,  0.51980,  0.15136,  1.12527,  17.29673,  789.92002
delay:
1.471
0.004
0.0
10.294
1.856
69,  1.12748,  0.51976,  0.15144,  1.12603,  22.61898,  805.98799
delay:
1.526
0.004
0.0
10.312
1.409
70,  1.12817,  0.51988,  0.15167,  1.12651,  19.18412,  770.02064
delay:
1.469
0.004
0.0
10.383
1.043
71,  1.12853,  0.51992,  0.15180,  1.12714,  23.75828,  884.29808
delay:
1.492
0.004
0.0
10.352
0.894
72,  1.12888,  0.52004,  0.15195,  1.12740,  13.42408,  663.13362
delay:
1.51
0.004
0.0
10.353
0.785
73,  1.12926,  0.52004,  0.15211,  1.12767,  15.96748,  805.72301
delay:
1.428
0.004
0.0
10.336
0.676
74,  1.12961,  0.51969,  0.15226,  1.12820,  25.86483,  789.77059
delay:
1.431
0.004
0.0
10.356
0.589
75,  1.12998,  0.51976,  0.15241,  1.12846,  25.42705,  842.51074
delay:
1.524
0.004
0.0
10.409
0.504
76,  1.13040,  0.51949,  0.15266,  1.12872,  22.89062,  741.77911
delay:
1.426
0.004
0.0
10.363
0.422
77,  1.13082,  0.51953,  0.15289,  1.12926,  23.48065,  802.35648
delay:
1.419
0.004
0.0
10.368
0.348
78,  1.13125,  0.51929,  0.15322,  1.12948,  24.60761,  892.37137
delay:
1.383
0.004
0.0
10.388
0.285
79,  1.13168,  0.51913,  0.15342,  1.12993,  34.06548,  669.40245
delay:
1.543
0.003
0.0
10.39
0.232
80,  1.13213,  0.51945,  0.15369,  1.13051,  20.74036,  791.17591
delay:
1.495
0.003
0.0
10.381
0.184
81,  1.13098,  0.51972,  0.15274,  1.13070,  62.47470,  695.90596
delay:
1.495
0.003
0.0
10.381
0.184
82,  1.13106,  0.51965,  0.15281,  1.13075,  62.47470,  721.07963
delay:
1.495
0.003
0.0
10.381
0.184
83,  1.13114,  0.51972,  0.15288,  1.13090,  62.47470,  772.22912
delay:
1.495
0.003
0.0
10.381
0.184
84,  1.13123,  0.51961,  0.15292,  1.13113,  62.47470,  711.96628
delay:
1.495
0.003
0.0
10.381
0.184
85,  1.13132,  0.51969,  0.15297,  1.13119,  62.47470,  852.00439
delay:
1.495
0.003
0.0
10.381
0.184
86,  1.13141,  0.51965,  0.15302,  1.13113,  62.47470,  780.68511
delay:
1.495
0.003
0.0
10.381
0.184
87,  1.13150,  0.51969,  0.15305,  1.13135,  62.47470,  729.57943
delay:
1.495
0.003
0.0
10.381
0.184
88,  1.13158,  0.51965,  0.15311,  1.13146,  62.47470,  737.57386
delay:
1.495
0.003
0.0
10.381
0.184
89,  1.13168,  0.51965,  0.15316,  1.13151,  62.47470,  763.21091
delay:
1.495
0.003
0.0
10.381
0.184
90,  1.13176,  0.51972,  0.15319,  1.13147,  62.47470,  651.64942
delay:
1.495
0.003
0.0
10.381
0.184
91,  1.13180,  0.51976,  0.15321,  1.13169,  62.47470,  802.80226
delay:
1.495
0.003
0.0
10.381
0.184
92,  1.13185,  0.51972,  0.15324,  1.13179,  62.47470,  780.60815
delay:
1.495
0.003
0.0
10.381
0.184
93,  1.13189,  0.51972,  0.15326,  1.13169,  62.47470,  909.94577
delay:
1.495
0.003
0.0
10.381
0.184
94,  1.13195,  0.51969,  0.15329,  1.13180,  62.47470,  819.10659
delay:
1.495
0.003
0.0
10.381
0.184
95,  1.13198,  0.51965,  0.15332,  1.13183,  62.47470,  733.15747
delay:
1.495
0.003
0.0
10.381
0.184
96,  1.13203,  0.51965,  0.15333,  1.13192,  62.47470,  849.02828
delay:
1.495
0.003
0.0
10.381
0.184
97,  1.13207,  0.51969,  0.15337,  1.13184,  62.47470,  758.00392
delay:
1.495
0.003
0.0
10.381
0.184
98,  1.13212,  0.51976,  0.15338,  1.13200,  62.47470,  733.10838
delay:
1.495
0.003
0.0
10.381
0.184
99,  1.13216,  0.51972,  0.15341,  1.13207,  62.47470,  770.99230
delay:
1.495
0.003
0.0
10.381
0.184
100,  1.13278,  0.51862,  0.15429,  1.13218,  62.47470,  1105.01685
delay:
1.495
0.003
0.0
10.381
0.184
