Namespace(batch_size=128, d_inner_hid=32, d_k=16, d_model=16, d_rnn=8, d_v=16, data='data/toy_one/5dim_2000seq_128ev/', device=device(type='cpu'), dropout=0.1, epoch=100, log='data/toy_one/5dim_2000seq_128ev/100_20_input16_hidden64_softplus_batch128.txt', lr=0.001, lr_delay=0.001, n_head=1, n_hidden=64, n_input=16, n_layers=1, num_events=64, smooth=0.1)
Epoch, Log-likelihood-Test, Accuracy, RMSE, Log-likelihood-Train, Gradient_Masker, Gradient_THP
1, -0.37970,  0.33748,  0.24521, -0.41723,  0.00000,  16237.90207
delay:
0.0
0.0
0.0
0.0
0.0
2, -0.29367,  0.34654,  0.23103, -0.34684,  0.00000,  15557.66785
delay:
0.0
0.0
0.0
0.0
0.0
3, -0.19007,  0.44807,  0.22921, -0.25278,  0.00000,  14890.91032
delay:
0.0
0.0
0.0
0.0
0.0
4, -0.07274,  0.51102,  0.23954, -0.14516,  0.00000,  14190.27952
delay:
0.0
0.0
0.0
0.0
0.0
5,  0.07309,  0.51701,  0.23398, -0.01482,  0.00000,  13572.06442
delay:
0.0
0.0
0.0
0.0
0.0
6,  0.23691,  0.51866,  0.21015,  0.14028,  0.00000,  12948.03497
delay:
0.0
0.0
0.0
0.0
0.0
7,  0.40519,  0.51870,  0.19220,  0.30712,  0.00000,  12258.42105
delay:
0.0
0.0
0.0
0.0
0.0
8,  0.55529,  0.51799,  0.16918,  0.47025,  0.00000,  11327.72959
delay:
0.0
0.0
0.0
0.0
0.0
9,  0.67792,  0.51807,  0.15384,  0.60929,  0.00000,  10112.41397
delay:
0.0
0.0
0.0
0.0
0.0
10,  0.77741,  0.51866,  0.15146,  0.72257,  0.00000,  8853.97884
delay:
0.0
0.0
0.0
0.0
0.0
11,  0.81773,  0.51843,  0.15255,  0.79517,  0.00000,  7916.93946
delay:
0.0
0.0
0.0
0.0
0.0
12,  0.85256,  0.51878,  0.15356,  0.83310,  0.00000,  7353.04373
delay:
0.0
0.0
0.0
0.0
0.0
13,  0.88306,  0.51870,  0.15418,  0.86612,  0.00000,  6833.31888
delay:
0.0
0.0
0.0
0.0
0.0
14,  0.90980,  0.51862,  0.15441,  0.89515,  0.00000,  6342.87505
delay:
0.0
0.0
0.0
0.0
0.0
15,  0.93304,  0.51862,  0.15420,  0.92039,  0.00000,  5897.05408
delay:
0.0
0.0
0.0
0.0
0.0
16,  0.95337,  0.51854,  0.15378,  0.94235,  0.00000,  5466.89948
delay:
0.0
0.0
0.0
0.0
0.0
17,  0.97102,  0.51902,  0.15321,  0.96170,  0.00000,  5050.56393
delay:
0.0
0.0
0.0
0.0
0.0
18,  0.98642,  0.51886,  0.15247,  0.97835,  0.00000,  4691.90958
delay:
0.0
0.0
0.0
0.0
0.0
19,  0.99971,  0.51921,  0.15176,  0.99281,  0.00000,  4367.34986
delay:
0.0
0.0
0.0
0.0
0.0
20,  1.01127,  0.51933,  0.15126,  1.00548,  0.00000,  4084.68084
delay:
0.0
0.0
0.0
0.0
0.0
21,  1.04230,  0.51906,  0.15114,  1.02700,  66.34462,  3557.79685
delay:
0.018
0.068
2.881
2.346
0.267
22,  1.06104,  0.51953,  0.15057,  1.05257,  37.28353,  2720.02884
delay:
0.011
0.023
4.158
2.916
0.066
23,  1.07190,  0.51972,  0.15032,  1.06758,  37.92044,  2259.76029
delay:
0.015
0.013
3.473
2.837
0.025
24,  1.07994,  0.51969,  0.15175,  1.07673,  57.43108,  1987.02993
delay:
0.019
0.009
3.623
3.702
0.017
25,  1.08700,  0.51949,  0.15801,  1.08436,  108.36698,  1860.11863
delay:
0.005
0.008
3.623
3.637
0.013
26,  1.09253,  0.51957,  0.16061,  1.09037,  140.16882,  1793.44513
delay:
0.001
0.006
3.772
3.815
0.011
27,  1.09734,  0.51949,  0.16358,  1.09531,  195.49087,  1604.65663
delay:
0.0
0.005
4.026
4.099
0.009
28,  1.10200,  0.51933,  0.16719,  1.09967,  185.09270,  1522.13725
delay:
0.0
0.004
4.402
3.241
0.009
29,  1.10609,  0.51941,  0.16717,  1.10357,  302.73232,  1564.45316
delay:
0.0
0.002
4.517
4.849
0.008
30,  1.10915,  0.51945,  0.16731,  1.10702,  403.30696,  1427.14119
delay:
0.0
0.002
4.845
6.346
0.007
31,  1.11099,  0.51941,  0.16918,  1.10965,  319.50319,  1397.55565
delay:
0.0
0.001
4.061
6.344
0.005
32,  1.11236,  0.51953,  0.16858,  1.11119,  240.79804,  1664.84881
delay:
0.0
0.001
4.182
6.338
0.005
33,  1.11380,  0.51941,  0.16857,  1.11248,  260.42808,  1435.15977
delay:
0.0
0.001
4.413
6.438
0.005
34,  1.11505,  0.51929,  0.16851,  1.11365,  167.67972,  1176.79141
delay:
0.0
0.001
4.341
6.402
0.004
35,  1.11621,  0.51925,  0.16854,  1.11482,  168.23806,  1038.54185
delay:
0.0
0.001
4.242
6.354
0.004
36,  1.11730,  0.51925,  0.16759,  1.11570,  147.15034,  1119.72434
delay:
0.0
0.001
4.322
6.389
0.004
37,  1.11831,  0.51937,  0.16712,  1.11691,  183.52186,  969.85194
delay:
0.0
0.001
4.411
6.515
0.004
38,  1.11935,  0.51941,  0.16630,  1.11791,  112.47814,  1216.55356
delay:
0.0
0.001
4.318
6.513
0.003
39,  1.12043,  0.51925,  0.16593,  1.11894,  127.45822,  1104.88416
delay:
0.0
0.001
4.507
6.534
0.003
40,  1.12154,  0.51945,  0.16551,  1.11988,  151.40405,  808.80446
delay:
0.0
0.001
4.23
6.45
0.003
41,  1.11744,  0.51929,  0.16441,  1.12064,  324.25778,  869.38333
delay:
0.0
0.001
4.23
6.45
0.003
42,  1.11766,  0.51929,  0.16450,  1.12090,  324.25778,  877.06650
delay:
0.0
0.001
4.23
6.45
0.003
43,  1.11783,  0.51933,  0.16474,  1.12124,  324.25778,  893.90087
delay:
0.0
0.001
4.23
6.45
0.003
44,  1.11775,  0.51937,  0.16445,  1.12152,  324.25778,  848.25277
delay:
0.0
0.001
4.23
6.45
0.003
45,  1.11816,  0.51941,  0.16396,  1.12182,  324.25778,  1014.06305
delay:
0.0
0.001
4.23
6.45
0.003
46,  1.11830,  0.51933,  0.16346,  1.12190,  324.25778,  948.35932
delay:
0.0
0.001
4.23
6.45
0.003
47,  1.11855,  0.51941,  0.16362,  1.12223,  324.25778,  1081.37021
delay:
0.0
0.001
4.23
6.45
0.003
48,  1.11879,  0.51929,  0.16317,  1.12240,  324.25778,  821.65797
delay:
0.0
0.001
4.23
6.45
0.003
49,  1.11877,  0.51929,  0.16304,  1.12283,  324.25778,  942.88969
delay:
0.0
0.001
4.23
6.45
0.003
50,  1.11955,  0.51945,  0.16078,  1.12259,  324.25778,  1154.02432
delay:
0.0
0.001
4.23
6.45
0.003
51,  1.11933,  0.51957,  0.16146,  1.12324,  324.25778,  898.02389
delay:
0.0
0.001
4.23
6.45
0.003
52,  1.11933,  0.51933,  0.16166,  1.12338,  324.25778,  870.77343
delay:
0.0
0.001
4.23
6.45
0.003
53,  1.11940,  0.51917,  0.16183,  1.12364,  324.25778,  918.22463
delay:
0.0
0.001
4.23
6.45
0.003
54,  1.11955,  0.51913,  0.16183,  1.12379,  324.25778,  955.89830
delay:
0.0
0.001
4.23
6.45
0.003
55,  1.11974,  0.51925,  0.16201,  1.12404,  324.25778,  958.37331
delay:
0.0
0.001
4.23
6.45
0.003
56,  1.11997,  0.51929,  0.16213,  1.12423,  324.25778,  970.37434
delay:
0.0
0.001
4.23
6.45
0.003
57,  1.12019,  0.51933,  0.16202,  1.12435,  324.25778,  946.13081
delay:
0.0
0.001
4.23
6.45
0.003
58,  1.12032,  0.51937,  0.16190,  1.12445,  324.25778,  951.82249
delay:
0.0
0.001
4.23
6.45
0.003
59,  1.12056,  0.51937,  0.16165,  1.12449,  324.25778,  876.99302
delay:
0.0
0.001
4.23
6.45
0.003
60,  1.12059,  0.51933,  0.16154,  1.12497,  324.25778,  923.94814
delay:
0.0
0.001
4.23
6.45
0.003
61,  1.12711,  0.51933,  0.16254,  1.12516,  48.71590,  844.00597
delay:
0.0
0.001
4.282
6.514
0.002
62,  1.12811,  0.51941,  0.16180,  1.12592,  48.17779,  931.52227
delay:
0.0
0.0
4.527
6.6
0.002
63,  1.12910,  0.51941,  0.16103,  1.12674,  63.82810,  912.95642
delay:
0.0
0.0
4.748
6.696
0.002
64,  1.13024,  0.51921,  0.16059,  1.12781,  59.38880,  1115.52886
delay:
0.0
0.0
5.011
6.751
0.002
65,  1.13144,  0.51906,  0.16034,  1.12868,  40.52108,  963.78549
delay:
0.0
0.0
5.166
6.821
0.002
66,  1.13259,  0.51894,  0.15977,  1.12959,  45.88850,  874.80555
delay:
0.0
0.0
5.163
6.915
0.002
67,  1.13395,  0.51898,  0.15894,  1.13094,  59.36495,  891.14903
delay:
0.0
0.0
5.162
7.05
0.002
68,  1.13527,  0.51898,  0.15858,  1.13206,  61.23757,  1019.59495
delay:
0.0
0.0
5.122
7.284
0.001
69,  1.13677,  0.51902,  0.15803,  1.13328,  49.81377,  969.44920
delay:
0.0
0.0
5.122
7.559
0.001
70,  1.13855,  0.51886,  0.15749,  1.13458,  62.52852,  1095.63638
delay:
0.0
0.0
5.151
7.781
0.001
71,  1.13914,  0.51902,  0.15729,  1.13575,  53.52664,  954.14407
delay:
0.0
0.0
5.066
7.875
0.001
72,  1.13986,  0.51906,  0.15731,  1.13621,  72.63209,  1007.76972
delay:
0.0
0.0
4.984
7.953
0.001
73,  1.14073,  0.51909,  0.15727,  1.13681,  77.19979,  848.31776
delay:
0.0
0.0
5.071
8.069
0.001
74,  1.14153,  0.51909,  0.15720,  1.13750,  120.93885,  856.11954
delay:
0.0
0.0
4.999
8.23
0.001
75,  1.14223,  0.51906,  0.15696,  1.13770,  91.66972,  869.65995
delay:
0.0
0.0
5.033
8.441
0.001
76,  1.14301,  0.51917,  0.15682,  1.13882,  84.88163,  1004.83840
delay:
0.0
0.0
5.053
8.666
0.001
77,  1.14388,  0.51917,  0.15672,  1.13908,  104.74041,  961.94843
delay:
0.0
0.0
4.957
8.928
0.001
78,  1.14467,  0.51902,  0.15664,  1.14019,  120.56663,  1072.33113
delay:
0.0
0.0
5.052
9.233
0.001
79,  1.14531,  0.51909,  0.15649,  1.14058,  98.01924,  856.59012
delay:
0.0
0.0
5.086
9.466
0.001
80,  1.14625,  0.51913,  0.15635,  1.14162,  107.60990,  837.59038
delay:
0.0
0.0
5.084
9.637
0.001
81,  1.13784,  0.51929,  0.15507,  1.14151,  458.99778,  942.99845
delay:
0.0
0.0
5.084
9.637
0.001
82,  1.13811,  0.51925,  0.15512,  1.14200,  458.99778,  918.07401
delay:
0.0
0.0
5.084
9.637
0.001
83,  1.13830,  0.51929,  0.15505,  1.14203,  458.99778,  953.47293
delay:
0.0
0.0
5.084
9.637
0.001
84,  1.13852,  0.51933,  0.15508,  1.14244,  458.99778,  921.07794
delay:
0.0
0.0
5.084
9.637
0.001
85,  1.13884,  0.51921,  0.15514,  1.14254,  458.99778,  964.09625
delay:
0.0
0.0
5.084
9.637
0.001
86,  1.13909,  0.51929,  0.15506,  1.14247,  458.99778,  898.51786
delay:
0.0
0.0
5.084
9.637
0.001
87,  1.13909,  0.51921,  0.15504,  1.14285,  458.99778,  958.82903
delay:
0.0
0.0
5.084
9.637
0.001
88,  1.13918,  0.51925,  0.15499,  1.14284,  458.99778,  927.06285
delay:
0.0
0.0
5.084
9.637
0.001
89,  1.13926,  0.51929,  0.15495,  1.14328,  458.99778,  967.58079
delay:
0.0
0.0
5.084
9.637
0.001
90,  1.13950,  0.51917,  0.15497,  1.14303,  458.99778,  872.58579
delay:
0.0
0.0
5.084
9.637
0.001
91,  1.13956,  0.51925,  0.15495,  1.14326,  458.99778,  859.93939
delay:
0.0
0.0
5.084
9.637
0.001
92,  1.13963,  0.51925,  0.15496,  1.14371,  458.99778,  889.54772
delay:
0.0
0.0
5.084
9.637
0.001
93,  1.13972,  0.51925,  0.15494,  1.14377,  458.99778,  899.47247
delay:
0.0
0.0
5.084
9.637
0.001
94,  1.13984,  0.51925,  0.15489,  1.14341,  458.99778,  957.86217
delay:
0.0
0.0
5.084
9.637
0.001
95,  1.13985,  0.51925,  0.15486,  1.14383,  458.99778,  933.77331
delay:
0.0
0.0
5.084
9.637
0.001
96,  1.13990,  0.51917,  0.15482,  1.14386,  458.99778,  951.69169
delay:
0.0
0.0
5.084
9.637
0.001
97,  1.14000,  0.51925,  0.15484,  1.14372,  458.99778,  896.43933
delay:
0.0
0.0
5.084
9.637
0.001
98,  1.14010,  0.51925,  0.15484,  1.14407,  458.99778,  969.63038
delay:
0.0
0.0
5.084
9.637
0.001
99,  1.14016,  0.51925,  0.15482,  1.14424,  458.99778,  934.70952
delay:
0.0
0.0
5.084
9.637
0.001
100,  1.13924,  0.51945,  0.15279,  1.14281,  458.99778,  1113.55247
delay:
0.0
0.0
5.084
9.637
0.001
