Namespace(data='data/toy_one/5dim_2000seq_128ev/', epoch=100, batch_size=128, d_model=16, d_rnn=8, d_inner_hid=32, d_k=16, d_v=16, n_head=1, n_layers=1, dropout=0.1, lr=0.001, smooth=0.1, log='data/toy_one/5dim_2000seq_128ev/100_20_input16_hidden64_softplus_batch128_grad001.txt', num_events=64, lr_delay=0.001, n_hidden=64, n_input=16, device=device(type='cpu'))
Epoch, Log-likelihood-Test, Accuracy, RMSE, Log-likelihood-Train, Gradient_Masker, Gradient_THP
1, -0.36653,  0.20480,  0.16042, -0.41001,  0.00000,  16671.70277
delay:
0.0
0.0
0.0
0.0
0.0
2, -0.28590,  0.20602,  0.16114, -0.33218,  0.00000,  15435.56068
delay:
0.0
0.0
0.0
0.0
0.0
3, -0.19037,  0.38803,  0.16050, -0.24742,  0.00000,  14890.23356
delay:
0.0
0.0
0.0
0.0
0.0
4, -0.05762,  0.37980,  0.15655, -0.13732,  0.00000,  14466.78251
delay:
0.0
0.0
0.0
0.0
0.0
5,  0.11137,  0.38197,  0.15298,  0.01203,  0.00000,  14099.83257
delay:
0.0
0.0
0.0
0.0
0.0
6,  0.29859,  0.37874,  0.15043,  0.18987,  0.00000,  13403.16197
delay:
0.0
0.0
0.0
0.0
0.0
7,  0.48700,  0.39654,  0.15054,  0.37807,  0.00000,  12376.90367
delay:
0.0
0.0
0.0
0.0
0.0
8,  0.65693,  0.40909,  0.15106,  0.56267,  0.00000,  11022.37518
delay:
0.0
0.0
0.0
0.0
0.0
9,  0.76906,  0.45787,  0.15077,  0.70874,  0.00000,  9482.43255
delay:
0.0
0.0
0.0
0.0
0.0
10,  0.84914,  0.51709,  0.15045,  0.80583,  0.00000,  8190.98353
delay:
0.0
0.0
0.0
0.0
0.0
11,  0.88049,  0.51736,  0.15036,  0.86307,  0.00000,  7320.60862
delay:
0.0
0.0
0.0
0.0
0.0
12,  0.90745,  0.51760,  0.14988,  0.89241,  0.00000,  6811.06093
delay:
0.0
0.0
0.0
0.0
0.0
13,  0.93029,  0.51815,  0.14937,  0.91787,  0.00000,  6350.95991
delay:
0.0
0.0
0.0
0.0
0.0
14,  0.94978,  0.51839,  0.14902,  0.93924,  0.00000,  5936.92307
delay:
0.0
0.0
0.0
0.0
0.0
15,  0.96658,  0.51843,  0.14891,  0.95772,  0.00000,  5564.96493
delay:
0.0
0.0
0.0
0.0
0.0
16,  0.98143,  0.51894,  0.14861,  0.97386,  0.00000,  5211.51610
delay:
0.0
0.0
0.0
0.0
0.0
17,  0.99406,  0.51909,  0.14847,  0.98778,  0.00000,  4863.80567
delay:
0.0
0.0
0.0
0.0
0.0
18,  1.00524,  0.51933,  0.14838,  0.99982,  0.00000,  4543.10286
delay:
0.0
0.0
0.0
0.0
0.0
19,  1.01489,  0.51929,  0.14825,  1.01035,  0.00000,  4283.00732
delay:
0.0
0.0
0.0
0.0
0.0
20,  1.02317,  0.51957,  0.14825,  1.01949,  0.00000,  4019.69125
delay:
0.0
0.0
0.0
0.0
0.0
21,  1.04602,  0.51980,  0.14888,  1.03499,  3.09518,  3812.66387
delay:
0.217
0.008
4.811
0.084
4.269
22,  1.05979,  0.51961,  0.14908,  1.05376,  0.69909,  3017.72818
delay:
1.187
0.003
7.623
0.032
6.062
23,  1.06932,  0.51965,  0.14826,  1.06548,  0.86644,  2514.11919
delay:
3.694
0.002
9.677
0.015
7.122
24,  1.07655,  0.51945,  0.14813,  1.07378,  0.30531,  2353.77130
delay:
6.019
0.002
10.556
0.009
7.977
25,  1.08207,  0.51937,  0.14805,  1.08020,  0.25230,  2031.53367
delay:
7.255
0.001
10.341
0.006
8.505
26,  1.08648,  0.51933,  0.14784,  1.08518,  0.27417,  2087.46058
delay:
7.924
0.001
9.727
0.006
8.79
27,  1.08989,  0.51917,  0.14782,  1.08903,  0.25560,  1660.96311
delay:
8.361
0.001
8.755
0.005
8.779
28,  1.09245,  0.51949,  0.14777,  1.09192,  0.20238,  1506.54857
delay:
8.735
0.001
8.219
0.005
8.831
29,  1.09452,  0.51961,  0.14774,  1.09429,  0.38369,  1528.34939
delay:
8.925
0.001
7.709
0.004
8.747
30,  1.09613,  0.51984,  0.14778,  1.09610,  0.47136,  1563.48809
delay:
8.788
0.001
6.602
0.004
8.49
31,  1.09699,  0.51988,  0.14780,  1.09731,  0.63165,  1343.70009
delay:
8.555
0.001
5.541
0.004
8.186
32,  1.09767,  0.51992,  0.14782,  1.09811,  0.65752,  1001.54377
delay:
8.491
0.001
4.891
0.004
7.917
33,  1.09871,  0.51992,  0.14783,  1.09895,  0.89354,  1243.95528
delay:
8.65
0.001
4.967
0.004
7.752
34,  1.09997,  0.52028,  0.14785,  1.09989,  1.05564,  1107.62602
delay:
8.802
0.001
5.248
0.004
7.491
35,  1.10140,  0.52016,  0.14789,  1.10113,  0.91899,  1024.55277
delay:
8.822
0.001
5.061
0.003
6.918
36,  1.10333,  0.52020,  0.14787,  1.10274,  0.98614,  1186.58178
delay:
8.973
0.001
4.792
0.003
5.898
37,  1.10538,  0.51988,  0.14807,  1.10467,  3.28771,  1086.32243
delay:
9.397
0.001
4.627
0.003
3.928
38,  1.10682,  0.52024,  0.14805,  1.10627,  2.78000,  1176.51162
delay:
10.256
0.0
4.754
0.002
1.453
39,  1.10844,  0.52012,  0.14808,  1.10777,  2.30382,  1202.44145
delay:
11.427
0.0
5.722
0.001
0.357
40,  1.11044,  0.52024,  0.14813,  1.10950,  3.13592,  1130.48988
delay:
12.825
0.0
6.252
0.001
0.072
41,  1.11069,  0.52008,  0.14813,  1.11045,  2.50112,  1042.41601
delay:
12.825
0.0
6.252
0.001
0.072
42,  1.11117,  0.52020,  0.14814,  1.11101,  2.50112,  1138.64031
delay:
12.825
0.0
6.252
0.001
0.072
43,  1.11153,  0.52012,  0.14816,  1.11140,  2.50112,  1001.53439
delay:
12.825
0.0
6.252
0.001
0.072
44,  1.11179,  0.52016,  0.14812,  1.11183,  2.50112,  1017.56853
delay:
12.825
0.0
6.252
0.001
0.072
45,  1.11225,  0.52000,  0.14811,  1.11218,  2.50112,  1001.49880
delay:
12.825
0.0
6.252
0.001
0.072
46,  1.11254,  0.52012,  0.14813,  1.11256,  2.50112,  990.91466
delay:
12.825
0.0
6.252
0.001
0.072
47,  1.11295,  0.52012,  0.14812,  1.11291,  2.50112,  1029.50880
delay:
12.825
0.0
6.252
0.001
0.072
48,  1.11318,  0.52024,  0.14819,  1.11319,  2.50112,  1021.67258
delay:
12.825
0.0
6.252
0.001
0.072
49,  1.11356,  0.52039,  0.14811,  1.11361,  2.50112,  1084.60943
delay:
12.825
0.0
6.252
0.001
0.072
50,  1.11417,  0.51992,  0.14819,  1.11387,  2.50112,  982.04759
delay:
12.825
0.0
6.252
0.001
0.072
51,  1.11435,  0.52000,  0.14817,  1.11427,  2.50112,  1020.51486
delay:
12.825
0.0
6.252
0.001
0.072
52,  1.11459,  0.51984,  0.14811,  1.11451,  2.50112,  1083.61970
delay:
12.825
0.0
6.252
0.001
0.072
53,  1.11471,  0.52020,  0.14812,  1.11477,  2.50112,  1066.03226
delay:
12.825
0.0
6.252
0.001
0.072
54,  1.11492,  0.51992,  0.14813,  1.11490,  2.50112,  958.32667
delay:
12.825
0.0
6.252
0.001
0.072
55,  1.11511,  0.52000,  0.14816,  1.11513,  2.50112,  1114.84969
delay:
12.825
0.0
6.252
0.001
0.072
56,  1.11528,  0.52016,  0.14812,  1.11542,  2.50112,  1063.92750
delay:
12.825
0.0
6.252
0.001
0.072
57,  1.11549,  0.52028,  0.14810,  1.11567,  2.50112,  1032.77188
delay:
12.825
0.0
6.252
0.001
0.072
58,  1.11566,  0.52039,  0.14813,  1.11588,  2.50112,  1030.31452
delay:
12.825
0.0
6.252
0.001
0.072
59,  1.11592,  0.52020,  0.14807,  1.11593,  2.50112,  989.20679
delay:
12.825
0.0
6.252
0.001
0.072
60,  1.11604,  0.52028,  0.14811,  1.11638,  2.50112,  958.53660
delay:
12.825
0.0
6.252
0.001
0.072
61,  1.11805,  0.52016,  0.14820,  1.11679,  4.29211,  1083.26468
delay:
13.395
0.0
6.802
0.0
0.038
62,  1.11952,  0.51996,  0.14819,  1.11807,  4.18977,  1138.93550
delay:
13.833
0.0
7.348
0.0
0.027
63,  1.12106,  0.52020,  0.14814,  1.11926,  2.73082,  1001.54466
delay:
14.137
0.0
7.616
0.0
0.021
64,  1.12252,  0.52016,  0.14812,  1.12047,  2.17498,  1011.74739
delay:
14.232
0.0
7.475
0.0
0.016
65,  1.12393,  0.52016,  0.14813,  1.12179,  2.84036,  1025.20677
delay:
14.263
0.0
7.139
0.0
0.013
66,  1.12527,  0.52024,  0.14810,  1.12301,  3.39000,  1040.47934
delay:
14.563
0.0
7.315
0.0
0.011
67,  1.12657,  0.52012,  0.14810,  1.12435,  3.33783,  1100.05489
delay:
14.729
0.0
7.209
0.0
0.009
68,  1.12779,  0.52012,  0.14813,  1.12549,  2.54527,  1002.49509
delay:
14.694
0.0
7.023
0.001
0.008
69,  1.12895,  0.52012,  0.14813,  1.12670,  2.49525,  1085.11846
delay:
14.783
0.0
7.08
0.001
0.007
70,  1.13017,  0.52000,  0.14809,  1.12794,  2.77787,  1096.87615
delay:
14.769
0.0
7.101
0.002
0.006
71,  1.13074,  0.51996,  0.14809,  1.12875,  2.42954,  991.78706
delay:
14.837
0.0
7.128
0.004
0.005
72,  1.13126,  0.51992,  0.14809,  1.12921,  2.09008,  930.95794
delay:
14.783
0.0
7.07
0.01
0.005
73,  1.13178,  0.52000,  0.14809,  1.12982,  2.46007,  916.02413
delay:
14.717
0.0
7.07
0.027
0.005
74,  1.13236,  0.51988,  0.14810,  1.13035,  6.25833,  977.03294
delay:
14.677
0.0
7.056
0.099
0.005
75,  1.13294,  0.51988,  0.14807,  1.13068,  26.43503,  911.27901
delay:
14.667
0.0
6.946
0.475
0.004
76,  1.13346,  0.51992,  0.14807,  1.13115,  34.24179,  865.75257
delay:
14.584
0.0
6.992
0.515
0.004
77,  1.13400,  0.51988,  0.14810,  1.13156,  32.74358,  938.21427
delay:
14.591
0.0
7.035
0.484
0.004
78,  1.13459,  0.51976,  0.14805,  1.13219,  21.08392,  906.80366
delay:
14.54
0.0
7.034
0.527
0.004
79,  1.13507,  0.51984,  0.14807,  1.13275,  32.47257,  946.12042
delay:
14.525
0.0
7.031
0.582
0.004
80,  1.13567,  0.51972,  0.14805,  1.13323,  28.05649,  890.68750
delay:
14.34
0.0
6.965
0.469
0.004
81,  1.13355,  0.51976,  0.14803,  1.13363,  21.09134,  865.05634
delay:
14.34
0.0
6.965
0.469
0.004
82,  1.13370,  0.51972,  0.14801,  1.13370,  21.09134,  789.11624
delay:
14.34
0.0
6.965
0.469
0.004
83,  1.13378,  0.51961,  0.14800,  1.13384,  21.09134,  871.54605
delay:
14.34
0.0
6.965
0.469
0.004
84,  1.13390,  0.51972,  0.14800,  1.13380,  21.09134,  1022.67303
delay:
14.34
0.0
6.965
0.469
0.004
85,  1.13399,  0.51996,  0.14802,  1.13406,  21.09134,  924.63544
delay:
14.34
0.0
6.965
0.469
0.004
86,  1.13416,  0.51992,  0.14795,  1.13431,  21.09134,  908.45964
delay:
14.34
0.0
6.965
0.469
0.004
87,  1.13425,  0.51984,  0.14804,  1.13428,  21.09134,  1001.07013
delay:
14.34
0.0
6.965
0.469
0.004
88,  1.13433,  0.51972,  0.14796,  1.13440,  21.09134,  910.80582
delay:
14.34
0.0
6.965
0.469
0.004
89,  1.13442,  0.51972,  0.14797,  1.13453,  21.09134,  907.80573
delay:
14.34
0.0
6.965
0.469
0.004
90,  1.13458,  0.51980,  0.14796,  1.13456,  21.09134,  925.34045
delay:
14.34
0.0
6.965
0.469
0.004
91,  1.13463,  0.51980,  0.14795,  1.13483,  21.09134,  890.96772
delay:
14.34
0.0
6.965
0.469
0.004
92,  1.13468,  0.51972,  0.14795,  1.13497,  21.09134,  879.24434
delay:
14.34
0.0
6.965
0.469
0.004
93,  1.13472,  0.51972,  0.14795,  1.13484,  21.09134,  980.90858
delay:
14.34
0.0
6.965
0.469
0.004
94,  1.13477,  0.51980,  0.14795,  1.13480,  21.09134,  955.78831
delay:
14.34
0.0
6.965
0.469
0.004
95,  1.13483,  0.51980,  0.14794,  1.13507,  21.09134,  931.38467
delay:
14.34
0.0
6.965
0.469
0.004
96,  1.13486,  0.51980,  0.14795,  1.13498,  21.09134,  924.06435
delay:
14.34
0.0
6.965
0.469
0.004
97,  1.13495,  0.51980,  0.14794,  1.13502,  21.09134,  939.95964
delay:
14.34
0.0
6.965
0.469
0.004
98,  1.13499,  0.51976,  0.14794,  1.13523,  21.09134,  1078.92064
delay:
14.34
0.0
6.965
0.469
0.004
99,  1.13505,  0.51980,  0.14793,  1.13521,  21.09134,  828.34019
delay:
14.34
0.0
6.965
0.469
0.004
100,  1.13530,  0.51984,  0.14790,  1.13511,  21.09134,  1057.41054
delay:
14.34
0.0
6.965
0.469
0.004
