Namespace(batch_size=16, d_inner_hid=32, d_k=16, d_model=16, d_rnn=8, d_v=16, data='data/toy_one/5dim_2000seq_128ev/', device=device(type='cpu'), dropout=0.1, epoch=100, log='data/toy_one/5dim_2000seq_128ev/100_15_input5_hidden32_abs.txt', lr=0.001, lr_delay=0.01, n_head=1, n_hidden=32, n_input=5, n_layers=1, num_events=128, smooth=0.1)
Epoch, Log-likelihood, Accuracy, RMSE, Gradient_Masker, Gradient_THP
1,  0.53751,  0.51354,  0.32194, -0.06548,  0.00000,  1843.15896
delay:
[0. 0. 0. 0. 0.]
[0. 0. 0. 0. 0.]
[0. 0. 0. 0. 0.]
[0. 0. 0. 0. 0.]
[0. 0. 0. 0. 0.]
2,  1.02386,  0.51929,  0.20282,  0.86835,  0.00000,  882.92687
delay:
[0. 0. 0. 0. 0.]
[0. 0. 0. 0. 0.]
[0. 0. 0. 0. 0.]
[0. 0. 0. 0. 0.]
[0. 0. 0. 0. 0.]
3,  1.07828,  0.52035,  0.18583,  1.05905,  0.00000,  468.80945
delay:
[0. 0. 0. 0. 0.]
[0. 0. 0. 0. 0.]
[0. 0. 0. 0. 0.]
[0. 0. 0. 0. 0.]
[0. 0. 0. 0. 0.]
4,  1.09341,  0.52039,  0.16609,  1.08797,  0.00000,  459.08082
delay:
[0. 0. 0. 0. 0.]
[0. 0. 0. 0. 0.]
[0. 0. 0. 0. 0.]
[0. 0. 0. 0. 0.]
[0. 0. 0. 0. 0.]
5,  1.10020,  0.52035,  0.16261,  1.09785,  0.00000,  412.66878
delay:
[0. 0. 0. 0. 0.]
[0. 0. 0. 0. 0.]
[0. 0. 0. 0. 0.]
[0. 0. 0. 0. 0.]
[0. 0. 0. 0. 0.]
6,  1.10456,  0.51984,  0.16034,  1.10273,  0.00000,  403.43442
delay:
[0. 0. 0. 0. 0.]
[0. 0. 0. 0. 0.]
[0. 0. 0. 0. 0.]
[0. 0. 0. 0. 0.]
[0. 0. 0. 0. 0.]
7,  1.10906,  0.52047,  0.16222,  1.10675,  0.00000,  402.77722
delay:
[0. 0. 0. 0. 0.]
[0. 0. 0. 0. 0.]
[0. 0. 0. 0. 0.]
[0. 0. 0. 0. 0.]
[0. 0. 0. 0. 0.]
8,  1.11448,  0.52102,  0.16134,  1.11151,  0.00000,  350.94200
delay:
[0. 0. 0. 0. 0.]
[0. 0. 0. 0. 0.]
[0. 0. 0. 0. 0.]
[0. 0. 0. 0. 0.]
[0. 0. 0. 0. 0.]
9,  1.12312,  0.52035,  0.16094,  1.11787,  0.00000,  329.23829
delay:
[0. 0. 0. 0. 0.]
[0. 0. 0. 0. 0.]
[0. 0. 0. 0. 0.]
[0. 0. 0. 0. 0.]
[0. 0. 0. 0. 0.]
10,  1.13244,  0.52094,  0.16087,  1.12638,  0.00000,  341.78464
delay:
[0. 0. 0. 0. 0.]
[0. 0. 0. 0. 0.]
[0. 0. 0. 0. 0.]
[0. 0. 0. 0. 0.]
[0. 0. 0. 0. 0.]
11,  1.13828,  0.52106,  0.16254,  1.13352,  0.00000,  295.58263
delay:
[0. 0. 0. 0. 0.]
[0. 0. 0. 0. 0.]
[0. 0. 0. 0. 0.]
[0. 0. 0. 0. 0.]
[0. 0. 0. 0. 0.]
12,  1.14369,  0.52094,  0.16591,  1.13893,  0.00000,  313.68479
delay:
[0. 0. 0. 0. 0.]
[0. 0. 0. 0. 0.]
[0. 0. 0. 0. 0.]
[0. 0. 0. 0. 0.]
[0. 0. 0. 0. 0.]
13,  1.14747,  0.52106,  0.16711,  1.14318,  0.00000,  301.73071
delay:
[0. 0. 0. 0. 0.]
[0. 0. 0. 0. 0.]
[0. 0. 0. 0. 0.]
[0. 0. 0. 0. 0.]
[0. 0. 0. 0. 0.]
14,  1.15156,  0.52094,  0.16764,  1.14695,  0.00000,  306.00885
delay:
[0. 0. 0. 0. 0.]
[0. 0. 0. 0. 0.]
[0. 0. 0. 0. 0.]
[0. 0. 0. 0. 0.]
[0. 0. 0. 0. 0.]
15,  1.15570,  0.52067,  0.16711,  1.15076,  0.00000,  319.40997
delay:
[0. 0. 0. 0. 0.]
[0. 0. 0. 0. 0.]
[0. 0. 0. 0. 0.]
[0. 0. 0. 0. 0.]
[0. 0. 0. 0. 0.]
16,  1.15894,  0.52102,  0.16234,  1.15535,  31.45253,  308.47756
delay:
[0.    0.    0.    0.    0.    0.    0.    0.    0.    0.    0.    0.
 0.    0.    0.    0.    0.    0.    0.    0.    0.511 0.132 0.191 5.558
 0.11 ]
[0.    0.    0.    0.    0.    0.    0.    0.    0.    0.    0.    0.
 0.    0.    0.    0.    0.    0.    0.    0.    0.511 0.132 0.191 5.558
 0.11 ]
[0.    0.    0.    0.    0.    0.    0.    0.    0.    0.    0.    0.
 0.    0.    0.    0.    0.    0.    0.    0.    0.511 0.132 0.191 5.558
 0.11 ]
[0.    0.    0.    0.    0.    0.    0.    0.    0.    0.    0.    0.
 0.    0.    0.    0.    0.    0.    0.    0.    0.511 0.132 0.191 5.558
 0.11 ]
[0.    0.    0.    0.    0.    0.    0.    0.    0.    0.    0.    0.
 0.    0.    0.    0.    0.    0.    0.    0.    0.511 0.132 0.191 5.558
 0.11 ]
[0.    0.    0.    0.    0.    0.    0.    0.    0.    0.    0.    0.
 0.    0.    0.    0.    0.    0.    0.    0.    0.511 0.132 0.191 5.558
 0.11 ]
[0.    0.    0.    0.    0.    0.    0.    0.    0.    0.    0.    0.
 0.    0.    0.    0.    0.    0.    0.    0.    0.511 0.132 0.191 5.558
 0.11 ]
[0.    0.    0.    0.    0.    0.    0.    0.    0.    0.    0.    0.
 0.    0.    0.    0.    0.    0.    0.    0.    0.511 0.132 0.191 5.558
 0.11 ]
[0.    0.    0.    0.    0.    0.    0.    0.    0.    0.    0.    0.
 0.    0.    0.    0.    0.    0.    0.    0.    0.511 0.132 0.191 5.558
 0.11 ]
[0.    0.    0.    0.    0.    0.    0.    0.    0.    0.    0.    0.
 0.    0.    0.    0.    0.    0.    0.    0.    0.511 0.132 0.191 5.558
 0.11 ]
[0.    0.    0.    0.    0.    0.    0.    0.    0.    0.    0.    0.
 0.    0.    0.    0.    0.    0.    0.    0.    0.511 0.132 0.191 5.558
 0.11 ]
[0.    0.    0.    0.    0.    0.    0.    0.    0.    0.    0.    0.
 0.    0.    0.    0.    0.    0.    0.    0.    0.511 0.132 0.191 5.558
 0.11 ]
[0.    0.    0.    0.    0.    0.    0.    0.    0.    0.    0.    0.
 0.    0.    0.    0.    0.    0.    0.    0.    0.511 0.132 0.191 5.558
 0.11 ]
[0.    0.    0.    0.    0.    0.    0.    0.    0.    0.    0.    0.
 0.    0.    0.    0.    0.    0.    0.    0.    0.511 0.132 0.191 5.558
 0.11 ]
[0.    0.    0.    0.    0.    0.    0.    0.    0.    0.    0.    0.
 0.    0.    0.    0.    0.    0.    0.    0.    0.511 0.132 0.191 5.558
 0.11 ]
[0.    0.    0.    0.    0.    0.    0.    0.    0.    0.    0.    0.
 0.    0.    0.    0.    0.    0.    0.    0.    0.511 0.132 0.191 5.558
 0.11 ]
17,  1.16287,  0.52043,  0.16099,  1.15988,  23.79556,  305.03481
delay:
[0.    0.    0.    0.    0.    0.    0.    0.    0.    0.    0.    0.
 0.    0.    0.    0.    0.    0.    0.    0.    0.326 2.462 0.179 5.631
 0.011]
[0.    0.    0.    0.    0.    0.    0.    0.    0.    0.    0.    0.
 0.    0.    0.    0.    0.    0.    0.    0.    0.326 2.462 0.179 5.631
 0.011]
[0.    0.    0.    0.    0.    0.    0.    0.    0.    0.    0.    0.
 0.    0.    0.    0.    0.    0.    0.    0.    0.326 2.462 0.179 5.631
 0.011]
[0.    0.    0.    0.    0.    0.    0.    0.    0.    0.    0.    0.
 0.    0.    0.    0.    0.    0.    0.    0.    0.326 2.462 0.179 5.631
 0.011]
[0.    0.    0.    0.    0.    0.    0.    0.    0.    0.    0.    0.
 0.    0.    0.    0.    0.    0.    0.    0.    0.326 2.462 0.179 5.631
 0.011]
[0.    0.    0.    0.    0.    0.    0.    0.    0.    0.    0.    0.
 0.    0.    0.    0.    0.    0.    0.    0.    0.326 2.462 0.179 5.631
 0.011]
[0.    0.    0.    0.    0.    0.    0.    0.    0.    0.    0.    0.
 0.    0.    0.    0.    0.    0.    0.    0.    0.326 2.462 0.179 5.631
 0.011]
[0.    0.    0.    0.    0.    0.    0.    0.    0.    0.    0.    0.
 0.    0.    0.    0.    0.    0.    0.    0.    0.326 2.462 0.179 5.631
 0.011]
[0.    0.    0.    0.    0.    0.    0.    0.    0.    0.    0.    0.
 0.    0.    0.    0.    0.    0.    0.    0.    0.326 2.462 0.179 5.631
 0.011]
[0.    0.    0.    0.    0.    0.    0.    0.    0.    0.    0.    0.
 0.    0.    0.    0.    0.    0.    0.    0.    0.326 2.462 0.179 5.631
 0.011]
[0.    0.    0.    0.    0.    0.    0.    0.    0.    0.    0.    0.
 0.    0.    0.    0.    0.    0.    0.    0.    0.326 2.462 0.179 5.631
 0.011]
[0.    0.    0.    0.    0.    0.    0.    0.    0.    0.    0.    0.
 0.    0.    0.    0.    0.    0.    0.    0.    0.326 2.462 0.179 5.631
 0.011]
[0.    0.    0.    0.    0.    0.    0.    0.    0.    0.    0.    0.
 0.    0.    0.    0.    0.    0.    0.    0.    0.326 2.462 0.179 5.631
 0.011]
[0.    0.    0.    0.    0.    0.    0.    0.    0.    0.    0.    0.
 0.    0.    0.    0.    0.    0.    0.    0.    0.326 2.462 0.179 5.631
 0.011]
[0.    0.    0.    0.    0.    0.    0.    0.    0.    0.    0.    0.
 0.    0.    0.    0.    0.    0.    0.    0.    0.326 2.462 0.179 5.631
 0.011]
[0.    0.    0.    0.    0.    0.    0.    0.    0.    0.    0.    0.
 0.    0.    0.    0.    0.    0.    0.    0.    0.326 2.462 0.179 5.631
 0.011]
18,  1.16609,  0.52067,  0.16032,  1.16436,  23.61413,  293.10630
delay:
[0.    0.    0.    0.    0.    0.    0.    0.    0.    0.    0.    0.
 0.    0.    0.    0.    0.    0.    0.    0.    0.541 2.507 0.332 6.767
 0.055]
[0.    0.    0.    0.    0.    0.    0.    0.    0.    0.    0.    0.
 0.    0.    0.    0.    0.    0.    0.    0.    0.541 2.507 0.332 6.767
 0.055]
[0.    0.    0.    0.    0.    0.    0.    0.    0.    0.    0.    0.
 0.    0.    0.    0.    0.    0.    0.    0.    0.541 2.507 0.332 6.767
 0.055]
[0.    0.    0.    0.    0.    0.    0.    0.    0.    0.    0.    0.
 0.    0.    0.    0.    0.    0.    0.    0.    0.541 2.507 0.332 6.767
 0.055]
[0.    0.    0.    0.    0.    0.    0.    0.    0.    0.    0.    0.
 0.    0.    0.    0.    0.    0.    0.    0.    0.541 2.507 0.332 6.767
 0.055]
[0.    0.    0.    0.    0.    0.    0.    0.    0.    0.    0.    0.
 0.    0.    0.    0.    0.    0.    0.    0.    0.541 2.507 0.332 6.767
 0.055]
[0.    0.    0.    0.    0.    0.    0.    0.    0.    0.    0.    0.
 0.    0.    0.    0.    0.    0.    0.    0.    0.541 2.507 0.332 6.767
 0.055]
[0.    0.    0.    0.    0.    0.    0.    0.    0.    0.    0.    0.
 0.    0.    0.    0.    0.    0.    0.    0.    0.541 2.507 0.332 6.767
 0.055]
[0.    0.    0.    0.    0.    0.    0.    0.    0.    0.    0.    0.
 0.    0.    0.    0.    0.    0.    0.    0.    0.541 2.507 0.332 6.767
 0.055]
[0.    0.    0.    0.    0.    0.    0.    0.    0.    0.    0.    0.
 0.    0.    0.    0.    0.    0.    0.    0.    0.541 2.507 0.332 6.767
 0.055]
[0.    0.    0.    0.    0.    0.    0.    0.    0.    0.    0.    0.
 0.    0.    0.    0.    0.    0.    0.    0.    0.541 2.507 0.332 6.767
 0.055]
[0.    0.    0.    0.    0.    0.    0.    0.    0.    0.    0.    0.
 0.    0.    0.    0.    0.    0.    0.    0.    0.541 2.507 0.332 6.767
 0.055]
[0.    0.    0.    0.    0.    0.    0.    0.    0.    0.    0.    0.
 0.    0.    0.    0.    0.    0.    0.    0.    0.541 2.507 0.332 6.767
 0.055]
[0.    0.    0.    0.    0.    0.    0.    0.    0.    0.    0.    0.
 0.    0.    0.    0.    0.    0.    0.    0.    0.541 2.507 0.332 6.767
 0.055]
[0.    0.    0.    0.    0.    0.    0.    0.    0.    0.    0.    0.
 0.    0.    0.    0.    0.    0.    0.    0.    0.541 2.507 0.332 6.767
 0.055]
[0.    0.    0.    0.    0.    0.    0.    0.    0.    0.    0.    0.
 0.    0.    0.    0.    0.    0.    0.    0.    0.541 2.507 0.332 6.767
 0.055]
19,  1.16880,  0.52039,  0.15844,  1.16804,  22.89665,  290.98931
delay:
[0.    0.    0.    0.    0.    0.    0.    0.    0.    0.    0.    0.
 0.    0.    0.    0.    0.    0.    0.    0.    0.287 2.407 0.175 7.298
 0.107]
[0.    0.    0.    0.    0.    0.    0.    0.    0.    0.    0.    0.
 0.    0.    0.    0.    0.    0.    0.    0.    0.287 2.407 0.175 7.298
 0.107]
[0.    0.    0.    0.    0.    0.    0.    0.    0.    0.    0.    0.
 0.    0.    0.    0.    0.    0.    0.    0.    0.287 2.407 0.175 7.298
 0.107]
[0.    0.    0.    0.    0.    0.    0.    0.    0.    0.    0.    0.
 0.    0.    0.    0.    0.    0.    0.    0.    0.287 2.407 0.175 7.298
 0.107]
[0.    0.    0.    0.    0.    0.    0.    0.    0.    0.    0.    0.
 0.    0.    0.    0.    0.    0.    0.    0.    0.287 2.407 0.175 7.298
 0.107]
[0.    0.    0.    0.    0.    0.    0.    0.    0.    0.    0.    0.
 0.    0.    0.    0.    0.    0.    0.    0.    0.287 2.407 0.175 7.298
 0.107]
[0.    0.    0.    0.    0.    0.    0.    0.    0.    0.    0.    0.
 0.    0.    0.    0.    0.    0.    0.    0.    0.287 2.407 0.175 7.298
 0.107]
[0.    0.    0.    0.    0.    0.    0.    0.    0.    0.    0.    0.
 0.    0.    0.    0.    0.    0.    0.    0.    0.287 2.407 0.175 7.298
 0.107]
[0.    0.    0.    0.    0.    0.    0.    0.    0.    0.    0.    0.
 0.    0.    0.    0.    0.    0.    0.    0.    0.287 2.407 0.175 7.298
 0.107]
[0.    0.    0.    0.    0.    0.    0.    0.    0.    0.    0.    0.
 0.    0.    0.    0.    0.    0.    0.    0.    0.287 2.407 0.175 7.298
 0.107]
[0.    0.    0.    0.    0.    0.    0.    0.    0.    0.    0.    0.
 0.    0.    0.    0.    0.    0.    0.    0.    0.287 2.407 0.175 7.298
 0.107]
[0.    0.    0.    0.    0.    0.    0.    0.    0.    0.    0.    0.
 0.    0.    0.    0.    0.    0.    0.    0.    0.287 2.407 0.175 7.298
 0.107]
[0.    0.    0.    0.    0.    0.    0.    0.    0.    0.    0.    0.
 0.    0.    0.    0.    0.    0.    0.    0.    0.287 2.407 0.175 7.298
 0.107]
[0.    0.    0.    0.    0.    0.    0.    0.    0.    0.    0.    0.
 0.    0.    0.    0.    0.    0.    0.    0.    0.287 2.407 0.175 7.298
 0.107]
[0.    0.    0.    0.    0.    0.    0.    0.    0.    0.    0.    0.
 0.    0.    0.    0.    0.    0.    0.    0.    0.287 2.407 0.175 7.298
 0.107]
[0.    0.    0.    0.    0.    0.    0.    0.    0.    0.    0.    0.
 0.    0.    0.    0.    0.    0.    0.    0.    0.287 2.407 0.175 7.298
 0.107]
20,  1.17199,  0.52075,  0.16045,  1.17165,  24.85200,  287.65952
delay:
[0.    0.    0.    0.    0.    0.    0.    0.    0.    0.    0.    0.
 0.    0.    0.    0.    0.    0.    0.    0.    0.425 2.179 0.579 8.311
 0.019]
[0.    0.    0.    0.    0.    0.    0.    0.    0.    0.    0.    0.
 0.    0.    0.    0.    0.    0.    0.    0.    0.425 2.179 0.579 8.311
 0.019]
[0.    0.    0.    0.    0.    0.    0.    0.    0.    0.    0.    0.
 0.    0.    0.    0.    0.    0.    0.    0.    0.425 2.179 0.579 8.311
 0.019]
[0.    0.    0.    0.    0.    0.    0.    0.    0.    0.    0.    0.
 0.    0.    0.    0.    0.    0.    0.    0.    0.425 2.179 0.579 8.311
 0.019]
[0.    0.    0.    0.    0.    0.    0.    0.    0.    0.    0.    0.
 0.    0.    0.    0.    0.    0.    0.    0.    0.425 2.179 0.579 8.311
 0.019]
[0.    0.    0.    0.    0.    0.    0.    0.    0.    0.    0.    0.
 0.    0.    0.    0.    0.    0.    0.    0.    0.425 2.179 0.579 8.311
 0.019]
[0.    0.    0.    0.    0.    0.    0.    0.    0.    0.    0.    0.
 0.    0.    0.    0.    0.    0.    0.    0.    0.425 2.179 0.579 8.311
 0.019]
[0.    0.    0.    0.    0.    0.    0.    0.    0.    0.    0.    0.
 0.    0.    0.    0.    0.    0.    0.    0.    0.425 2.179 0.579 8.311
 0.019]
[0.    0.    0.    0.    0.    0.    0.    0.    0.    0.    0.    0.
 0.    0.    0.    0.    0.    0.    0.    0.    0.425 2.179 0.579 8.311
 0.019]
[0.    0.    0.    0.    0.    0.    0.    0.    0.    0.    0.    0.
 0.    0.    0.    0.    0.    0.    0.    0.    0.425 2.179 0.579 8.311
 0.019]
[0.    0.    0.    0.    0.    0.    0.    0.    0.    0.    0.    0.
 0.    0.    0.    0.    0.    0.    0.    0.    0.425 2.179 0.579 8.311
 0.019]
[0.    0.    0.    0.    0.    0.    0.    0.    0.    0.    0.    0.
 0.    0.    0.    0.    0.    0.    0.    0.    0.425 2.179 0.579 8.311
 0.019]
[0.    0.    0.    0.    0.    0.    0.    0.    0.    0.    0.    0.
 0.    0.    0.    0.    0.    0.    0.    0.    0.425 2.179 0.579 8.311
 0.019]
[0.    0.    0.    0.    0.    0.    0.    0.    0.    0.    0.    0.
 0.    0.    0.    0.    0.    0.    0.    0.    0.425 2.179 0.579 8.311
 0.019]
[0.    0.    0.    0.    0.    0.    0.    0.    0.    0.    0.    0.
 0.    0.    0.    0.    0.    0.    0.    0.    0.425 2.179 0.579 8.311
 0.019]
[0.    0.    0.    0.    0.    0.    0.    0.    0.    0.    0.    0.
 0.    0.    0.    0.    0.    0.    0.    0.    0.425 2.179 0.579 8.311
 0.019]
21,  1.17315,  0.52043,  0.16015,  1.17425,  22.42381,  281.77665
delay:
[0.    0.    0.    0.    0.    0.    0.    0.    0.    0.    0.    0.
 0.    0.    0.    0.    0.    0.    0.    0.    0.374 2.126 0.5   8.548
 0.138]
[0.    0.    0.    0.    0.    0.    0.    0.    0.    0.    0.    0.
 0.    0.    0.    0.    0.    0.    0.    0.    0.374 2.126 0.5   8.548
 0.138]
[0.    0.    0.    0.    0.    0.    0.    0.    0.    0.    0.    0.
 0.    0.    0.    0.    0.    0.    0.    0.    0.374 2.126 0.5   8.548
 0.138]
[0.    0.    0.    0.    0.    0.    0.    0.    0.    0.    0.    0.
 0.    0.    0.    0.    0.    0.    0.    0.    0.374 2.126 0.5   8.548
 0.138]
[0.    0.    0.    0.    0.    0.    0.    0.    0.    0.    0.    0.
 0.    0.    0.    0.    0.    0.    0.    0.    0.374 2.126 0.5   8.548
 0.138]
[0.    0.    0.    0.    0.    0.    0.    0.    0.    0.    0.    0.
 0.    0.    0.    0.    0.    0.    0.    0.    0.374 2.126 0.5   8.548
 0.138]
[0.    0.    0.    0.    0.    0.    0.    0.    0.    0.    0.    0.
 0.    0.    0.    0.    0.    0.    0.    0.    0.374 2.126 0.5   8.548
 0.138]
[0.    0.    0.    0.    0.    0.    0.    0.    0.    0.    0.    0.
 0.    0.    0.    0.    0.    0.    0.    0.    0.374 2.126 0.5   8.548
 0.138]
[0.    0.    0.    0.    0.    0.    0.    0.    0.    0.    0.    0.
 0.    0.    0.    0.    0.    0.    0.    0.    0.374 2.126 0.5   8.548
 0.138]
[0.    0.    0.    0.    0.    0.    0.    0.    0.    0.    0.    0.
 0.    0.    0.    0.    0.    0.    0.    0.    0.374 2.126 0.5   8.548
 0.138]
[0.    0.    0.    0.    0.    0.    0.    0.    0.    0.    0.    0.
 0.    0.    0.    0.    0.    0.    0.    0.    0.374 2.126 0.5   8.548
 0.138]
[0.    0.    0.    0.    0.    0.    0.    0.    0.    0.    0.    0.
 0.    0.    0.    0.    0.    0.    0.    0.    0.374 2.126 0.5   8.548
 0.138]
[0.    0.    0.    0.    0.    0.    0.    0.    0.    0.    0.    0.
 0.    0.    0.    0.    0.    0.    0.    0.    0.374 2.126 0.5   8.548
 0.138]
[0.    0.    0.    0.    0.    0.    0.    0.    0.    0.    0.    0.
 0.    0.    0.    0.    0.    0.    0.    0.    0.374 2.126 0.5   8.548
 0.138]
[0.    0.    0.    0.    0.    0.    0.    0.    0.    0.    0.    0.
 0.    0.    0.    0.    0.    0.    0.    0.    0.374 2.126 0.5   8.548
 0.138]
[0.    0.    0.    0.    0.    0.    0.    0.    0.    0.    0.    0.
 0.    0.    0.    0.    0.    0.    0.    0.    0.374 2.126 0.5   8.548
 0.138]
22,  1.17443,  0.52035,  0.16198,  1.17605,  21.36088,  294.25926
delay:
[0.    0.    0.    0.    0.    0.    0.    0.    0.    0.    0.    0.
 0.    0.    0.    0.    0.    0.    0.    0.    0.318 2.069 0.376 8.317
 0.026]
[0.    0.    0.    0.    0.    0.    0.    0.    0.    0.    0.    0.
 0.    0.    0.    0.    0.    0.    0.    0.    0.318 2.069 0.376 8.317
 0.026]
[0.    0.    0.    0.    0.    0.    0.    0.    0.    0.    0.    0.
 0.    0.    0.    0.    0.    0.    0.    0.    0.318 2.069 0.376 8.317
 0.026]
[0.    0.    0.    0.    0.    0.    0.    0.    0.    0.    0.    0.
 0.    0.    0.    0.    0.    0.    0.    0.    0.318 2.069 0.376 8.317
 0.026]
[0.    0.    0.    0.    0.    0.    0.    0.    0.    0.    0.    0.
 0.    0.    0.    0.    0.    0.    0.    0.    0.318 2.069 0.376 8.317
 0.026]
[0.    0.    0.    0.    0.    0.    0.    0.    0.    0.    0.    0.
 0.    0.    0.    0.    0.    0.    0.    0.    0.318 2.069 0.376 8.317
 0.026]
[0.    0.    0.    0.    0.    0.    0.    0.    0.    0.    0.    0.
 0.    0.    0.    0.    0.    0.    0.    0.    0.318 2.069 0.376 8.317
 0.026]
[0.    0.    0.    0.    0.    0.    0.    0.    0.    0.    0.    0.
 0.    0.    0.    0.    0.    0.    0.    0.    0.318 2.069 0.376 8.317
 0.026]
[0.    0.    0.    0.    0.    0.    0.    0.    0.    0.    0.    0.
 0.    0.    0.    0.    0.    0.    0.    0.    0.318 2.069 0.376 8.317
 0.026]
[0.    0.    0.    0.    0.    0.    0.    0.    0.    0.    0.    0.
 0.    0.    0.    0.    0.    0.    0.    0.    0.318 2.069 0.376 8.317
 0.026]
[0.    0.    0.    0.    0.    0.    0.    0.    0.    0.    0.    0.
 0.    0.    0.    0.    0.    0.    0.    0.    0.318 2.069 0.376 8.317
 0.026]
[0.    0.    0.    0.    0.    0.    0.    0.    0.    0.    0.    0.
 0.    0.    0.    0.    0.    0.    0.    0.    0.318 2.069 0.376 8.317
 0.026]
[0.    0.    0.    0.    0.    0.    0.    0.    0.    0.    0.    0.
 0.    0.    0.    0.    0.    0.    0.    0.    0.318 2.069 0.376 8.317
 0.026]
[0.    0.    0.    0.    0.    0.    0.    0.    0.    0.    0.    0.
 0.    0.    0.    0.    0.    0.    0.    0.    0.318 2.069 0.376 8.317
 0.026]
[0.    0.    0.    0.    0.    0.    0.    0.    0.    0.    0.    0.
 0.    0.    0.    0.    0.    0.    0.    0.    0.318 2.069 0.376 8.317
 0.026]
[0.    0.    0.    0.    0.    0.    0.    0.    0.    0.    0.    0.
 0.    0.    0.    0.    0.    0.    0.    0.    0.318 2.069 0.376 8.317
 0.026]
23,  1.17553,  0.52067,  0.16183,  1.17799,  25.68384,  282.51402
delay:
[0.    0.    0.    0.    0.    0.    0.    0.    0.    0.    0.    0.
 0.    0.    0.    0.    0.    0.    0.    0.    0.352 1.939 0.359 8.452
 0.074]
[0.    0.    0.    0.    0.    0.    0.    0.    0.    0.    0.    0.
 0.    0.    0.    0.    0.    0.    0.    0.    0.352 1.939 0.359 8.452
 0.074]
[0.    0.    0.    0.    0.    0.    0.    0.    0.    0.    0.    0.
 0.    0.    0.    0.    0.    0.    0.    0.    0.352 1.939 0.359 8.452
 0.074]
[0.    0.    0.    0.    0.    0.    0.    0.    0.    0.    0.    0.
 0.    0.    0.    0.    0.    0.    0.    0.    0.352 1.939 0.359 8.452
 0.074]
[0.    0.    0.    0.    0.    0.    0.    0.    0.    0.    0.    0.
 0.    0.    0.    0.    0.    0.    0.    0.    0.352 1.939 0.359 8.452
 0.074]
[0.    0.    0.    0.    0.    0.    0.    0.    0.    0.    0.    0.
 0.    0.    0.    0.    0.    0.    0.    0.    0.352 1.939 0.359 8.452
 0.074]
[0.    0.    0.    0.    0.    0.    0.    0.    0.    0.    0.    0.
 0.    0.    0.    0.    0.    0.    0.    0.    0.352 1.939 0.359 8.452
 0.074]
[0.    0.    0.    0.    0.    0.    0.    0.    0.    0.    0.    0.
 0.    0.    0.    0.    0.    0.    0.    0.    0.352 1.939 0.359 8.452
 0.074]
[0.    0.    0.    0.    0.    0.    0.    0.    0.    0.    0.    0.
 0.    0.    0.    0.    0.    0.    0.    0.    0.352 1.939 0.359 8.452
 0.074]
[0.    0.    0.    0.    0.    0.    0.    0.    0.    0.    0.    0.
 0.    0.    0.    0.    0.    0.    0.    0.    0.352 1.939 0.359 8.452
 0.074]
[0.    0.    0.    0.    0.    0.    0.    0.    0.    0.    0.    0.
 0.    0.    0.    0.    0.    0.    0.    0.    0.352 1.939 0.359 8.452
 0.074]
[0.    0.    0.    0.    0.    0.    0.    0.    0.    0.    0.    0.
 0.    0.    0.    0.    0.    0.    0.    0.    0.352 1.939 0.359 8.452
 0.074]
[0.    0.    0.    0.    0.    0.    0.    0.    0.    0.    0.    0.
 0.    0.    0.    0.    0.    0.    0.    0.    0.352 1.939 0.359 8.452
 0.074]
[0.    0.    0.    0.    0.    0.    0.    0.    0.    0.    0.    0.
 0.    0.    0.    0.    0.    0.    0.    0.    0.352 1.939 0.359 8.452
 0.074]
[0.    0.    0.    0.    0.    0.    0.    0.    0.    0.    0.    0.
 0.    0.    0.    0.    0.    0.    0.    0.    0.352 1.939 0.359 8.452
 0.074]
[0.    0.    0.    0.    0.    0.    0.    0.    0.    0.    0.    0.
 0.    0.    0.    0.    0.    0.    0.    0.    0.352 1.939 0.359 8.452
 0.074]
24,  1.17735,  0.52094,  0.16160,  1.17962,  26.29068,  275.69174
delay:
[0.    0.    0.    0.    0.    0.    0.    0.    0.    0.    0.    0.
 0.    0.    0.    0.    0.    0.    0.    0.    0.271 1.731 0.371 7.737
 0.067]
[0.    0.    0.    0.    0.    0.    0.    0.    0.    0.    0.    0.
 0.    0.    0.    0.    0.    0.    0.    0.    0.271 1.731 0.371 7.737
 0.067]
[0.    0.    0.    0.    0.    0.    0.    0.    0.    0.    0.    0.
 0.    0.    0.    0.    0.    0.    0.    0.    0.271 1.731 0.371 7.737
 0.067]
[0.    0.    0.    0.    0.    0.    0.    0.    0.    0.    0.    0.
 0.    0.    0.    0.    0.    0.    0.    0.    0.271 1.731 0.371 7.737
 0.067]
[0.    0.    0.    0.    0.    0.    0.    0.    0.    0.    0.    0.
 0.    0.    0.    0.    0.    0.    0.    0.    0.271 1.731 0.371 7.737
 0.067]
[0.    0.    0.    0.    0.    0.    0.    0.    0.    0.    0.    0.
 0.    0.    0.    0.    0.    0.    0.    0.    0.271 1.731 0.371 7.737
 0.067]
[0.    0.    0.    0.    0.    0.    0.    0.    0.    0.    0.    0.
 0.    0.    0.    0.    0.    0.    0.    0.    0.271 1.731 0.371 7.737
 0.067]
[0.    0.    0.    0.    0.    0.    0.    0.    0.    0.    0.    0.
 0.    0.    0.    0.    0.    0.    0.    0.    0.271 1.731 0.371 7.737
 0.067]
[0.    0.    0.    0.    0.    0.    0.    0.    0.    0.    0.    0.
 0.    0.    0.    0.    0.    0.    0.    0.    0.271 1.731 0.371 7.737
 0.067]
[0.    0.    0.    0.    0.    0.    0.    0.    0.    0.    0.    0.
 0.    0.    0.    0.    0.    0.    0.    0.    0.271 1.731 0.371 7.737
 0.067]
[0.    0.    0.    0.    0.    0.    0.    0.    0.    0.    0.    0.
 0.    0.    0.    0.    0.    0.    0.    0.    0.271 1.731 0.371 7.737
 0.067]
[0.    0.    0.    0.    0.    0.    0.    0.    0.    0.    0.    0.
 0.    0.    0.    0.    0.    0.    0.    0.    0.271 1.731 0.371 7.737
 0.067]
[0.    0.    0.    0.    0.    0.    0.    0.    0.    0.    0.    0.
 0.    0.    0.    0.    0.    0.    0.    0.    0.271 1.731 0.371 7.737
 0.067]
[0.    0.    0.    0.    0.    0.    0.    0.    0.    0.    0.    0.
 0.    0.    0.    0.    0.    0.    0.    0.    0.271 1.731 0.371 7.737
 0.067]
[0.    0.    0.    0.    0.    0.    0.    0.    0.    0.    0.    0.
 0.    0.    0.    0.    0.    0.    0.    0.    0.271 1.731 0.371 7.737
 0.067]
[0.    0.    0.    0.    0.    0.    0.    0.    0.    0.    0.    0.
 0.    0.    0.    0.    0.    0.    0.    0.    0.271 1.731 0.371 7.737
 0.067]
25,  1.17854,  0.52098,  0.16256,  1.18128,  25.14834,  281.40893
delay:
[0.    0.    0.    0.    0.    0.    0.    0.    0.    0.    0.    0.
 0.    0.    0.    0.    0.    0.    0.    0.    0.359 1.598 0.344 7.167
 0.046]
[0.    0.    0.    0.    0.    0.    0.    0.    0.    0.    0.    0.
 0.    0.    0.    0.    0.    0.    0.    0.    0.359 1.598 0.344 7.167
 0.046]
[0.    0.    0.    0.    0.    0.    0.    0.    0.    0.    0.    0.
 0.    0.    0.    0.    0.    0.    0.    0.    0.359 1.598 0.344 7.167
 0.046]
[0.    0.    0.    0.    0.    0.    0.    0.    0.    0.    0.    0.
 0.    0.    0.    0.    0.    0.    0.    0.    0.359 1.598 0.344 7.167
 0.046]
[0.    0.    0.    0.    0.    0.    0.    0.    0.    0.    0.    0.
 0.    0.    0.    0.    0.    0.    0.    0.    0.359 1.598 0.344 7.167
 0.046]
[0.    0.    0.    0.    0.    0.    0.    0.    0.    0.    0.    0.
 0.    0.    0.    0.    0.    0.    0.    0.    0.359 1.598 0.344 7.167
 0.046]
[0.    0.    0.    0.    0.    0.    0.    0.    0.    0.    0.    0.
 0.    0.    0.    0.    0.    0.    0.    0.    0.359 1.598 0.344 7.167
 0.046]
[0.    0.    0.    0.    0.    0.    0.    0.    0.    0.    0.    0.
 0.    0.    0.    0.    0.    0.    0.    0.    0.359 1.598 0.344 7.167
 0.046]
[0.    0.    0.    0.    0.    0.    0.    0.    0.    0.    0.    0.
 0.    0.    0.    0.    0.    0.    0.    0.    0.359 1.598 0.344 7.167
 0.046]
[0.    0.    0.    0.    0.    0.    0.    0.    0.    0.    0.    0.
 0.    0.    0.    0.    0.    0.    0.    0.    0.359 1.598 0.344 7.167
 0.046]
[0.    0.    0.    0.    0.    0.    0.    0.    0.    0.    0.    0.
 0.    0.    0.    0.    0.    0.    0.    0.    0.359 1.598 0.344 7.167
 0.046]
[0.    0.    0.    0.    0.    0.    0.    0.    0.    0.    0.    0.
 0.    0.    0.    0.    0.    0.    0.    0.    0.359 1.598 0.344 7.167
 0.046]
[0.    0.    0.    0.    0.    0.    0.    0.    0.    0.    0.    0.
 0.    0.    0.    0.    0.    0.    0.    0.    0.359 1.598 0.344 7.167
 0.046]
[0.    0.    0.    0.    0.    0.    0.    0.    0.    0.    0.    0.
 0.    0.    0.    0.    0.    0.    0.    0.    0.359 1.598 0.344 7.167
 0.046]
[0.    0.    0.    0.    0.    0.    0.    0.    0.    0.    0.    0.
 0.    0.    0.    0.    0.    0.    0.    0.    0.359 1.598 0.344 7.167
 0.046]
[0.    0.    0.    0.    0.    0.    0.    0.    0.    0.    0.    0.
 0.    0.    0.    0.    0.    0.    0.    0.    0.359 1.598 0.344 7.167
 0.046]
26,  1.17993,  0.52091,  0.16104,  1.18320,  23.75073,  300.80004
delay:
[0.    0.    0.    0.    0.    0.    0.    0.    0.    0.    0.    0.
 0.    0.    0.    0.    0.    0.    0.    0.    0.355 1.411 0.338 6.701
 0.014]
[0.    0.    0.    0.    0.    0.    0.    0.    0.    0.    0.    0.
 0.    0.    0.    0.    0.    0.    0.    0.    0.355 1.411 0.338 6.701
 0.014]
[0.    0.    0.    0.    0.    0.    0.    0.    0.    0.    0.    0.
 0.    0.    0.    0.    0.    0.    0.    0.    0.355 1.411 0.338 6.701
 0.014]
[0.    0.    0.    0.    0.    0.    0.    0.    0.    0.    0.    0.
 0.    0.    0.    0.    0.    0.    0.    0.    0.355 1.411 0.338 6.701
 0.014]
[0.    0.    0.    0.    0.    0.    0.    0.    0.    0.    0.    0.
 0.    0.    0.    0.    0.    0.    0.    0.    0.355 1.411 0.338 6.701
 0.014]
[0.    0.    0.    0.    0.    0.    0.    0.    0.    0.    0.    0.
 0.    0.    0.    0.    0.    0.    0.    0.    0.355 1.411 0.338 6.701
 0.014]
[0.    0.    0.    0.    0.    0.    0.    0.    0.    0.    0.    0.
 0.    0.    0.    0.    0.    0.    0.    0.    0.355 1.411 0.338 6.701
 0.014]
[0.    0.    0.    0.    0.    0.    0.    0.    0.    0.    0.    0.
 0.    0.    0.    0.    0.    0.    0.    0.    0.355 1.411 0.338 6.701
 0.014]
[0.    0.    0.    0.    0.    0.    0.    0.    0.    0.    0.    0.
 0.    0.    0.    0.    0.    0.    0.    0.    0.355 1.411 0.338 6.701
 0.014]
[0.    0.    0.    0.    0.    0.    0.    0.    0.    0.    0.    0.
 0.    0.    0.    0.    0.    0.    0.    0.    0.355 1.411 0.338 6.701
 0.014]
[0.    0.    0.    0.    0.    0.    0.    0.    0.    0.    0.    0.
 0.    0.    0.    0.    0.    0.    0.    0.    0.355 1.411 0.338 6.701
 0.014]
[0.    0.    0.    0.    0.    0.    0.    0.    0.    0.    0.    0.
 0.    0.    0.    0.    0.    0.    0.    0.    0.355 1.411 0.338 6.701
 0.014]
[0.    0.    0.    0.    0.    0.    0.    0.    0.    0.    0.    0.
 0.    0.    0.    0.    0.    0.    0.    0.    0.355 1.411 0.338 6.701
 0.014]
[0.    0.    0.    0.    0.    0.    0.    0.    0.    0.    0.    0.
 0.    0.    0.    0.    0.    0.    0.    0.    0.355 1.411 0.338 6.701
 0.014]
[0.    0.    0.    0.    0.    0.    0.    0.    0.    0.    0.    0.
 0.    0.    0.    0.    0.    0.    0.    0.    0.355 1.411 0.338 6.701
 0.014]
[0.    0.    0.    0.    0.    0.    0.    0.    0.    0.    0.    0.
 0.    0.    0.    0.    0.    0.    0.    0.    0.355 1.411 0.338 6.701
 0.014]
27,  1.18038,  0.52071,  0.16384,  1.18496,  21.71908,  304.43681
delay:
[0.    0.    0.    0.    0.    0.    0.    0.    0.    0.    0.    0.
 0.    0.    0.    0.    0.    0.    0.    0.    0.357 1.184 0.422 6.379
 0.103]
[0.    0.    0.    0.    0.    0.    0.    0.    0.    0.    0.    0.
 0.    0.    0.    0.    0.    0.    0.    0.    0.357 1.184 0.422 6.379
 0.103]
[0.    0.    0.    0.    0.    0.    0.    0.    0.    0.    0.    0.
 0.    0.    0.    0.    0.    0.    0.    0.    0.357 1.184 0.422 6.379
 0.103]
[0.    0.    0.    0.    0.    0.    0.    0.    0.    0.    0.    0.
 0.    0.    0.    0.    0.    0.    0.    0.    0.357 1.184 0.422 6.379
 0.103]
[0.    0.    0.    0.    0.    0.    0.    0.    0.    0.    0.    0.
 0.    0.    0.    0.    0.    0.    0.    0.    0.357 1.184 0.422 6.379
 0.103]
[0.    0.    0.    0.    0.    0.    0.    0.    0.    0.    0.    0.
 0.    0.    0.    0.    0.    0.    0.    0.    0.357 1.184 0.422 6.379
 0.103]
[0.    0.    0.    0.    0.    0.    0.    0.    0.    0.    0.    0.
 0.    0.    0.    0.    0.    0.    0.    0.    0.357 1.184 0.422 6.379
 0.103]
[0.    0.    0.    0.    0.    0.    0.    0.    0.    0.    0.    0.
 0.    0.    0.    0.    0.    0.    0.    0.    0.357 1.184 0.422 6.379
 0.103]
[0.    0.    0.    0.    0.    0.    0.    0.    0.    0.    0.    0.
 0.    0.    0.    0.    0.    0.    0.    0.    0.357 1.184 0.422 6.379
 0.103]
[0.    0.    0.    0.    0.    0.    0.    0.    0.    0.    0.    0.
 0.    0.    0.    0.    0.    0.    0.    0.    0.357 1.184 0.422 6.379
 0.103]
[0.    0.    0.    0.    0.    0.    0.    0.    0.    0.    0.    0.
 0.    0.    0.    0.    0.    0.    0.    0.    0.357 1.184 0.422 6.379
 0.103]
[0.    0.    0.    0.    0.    0.    0.    0.    0.    0.    0.    0.
 0.    0.    0.    0.    0.    0.    0.    0.    0.357 1.184 0.422 6.379
 0.103]
[0.    0.    0.    0.    0.    0.    0.    0.    0.    0.    0.    0.
 0.    0.    0.    0.    0.    0.    0.    0.    0.357 1.184 0.422 6.379
 0.103]
[0.    0.    0.    0.    0.    0.    0.    0.    0.    0.    0.    0.
 0.    0.    0.    0.    0.    0.    0.    0.    0.357 1.184 0.422 6.379
 0.103]
[0.    0.    0.    0.    0.    0.    0.    0.    0.    0.    0.    0.
 0.    0.    0.    0.    0.    0.    0.    0.    0.357 1.184 0.422 6.379
 0.103]
[0.    0.    0.    0.    0.    0.    0.    0.    0.    0.    0.    0.
 0.    0.    0.    0.    0.    0.    0.    0.    0.357 1.184 0.422 6.379
 0.103]
28,  1.18269,  0.52075,  0.16343,  1.18684,  22.72322,  310.69575
delay:
[0.    0.    0.    0.    0.    0.    0.    0.    0.    0.    0.    0.
 0.    0.    0.    0.    0.    0.    0.    0.    0.351 1.019 0.466 6.167
 0.05 ]
[0.    0.    0.    0.    0.    0.    0.    0.    0.    0.    0.    0.
 0.    0.    0.    0.    0.    0.    0.    0.    0.351 1.019 0.466 6.167
 0.05 ]
[0.    0.    0.    0.    0.    0.    0.    0.    0.    0.    0.    0.
 0.    0.    0.    0.    0.    0.    0.    0.    0.351 1.019 0.466 6.167
 0.05 ]
[0.    0.    0.    0.    0.    0.    0.    0.    0.    0.    0.    0.
 0.    0.    0.    0.    0.    0.    0.    0.    0.351 1.019 0.466 6.167
 0.05 ]
[0.    0.    0.    0.    0.    0.    0.    0.    0.    0.    0.    0.
 0.    0.    0.    0.    0.    0.    0.    0.    0.351 1.019 0.466 6.167
 0.05 ]
[0.    0.    0.    0.    0.    0.    0.    0.    0.    0.    0.    0.
 0.    0.    0.    0.    0.    0.    0.    0.    0.351 1.019 0.466 6.167
 0.05 ]
[0.    0.    0.    0.    0.    0.    0.    0.    0.    0.    0.    0.
 0.    0.    0.    0.    0.    0.    0.    0.    0.351 1.019 0.466 6.167
 0.05 ]
[0.    0.    0.    0.    0.    0.    0.    0.    0.    0.    0.    0.
 0.    0.    0.    0.    0.    0.    0.    0.    0.351 1.019 0.466 6.167
 0.05 ]
[0.    0.    0.    0.    0.    0.    0.    0.    0.    0.    0.    0.
 0.    0.    0.    0.    0.    0.    0.    0.    0.351 1.019 0.466 6.167
 0.05 ]
[0.    0.    0.    0.    0.    0.    0.    0.    0.    0.    0.    0.
 0.    0.    0.    0.    0.    0.    0.    0.    0.351 1.019 0.466 6.167
 0.05 ]
[0.    0.    0.    0.    0.    0.    0.    0.    0.    0.    0.    0.
 0.    0.    0.    0.    0.    0.    0.    0.    0.351 1.019 0.466 6.167
 0.05 ]
[0.    0.    0.    0.    0.    0.    0.    0.    0.    0.    0.    0.
 0.    0.    0.    0.    0.    0.    0.    0.    0.351 1.019 0.466 6.167
 0.05 ]
[0.    0.    0.    0.    0.    0.    0.    0.    0.    0.    0.    0.
 0.    0.    0.    0.    0.    0.    0.    0.    0.351 1.019 0.466 6.167
 0.05 ]
[0.    0.    0.    0.    0.    0.    0.    0.    0.    0.    0.    0.
 0.    0.    0.    0.    0.    0.    0.    0.    0.351 1.019 0.466 6.167
 0.05 ]
[0.    0.    0.    0.    0.    0.    0.    0.    0.    0.    0.    0.
 0.    0.    0.    0.    0.    0.    0.    0.    0.351 1.019 0.466 6.167
 0.05 ]
[0.    0.    0.    0.    0.    0.    0.    0.    0.    0.    0.    0.
 0.    0.    0.    0.    0.    0.    0.    0.    0.351 1.019 0.466 6.167
 0.05 ]
29,  1.18372,  0.52055,  0.16325,  1.18920,  19.36641,  297.38695
delay:
[0.    0.    0.    0.    0.    0.    0.    0.    0.    0.    0.    0.
 0.    0.    0.    0.    0.    0.    0.    0.    0.41  0.818 0.436 5.936
 0.014]
[0.    0.    0.    0.    0.    0.    0.    0.    0.    0.    0.    0.
 0.    0.    0.    0.    0.    0.    0.    0.    0.41  0.818 0.436 5.936
 0.014]
[0.    0.    0.    0.    0.    0.    0.    0.    0.    0.    0.    0.
 0.    0.    0.    0.    0.    0.    0.    0.    0.41  0.818 0.436 5.936
 0.014]
[0.    0.    0.    0.    0.    0.    0.    0.    0.    0.    0.    0.
 0.    0.    0.    0.    0.    0.    0.    0.    0.41  0.818 0.436 5.936
 0.014]
[0.    0.    0.    0.    0.    0.    0.    0.    0.    0.    0.    0.
 0.    0.    0.    0.    0.    0.    0.    0.    0.41  0.818 0.436 5.936
 0.014]
[0.    0.    0.    0.    0.    0.    0.    0.    0.    0.    0.    0.
 0.    0.    0.    0.    0.    0.    0.    0.    0.41  0.818 0.436 5.936
 0.014]
[0.    0.    0.    0.    0.    0.    0.    0.    0.    0.    0.    0.
 0.    0.    0.    0.    0.    0.    0.    0.    0.41  0.818 0.436 5.936
 0.014]
[0.    0.    0.    0.    0.    0.    0.    0.    0.    0.    0.    0.
 0.    0.    0.    0.    0.    0.    0.    0.    0.41  0.818 0.436 5.936
 0.014]
[0.    0.    0.    0.    0.    0.    0.    0.    0.    0.    0.    0.
 0.    0.    0.    0.    0.    0.    0.    0.    0.41  0.818 0.436 5.936
 0.014]
[0.    0.    0.    0.    0.    0.    0.    0.    0.    0.    0.    0.
 0.    0.    0.    0.    0.    0.    0.    0.    0.41  0.818 0.436 5.936
 0.014]
[0.    0.    0.    0.    0.    0.    0.    0.    0.    0.    0.    0.
 0.    0.    0.    0.    0.    0.    0.    0.    0.41  0.818 0.436 5.936
 0.014]
[0.    0.    0.    0.    0.    0.    0.    0.    0.    0.    0.    0.
 0.    0.    0.    0.    0.    0.    0.    0.    0.41  0.818 0.436 5.936
 0.014]
[0.    0.    0.    0.    0.    0.    0.    0.    0.    0.    0.    0.
 0.    0.    0.    0.    0.    0.    0.    0.    0.41  0.818 0.436 5.936
 0.014]
[0.    0.    0.    0.    0.    0.    0.    0.    0.    0.    0.    0.
 0.    0.    0.    0.    0.    0.    0.    0.    0.41  0.818 0.436 5.936
 0.014]
[0.    0.    0.    0.    0.    0.    0.    0.    0.    0.    0.    0.
 0.    0.    0.    0.    0.    0.    0.    0.    0.41  0.818 0.436 5.936
 0.014]
[0.    0.    0.    0.    0.    0.    0.    0.    0.    0.    0.    0.
 0.    0.    0.    0.    0.    0.    0.    0.    0.41  0.818 0.436 5.936
 0.014]
30,  1.18619,  0.52071,  0.16485,  1.19130,  17.80180,  317.67631
delay:
[0.    0.    0.    0.    0.    0.    0.    0.    0.    0.    0.    0.
 0.    0.    0.    0.    0.    0.    0.    0.    0.354 0.651 0.438 5.689
 0.018]
[0.    0.    0.    0.    0.    0.    0.    0.    0.    0.    0.    0.
 0.    0.    0.    0.    0.    0.    0.    0.    0.354 0.651 0.438 5.689
 0.018]
[0.    0.    0.    0.    0.    0.    0.    0.    0.    0.    0.    0.
 0.    0.    0.    0.    0.    0.    0.    0.    0.354 0.651 0.438 5.689
 0.018]
[0.    0.    0.    0.    0.    0.    0.    0.    0.    0.    0.    0.
 0.    0.    0.    0.    0.    0.    0.    0.    0.354 0.651 0.438 5.689
 0.018]
[0.    0.    0.    0.    0.    0.    0.    0.    0.    0.    0.    0.
 0.    0.    0.    0.    0.    0.    0.    0.    0.354 0.651 0.438 5.689
 0.018]
[0.    0.    0.    0.    0.    0.    0.    0.    0.    0.    0.    0.
 0.    0.    0.    0.    0.    0.    0.    0.    0.354 0.651 0.438 5.689
 0.018]
[0.    0.    0.    0.    0.    0.    0.    0.    0.    0.    0.    0.
 0.    0.    0.    0.    0.    0.    0.    0.    0.354 0.651 0.438 5.689
 0.018]
[0.    0.    0.    0.    0.    0.    0.    0.    0.    0.    0.    0.
 0.    0.    0.    0.    0.    0.    0.    0.    0.354 0.651 0.438 5.689
 0.018]
[0.    0.    0.    0.    0.    0.    0.    0.    0.    0.    0.    0.
 0.    0.    0.    0.    0.    0.    0.    0.    0.354 0.651 0.438 5.689
 0.018]
[0.    0.    0.    0.    0.    0.    0.    0.    0.    0.    0.    0.
 0.    0.    0.    0.    0.    0.    0.    0.    0.354 0.651 0.438 5.689
 0.018]
[0.    0.    0.    0.    0.    0.    0.    0.    0.    0.    0.    0.
 0.    0.    0.    0.    0.    0.    0.    0.    0.354 0.651 0.438 5.689
 0.018]
[0.    0.    0.    0.    0.    0.    0.    0.    0.    0.    0.    0.
 0.    0.    0.    0.    0.    0.    0.    0.    0.354 0.651 0.438 5.689
 0.018]
[0.    0.    0.    0.    0.    0.    0.    0.    0.    0.    0.    0.
 0.    0.    0.    0.    0.    0.    0.    0.    0.354 0.651 0.438 5.689
 0.018]
[0.    0.    0.    0.    0.    0.    0.    0.    0.    0.    0.    0.
 0.    0.    0.    0.    0.    0.    0.    0.    0.354 0.651 0.438 5.689
 0.018]
[0.    0.    0.    0.    0.    0.    0.    0.    0.    0.    0.    0.
 0.    0.    0.    0.    0.    0.    0.    0.    0.354 0.651 0.438 5.689
 0.018]
[0.    0.    0.    0.    0.    0.    0.    0.    0.    0.    0.    0.
 0.    0.    0.    0.    0.    0.    0.    0.    0.354 0.651 0.438 5.689
 0.018]
31,  1.18909,  0.52075,  0.16312,  1.18007,  0.00000,  323.55786
delay:
[0. 0. 0. 0. 0.]
[0. 0. 0. 0. 0.]
[0. 0. 0. 0. 0.]
[0. 0. 0. 0. 0.]
[0. 0. 0. 0. 0.]
32,  1.18993,  0.52067,  0.16283,  1.18158,  0.00000,  324.07554
delay:
[0. 0. 0. 0. 0.]
[0. 0. 0. 0. 0.]
[0. 0. 0. 0. 0.]
[0. 0. 0. 0. 0.]
[0. 0. 0. 0. 0.]
33,  1.19072,  0.52079,  0.16306,  1.18249,  0.00000,  309.50339
delay:
[0. 0. 0. 0. 0.]
[0. 0. 0. 0. 0.]
[0. 0. 0. 0. 0.]
[0. 0. 0. 0. 0.]
[0. 0. 0. 0. 0.]
34,  1.19163,  0.52059,  0.16209,  1.18357,  0.00000,  319.71905
delay:
[0. 0. 0. 0. 0.]
[0. 0. 0. 0. 0.]
[0. 0. 0. 0. 0.]
[0. 0. 0. 0. 0.]
[0. 0. 0. 0. 0.]
35,  1.19230,  0.52071,  0.16180,  1.18437,  0.00000,  316.23456
delay:
[0. 0. 0. 0. 0.]
[0. 0. 0. 0. 0.]
[0. 0. 0. 0. 0.]
[0. 0. 0. 0. 0.]
[0. 0. 0. 0. 0.]
36,  1.19288,  0.52079,  0.16284,  1.18507,  0.00000,  313.35067
delay:
[0. 0. 0. 0. 0.]
[0. 0. 0. 0. 0.]
[0. 0. 0. 0. 0.]
[0. 0. 0. 0. 0.]
[0. 0. 0. 0. 0.]
37,  1.19371,  0.52059,  0.16204,  1.18546,  0.00000,  321.70251
delay:
[0. 0. 0. 0. 0.]
[0. 0. 0. 0. 0.]
[0. 0. 0. 0. 0.]
[0. 0. 0. 0. 0.]
[0. 0. 0. 0. 0.]
38,  1.19441,  0.52091,  0.16271,  1.18659,  0.00000,  325.25753
delay:
[0. 0. 0. 0. 0.]
[0. 0. 0. 0. 0.]
[0. 0. 0. 0. 0.]
[0. 0. 0. 0. 0.]
[0. 0. 0. 0. 0.]
39,  1.19525,  0.52051,  0.16224,  1.18708,  0.00000,  323.04639
delay:
[0. 0. 0. 0. 0.]
[0. 0. 0. 0. 0.]
[0. 0. 0. 0. 0.]
[0. 0. 0. 0. 0.]
[0. 0. 0. 0. 0.]
40,  1.19590,  0.52024,  0.16192,  1.18773,  0.00000,  327.24299
delay:
[0. 0. 0. 0. 0.]
[0. 0. 0. 0. 0.]
[0. 0. 0. 0. 0.]
[0. 0. 0. 0. 0.]
[0. 0. 0. 0. 0.]
41,  1.19625,  0.52059,  0.16179,  1.18844,  0.00000,  329.40259
delay:
[0. 0. 0. 0. 0.]
[0. 0. 0. 0. 0.]
[0. 0. 0. 0. 0.]
[0. 0. 0. 0. 0.]
[0. 0. 0. 0. 0.]
42,  1.19667,  0.52043,  0.16174,  1.18865,  0.00000,  321.15205
delay:
[0. 0. 0. 0. 0.]
[0. 0. 0. 0. 0.]
[0. 0. 0. 0. 0.]
[0. 0. 0. 0. 0.]
[0. 0. 0. 0. 0.]
43,  1.19705,  0.52039,  0.16122,  1.18892,  0.00000,  333.64952
delay:
[0. 0. 0. 0. 0.]
[0. 0. 0. 0. 0.]
[0. 0. 0. 0. 0.]
[0. 0. 0. 0. 0.]
[0. 0. 0. 0. 0.]
44,  1.19716,  0.52055,  0.16178,  1.18934,  0.00000,  337.03337
delay:
[0. 0. 0. 0. 0.]
[0. 0. 0. 0. 0.]
[0. 0. 0. 0. 0.]
[0. 0. 0. 0. 0.]
[0. 0. 0. 0. 0.]
45,  1.19762,  0.52051,  0.16112,  1.18937,  0.00000,  333.79687
delay:
[0. 0. 0. 0. 0.]
[0. 0. 0. 0. 0.]
[0. 0. 0. 0. 0.]
[0. 0. 0. 0. 0.]
[0. 0. 0. 0. 0.]
46,  1.19642,  0.52055,  0.16215,  1.19882,  16.34577,  316.83205
delay:
[0.    0.    0.    0.    0.    0.    0.    0.    0.    0.    0.    0.
 0.    0.    0.    0.    0.    0.    0.    0.    0.355 0.611 0.44  5.717
 0.008]
[0.    0.    0.    0.    0.    0.    0.    0.    0.    0.    0.    0.
 0.    0.    0.    0.    0.    0.    0.    0.    0.355 0.611 0.44  5.717
 0.008]
[0.    0.    0.    0.    0.    0.    0.    0.    0.    0.    0.    0.
 0.    0.    0.    0.    0.    0.    0.    0.    0.355 0.611 0.44  5.717
 0.008]
[0.    0.    0.    0.    0.    0.    0.    0.    0.    0.    0.    0.
 0.    0.    0.    0.    0.    0.    0.    0.    0.355 0.611 0.44  5.717
 0.008]
[0.    0.    0.    0.    0.    0.    0.    0.    0.    0.    0.    0.
 0.    0.    0.    0.    0.    0.    0.    0.    0.355 0.611 0.44  5.717
 0.008]
[0.    0.    0.    0.    0.    0.    0.    0.    0.    0.    0.    0.
 0.    0.    0.    0.    0.    0.    0.    0.    0.355 0.611 0.44  5.717
 0.008]
[0.    0.    0.    0.    0.    0.    0.    0.    0.    0.    0.    0.
 0.    0.    0.    0.    0.    0.    0.    0.    0.355 0.611 0.44  5.717
 0.008]
[0.    0.    0.    0.    0.    0.    0.    0.    0.    0.    0.    0.
 0.    0.    0.    0.    0.    0.    0.    0.    0.355 0.611 0.44  5.717
 0.008]
[0.    0.    0.    0.    0.    0.    0.    0.    0.    0.    0.    0.
 0.    0.    0.    0.    0.    0.    0.    0.    0.355 0.611 0.44  5.717
 0.008]
[0.    0.    0.    0.    0.    0.    0.    0.    0.    0.    0.    0.
 0.    0.    0.    0.    0.    0.    0.    0.    0.355 0.611 0.44  5.717
 0.008]
[0.    0.    0.    0.    0.    0.    0.    0.    0.    0.    0.    0.
 0.    0.    0.    0.    0.    0.    0.    0.    0.355 0.611 0.44  5.717
 0.008]
[0.    0.    0.    0.    0.    0.    0.    0.    0.    0.    0.    0.
 0.    0.    0.    0.    0.    0.    0.    0.    0.355 0.611 0.44  5.717
 0.008]
[0.    0.    0.    0.    0.    0.    0.    0.    0.    0.    0.    0.
 0.    0.    0.    0.    0.    0.    0.    0.    0.355 0.611 0.44  5.717
 0.008]
[0.    0.    0.    0.    0.    0.    0.    0.    0.    0.    0.    0.
 0.    0.    0.    0.    0.    0.    0.    0.    0.355 0.611 0.44  5.717
 0.008]
[0.    0.    0.    0.    0.    0.    0.    0.    0.    0.    0.    0.
 0.    0.    0.    0.    0.    0.    0.    0.    0.355 0.611 0.44  5.717
 0.008]
[0.    0.    0.    0.    0.    0.    0.    0.    0.    0.    0.    0.
 0.    0.    0.    0.    0.    0.    0.    0.    0.355 0.611 0.44  5.717
 0.008]
47,  1.19676,  0.52079,  0.16142,  1.19992,  14.53074,  310.98447
delay:
[0.    0.    0.    0.    0.    0.    0.    0.    0.    0.    0.    0.
 0.    0.    0.    0.    0.    0.    0.    0.    0.365 0.557 0.462 5.755
 0.009]
[0.    0.    0.    0.    0.    0.    0.    0.    0.    0.    0.    0.
 0.    0.    0.    0.    0.    0.    0.    0.    0.365 0.557 0.462 5.755
 0.009]
[0.    0.    0.    0.    0.    0.    0.    0.    0.    0.    0.    0.
 0.    0.    0.    0.    0.    0.    0.    0.    0.365 0.557 0.462 5.755
 0.009]
[0.    0.    0.    0.    0.    0.    0.    0.    0.    0.    0.    0.
 0.    0.    0.    0.    0.    0.    0.    0.    0.365 0.557 0.462 5.755
 0.009]
[0.    0.    0.    0.    0.    0.    0.    0.    0.    0.    0.    0.
 0.    0.    0.    0.    0.    0.    0.    0.    0.365 0.557 0.462 5.755
 0.009]
[0.    0.    0.    0.    0.    0.    0.    0.    0.    0.    0.    0.
 0.    0.    0.    0.    0.    0.    0.    0.    0.365 0.557 0.462 5.755
 0.009]
[0.    0.    0.    0.    0.    0.    0.    0.    0.    0.    0.    0.
 0.    0.    0.    0.    0.    0.    0.    0.    0.365 0.557 0.462 5.755
 0.009]
[0.    0.    0.    0.    0.    0.    0.    0.    0.    0.    0.    0.
 0.    0.    0.    0.    0.    0.    0.    0.    0.365 0.557 0.462 5.755
 0.009]
[0.    0.    0.    0.    0.    0.    0.    0.    0.    0.    0.    0.
 0.    0.    0.    0.    0.    0.    0.    0.    0.365 0.557 0.462 5.755
 0.009]
[0.    0.    0.    0.    0.    0.    0.    0.    0.    0.    0.    0.
 0.    0.    0.    0.    0.    0.    0.    0.    0.365 0.557 0.462 5.755
 0.009]
[0.    0.    0.    0.    0.    0.    0.    0.    0.    0.    0.    0.
 0.    0.    0.    0.    0.    0.    0.    0.    0.365 0.557 0.462 5.755
 0.009]
[0.    0.    0.    0.    0.    0.    0.    0.    0.    0.    0.    0.
 0.    0.    0.    0.    0.    0.    0.    0.    0.365 0.557 0.462 5.755
 0.009]
[0.    0.    0.    0.    0.    0.    0.    0.    0.    0.    0.    0.
 0.    0.    0.    0.    0.    0.    0.    0.    0.365 0.557 0.462 5.755
 0.009]
[0.    0.    0.    0.    0.    0.    0.    0.    0.    0.    0.    0.
 0.    0.    0.    0.    0.    0.    0.    0.    0.365 0.557 0.462 5.755
 0.009]
[0.    0.    0.    0.    0.    0.    0.    0.    0.    0.    0.    0.
 0.    0.    0.    0.    0.    0.    0.    0.    0.365 0.557 0.462 5.755
 0.009]
[0.    0.    0.    0.    0.    0.    0.    0.    0.    0.    0.    0.
 0.    0.    0.    0.    0.    0.    0.    0.    0.365 0.557 0.462 5.755
 0.009]
48,  1.19679,  0.52063,  0.16105,  1.20061,  13.05037,  322.76359
delay:
[0.    0.    0.    0.    0.    0.    0.    0.    0.    0.    0.    0.
 0.    0.    0.    0.    0.    0.    0.    0.    0.377 0.489 0.464 5.844
 0.009]
[0.    0.    0.    0.    0.    0.    0.    0.    0.    0.    0.    0.
 0.    0.    0.    0.    0.    0.    0.    0.    0.377 0.489 0.464 5.844
 0.009]
[0.    0.    0.    0.    0.    0.    0.    0.    0.    0.    0.    0.
 0.    0.    0.    0.    0.    0.    0.    0.    0.377 0.489 0.464 5.844
 0.009]
[0.    0.    0.    0.    0.    0.    0.    0.    0.    0.    0.    0.
 0.    0.    0.    0.    0.    0.    0.    0.    0.377 0.489 0.464 5.844
 0.009]
[0.    0.    0.    0.    0.    0.    0.    0.    0.    0.    0.    0.
 0.    0.    0.    0.    0.    0.    0.    0.    0.377 0.489 0.464 5.844
 0.009]
[0.    0.    0.    0.    0.    0.    0.    0.    0.    0.    0.    0.
 0.    0.    0.    0.    0.    0.    0.    0.    0.377 0.489 0.464 5.844
 0.009]
[0.    0.    0.    0.    0.    0.    0.    0.    0.    0.    0.    0.
 0.    0.    0.    0.    0.    0.    0.    0.    0.377 0.489 0.464 5.844
 0.009]
[0.    0.    0.    0.    0.    0.    0.    0.    0.    0.    0.    0.
 0.    0.    0.    0.    0.    0.    0.    0.    0.377 0.489 0.464 5.844
 0.009]
[0.    0.    0.    0.    0.    0.    0.    0.    0.    0.    0.    0.
 0.    0.    0.    0.    0.    0.    0.    0.    0.377 0.489 0.464 5.844
 0.009]
[0.    0.    0.    0.    0.    0.    0.    0.    0.    0.    0.    0.
 0.    0.    0.    0.    0.    0.    0.    0.    0.377 0.489 0.464 5.844
 0.009]
[0.    0.    0.    0.    0.    0.    0.    0.    0.    0.    0.    0.
 0.    0.    0.    0.    0.    0.    0.    0.    0.377 0.489 0.464 5.844
 0.009]
[0.    0.    0.    0.    0.    0.    0.    0.    0.    0.    0.    0.
 0.    0.    0.    0.    0.    0.    0.    0.    0.377 0.489 0.464 5.844
 0.009]
[0.    0.    0.    0.    0.    0.    0.    0.    0.    0.    0.    0.
 0.    0.    0.    0.    0.    0.    0.    0.    0.377 0.489 0.464 5.844
 0.009]
[0.    0.    0.    0.    0.    0.    0.    0.    0.    0.    0.    0.
 0.    0.    0.    0.    0.    0.    0.    0.    0.377 0.489 0.464 5.844
 0.009]
[0.    0.    0.    0.    0.    0.    0.    0.    0.    0.    0.    0.
 0.    0.    0.    0.    0.    0.    0.    0.    0.377 0.489 0.464 5.844
 0.009]
[0.    0.    0.    0.    0.    0.    0.    0.    0.    0.    0.    0.
 0.    0.    0.    0.    0.    0.    0.    0.    0.377 0.489 0.464 5.844
 0.009]
49,  1.19717,  0.52055,  0.16123,  1.20151,  12.05757,  316.96217
delay:
[0.000e+00 0.000e+00 0.000e+00 0.000e+00 0.000e+00 0.000e+00 0.000e+00
 0.000e+00 0.000e+00 0.000e+00 0.000e+00 0.000e+00 0.000e+00 0.000e+00
 0.000e+00 0.000e+00 0.000e+00 0.000e+00 0.000e+00 0.000e+00 3.760e-01
 4.230e-01 4.850e-01 5.904e+00 1.000e-03]
[0.000e+00 0.000e+00 0.000e+00 0.000e+00 0.000e+00 0.000e+00 0.000e+00
 0.000e+00 0.000e+00 0.000e+00 0.000e+00 0.000e+00 0.000e+00 0.000e+00
 0.000e+00 0.000e+00 0.000e+00 0.000e+00 0.000e+00 0.000e+00 3.760e-01
 4.230e-01 4.850e-01 5.904e+00 1.000e-03]
[0.000e+00 0.000e+00 0.000e+00 0.000e+00 0.000e+00 0.000e+00 0.000e+00
 0.000e+00 0.000e+00 0.000e+00 0.000e+00 0.000e+00 0.000e+00 0.000e+00
 0.000e+00 0.000e+00 0.000e+00 0.000e+00 0.000e+00 0.000e+00 3.760e-01
 4.230e-01 4.850e-01 5.904e+00 1.000e-03]
[0.000e+00 0.000e+00 0.000e+00 0.000e+00 0.000e+00 0.000e+00 0.000e+00
 0.000e+00 0.000e+00 0.000e+00 0.000e+00 0.000e+00 0.000e+00 0.000e+00
 0.000e+00 0.000e+00 0.000e+00 0.000e+00 0.000e+00 0.000e+00 3.760e-01
 4.230e-01 4.850e-01 5.904e+00 1.000e-03]
[0.000e+00 0.000e+00 0.000e+00 0.000e+00 0.000e+00 0.000e+00 0.000e+00
 0.000e+00 0.000e+00 0.000e+00 0.000e+00 0.000e+00 0.000e+00 0.000e+00
 0.000e+00 0.000e+00 0.000e+00 0.000e+00 0.000e+00 0.000e+00 3.760e-01
 4.230e-01 4.850e-01 5.904e+00 1.000e-03]
[0.000e+00 0.000e+00 0.000e+00 0.000e+00 0.000e+00 0.000e+00 0.000e+00
 0.000e+00 0.000e+00 0.000e+00 0.000e+00 0.000e+00 0.000e+00 0.000e+00
 0.000e+00 0.000e+00 0.000e+00 0.000e+00 0.000e+00 0.000e+00 3.760e-01
 4.230e-01 4.850e-01 5.904e+00 1.000e-03]
[0.000e+00 0.000e+00 0.000e+00 0.000e+00 0.000e+00 0.000e+00 0.000e+00
 0.000e+00 0.000e+00 0.000e+00 0.000e+00 0.000e+00 0.000e+00 0.000e+00
 0.000e+00 0.000e+00 0.000e+00 0.000e+00 0.000e+00 0.000e+00 3.760e-01
 4.230e-01 4.850e-01 5.904e+00 1.000e-03]
[0.000e+00 0.000e+00 0.000e+00 0.000e+00 0.000e+00 0.000e+00 0.000e+00
 0.000e+00 0.000e+00 0.000e+00 0.000e+00 0.000e+00 0.000e+00 0.000e+00
 0.000e+00 0.000e+00 0.000e+00 0.000e+00 0.000e+00 0.000e+00 3.760e-01
 4.230e-01 4.850e-01 5.904e+00 1.000e-03]
[0.000e+00 0.000e+00 0.000e+00 0.000e+00 0.000e+00 0.000e+00 0.000e+00
 0.000e+00 0.000e+00 0.000e+00 0.000e+00 0.000e+00 0.000e+00 0.000e+00
 0.000e+00 0.000e+00 0.000e+00 0.000e+00 0.000e+00 0.000e+00 3.760e-01
 4.230e-01 4.850e-01 5.904e+00 1.000e-03]
[0.000e+00 0.000e+00 0.000e+00 0.000e+00 0.000e+00 0.000e+00 0.000e+00
 0.000e+00 0.000e+00 0.000e+00 0.000e+00 0.000e+00 0.000e+00 0.000e+00
 0.000e+00 0.000e+00 0.000e+00 0.000e+00 0.000e+00 0.000e+00 3.760e-01
 4.230e-01 4.850e-01 5.904e+00 1.000e-03]
[0.000e+00 0.000e+00 0.000e+00 0.000e+00 0.000e+00 0.000e+00 0.000e+00
 0.000e+00 0.000e+00 0.000e+00 0.000e+00 0.000e+00 0.000e+00 0.000e+00
 0.000e+00 0.000e+00 0.000e+00 0.000e+00 0.000e+00 0.000e+00 3.760e-01
 4.230e-01 4.850e-01 5.904e+00 1.000e-03]
[0.000e+00 0.000e+00 0.000e+00 0.000e+00 0.000e+00 0.000e+00 0.000e+00
 0.000e+00 0.000e+00 0.000e+00 0.000e+00 0.000e+00 0.000e+00 0.000e+00
 0.000e+00 0.000e+00 0.000e+00 0.000e+00 0.000e+00 0.000e+00 3.760e-01
 4.230e-01 4.850e-01 5.904e+00 1.000e-03]
[0.000e+00 0.000e+00 0.000e+00 0.000e+00 0.000e+00 0.000e+00 0.000e+00
 0.000e+00 0.000e+00 0.000e+00 0.000e+00 0.000e+00 0.000e+00 0.000e+00
 0.000e+00 0.000e+00 0.000e+00 0.000e+00 0.000e+00 0.000e+00 3.760e-01
 4.230e-01 4.850e-01 5.904e+00 1.000e-03]
[0.000e+00 0.000e+00 0.000e+00 0.000e+00 0.000e+00 0.000e+00 0.000e+00
 0.000e+00 0.000e+00 0.000e+00 0.000e+00 0.000e+00 0.000e+00 0.000e+00
 0.000e+00 0.000e+00 0.000e+00 0.000e+00 0.000e+00 0.000e+00 3.760e-01
 4.230e-01 4.850e-01 5.904e+00 1.000e-03]
[0.000e+00 0.000e+00 0.000e+00 0.000e+00 0.000e+00 0.000e+00 0.000e+00
 0.000e+00 0.000e+00 0.000e+00 0.000e+00 0.000e+00 0.000e+00 0.000e+00
 0.000e+00 0.000e+00 0.000e+00 0.000e+00 0.000e+00 0.000e+00 3.760e-01
 4.230e-01 4.850e-01 5.904e+00 1.000e-03]
[0.000e+00 0.000e+00 0.000e+00 0.000e+00 0.000e+00 0.000e+00 0.000e+00
 0.000e+00 0.000e+00 0.000e+00 0.000e+00 0.000e+00 0.000e+00 0.000e+00
 0.000e+00 0.000e+00 0.000e+00 0.000e+00 0.000e+00 0.000e+00 3.760e-01
 4.230e-01 4.850e-01 5.904e+00 1.000e-03]
50,  1.18378,  0.51394,  0.16291,  1.19645,  2.26515,  400.09647
delay:
[0.    0.    0.    0.    0.    0.    0.    0.    0.    0.    0.    0.
 0.    0.    0.    0.    0.    0.    0.    0.    0.399 0.398 0.53  5.869
 0.012]
[0.    0.    0.    0.    0.    0.    0.    0.    0.    0.    0.    0.
 0.    0.    0.    0.    0.    0.    0.    0.    0.399 0.398 0.53  5.869
 0.012]
[0.    0.    0.    0.    0.    0.    0.    0.    0.    0.    0.    0.
 0.    0.    0.    0.    0.    0.    0.    0.    0.399 0.398 0.53  5.869
 0.012]
[0.    0.    0.    0.    0.    0.    0.    0.    0.    0.    0.    0.
 0.    0.    0.    0.    0.    0.    0.    0.    0.399 0.398 0.53  5.869
 0.012]
[0.    0.    0.    0.    0.    0.    0.    0.    0.    0.    0.    0.
 0.    0.    0.    0.    0.    0.    0.    0.    0.399 0.398 0.53  5.869
 0.012]
[0.    0.    0.    0.    0.    0.    0.    0.    0.    0.    0.    0.
 0.    0.    0.    0.    0.    0.    0.    0.    0.399 0.398 0.53  5.869
 0.012]
[0.    0.    0.    0.    0.    0.    0.    0.    0.    0.    0.    0.
 0.    0.    0.    0.    0.    0.    0.    0.    0.399 0.398 0.53  5.869
 0.012]
[0.    0.    0.    0.    0.    0.    0.    0.    0.    0.    0.    0.
 0.    0.    0.    0.    0.    0.    0.    0.    0.399 0.398 0.53  5.869
 0.012]
[0.    0.    0.    0.    0.    0.    0.    0.    0.    0.    0.    0.
 0.    0.    0.    0.    0.    0.    0.    0.    0.399 0.398 0.53  5.869
 0.012]
[0.    0.    0.    0.    0.    0.    0.    0.    0.    0.    0.    0.
 0.    0.    0.    0.    0.    0.    0.    0.    0.399 0.398 0.53  5.869
 0.012]
[0.    0.    0.    0.    0.    0.    0.    0.    0.    0.    0.    0.
 0.    0.    0.    0.    0.    0.    0.    0.    0.399 0.398 0.53  5.869
 0.012]
[0.    0.    0.    0.    0.    0.    0.    0.    0.    0.    0.    0.
 0.    0.    0.    0.    0.    0.    0.    0.    0.399 0.398 0.53  5.869
 0.012]
[0.    0.    0.    0.    0.    0.    0.    0.    0.    0.    0.    0.
 0.    0.    0.    0.    0.    0.    0.    0.    0.399 0.398 0.53  5.869
 0.012]
[0.    0.    0.    0.    0.    0.    0.    0.    0.    0.    0.    0.
 0.    0.    0.    0.    0.    0.    0.    0.    0.399 0.398 0.53  5.869
 0.012]
[0.    0.    0.    0.    0.    0.    0.    0.    0.    0.    0.    0.
 0.    0.    0.    0.    0.    0.    0.    0.    0.399 0.398 0.53  5.869
 0.012]
[0.    0.    0.    0.    0.    0.    0.    0.    0.    0.    0.    0.
 0.    0.    0.    0.    0.    0.    0.    0.    0.399 0.398 0.53  5.869
 0.012]
51,  1.18563,  0.51575,  0.16202,  1.20074,  2.34811,  297.30509
delay:
[0.000e+00 0.000e+00 0.000e+00 0.000e+00 0.000e+00 0.000e+00 0.000e+00
 0.000e+00 0.000e+00 0.000e+00 0.000e+00 0.000e+00 0.000e+00 0.000e+00
 0.000e+00 0.000e+00 0.000e+00 0.000e+00 0.000e+00 0.000e+00 4.100e-01
 3.930e-01 5.430e-01 5.863e+00 1.000e-03]
[0.000e+00 0.000e+00 0.000e+00 0.000e+00 0.000e+00 0.000e+00 0.000e+00
 0.000e+00 0.000e+00 0.000e+00 0.000e+00 0.000e+00 0.000e+00 0.000e+00
 0.000e+00 0.000e+00 0.000e+00 0.000e+00 0.000e+00 0.000e+00 4.100e-01
 3.930e-01 5.430e-01 5.863e+00 1.000e-03]
[0.000e+00 0.000e+00 0.000e+00 0.000e+00 0.000e+00 0.000e+00 0.000e+00
 0.000e+00 0.000e+00 0.000e+00 0.000e+00 0.000e+00 0.000e+00 0.000e+00
 0.000e+00 0.000e+00 0.000e+00 0.000e+00 0.000e+00 0.000e+00 4.100e-01
 3.930e-01 5.430e-01 5.863e+00 1.000e-03]
[0.000e+00 0.000e+00 0.000e+00 0.000e+00 0.000e+00 0.000e+00 0.000e+00
 0.000e+00 0.000e+00 0.000e+00 0.000e+00 0.000e+00 0.000e+00 0.000e+00
 0.000e+00 0.000e+00 0.000e+00 0.000e+00 0.000e+00 0.000e+00 4.100e-01
 3.930e-01 5.430e-01 5.863e+00 1.000e-03]
[0.000e+00 0.000e+00 0.000e+00 0.000e+00 0.000e+00 0.000e+00 0.000e+00
 0.000e+00 0.000e+00 0.000e+00 0.000e+00 0.000e+00 0.000e+00 0.000e+00
 0.000e+00 0.000e+00 0.000e+00 0.000e+00 0.000e+00 0.000e+00 4.100e-01
 3.930e-01 5.430e-01 5.863e+00 1.000e-03]
[0.000e+00 0.000e+00 0.000e+00 0.000e+00 0.000e+00 0.000e+00 0.000e+00
 0.000e+00 0.000e+00 0.000e+00 0.000e+00 0.000e+00 0.000e+00 0.000e+00
 0.000e+00 0.000e+00 0.000e+00 0.000e+00 0.000e+00 0.000e+00 4.100e-01
 3.930e-01 5.430e-01 5.863e+00 1.000e-03]
[0.000e+00 0.000e+00 0.000e+00 0.000e+00 0.000e+00 0.000e+00 0.000e+00
 0.000e+00 0.000e+00 0.000e+00 0.000e+00 0.000e+00 0.000e+00 0.000e+00
 0.000e+00 0.000e+00 0.000e+00 0.000e+00 0.000e+00 0.000e+00 4.100e-01
 3.930e-01 5.430e-01 5.863e+00 1.000e-03]
[0.000e+00 0.000e+00 0.000e+00 0.000e+00 0.000e+00 0.000e+00 0.000e+00
 0.000e+00 0.000e+00 0.000e+00 0.000e+00 0.000e+00 0.000e+00 0.000e+00
 0.000e+00 0.000e+00 0.000e+00 0.000e+00 0.000e+00 0.000e+00 4.100e-01
 3.930e-01 5.430e-01 5.863e+00 1.000e-03]
[0.000e+00 0.000e+00 0.000e+00 0.000e+00 0.000e+00 0.000e+00 0.000e+00
 0.000e+00 0.000e+00 0.000e+00 0.000e+00 0.000e+00 0.000e+00 0.000e+00
 0.000e+00 0.000e+00 0.000e+00 0.000e+00 0.000e+00 0.000e+00 4.100e-01
 3.930e-01 5.430e-01 5.863e+00 1.000e-03]
[0.000e+00 0.000e+00 0.000e+00 0.000e+00 0.000e+00 0.000e+00 0.000e+00
 0.000e+00 0.000e+00 0.000e+00 0.000e+00 0.000e+00 0.000e+00 0.000e+00
 0.000e+00 0.000e+00 0.000e+00 0.000e+00 0.000e+00 0.000e+00 4.100e-01
 3.930e-01 5.430e-01 5.863e+00 1.000e-03]
[0.000e+00 0.000e+00 0.000e+00 0.000e+00 0.000e+00 0.000e+00 0.000e+00
 0.000e+00 0.000e+00 0.000e+00 0.000e+00 0.000e+00 0.000e+00 0.000e+00
 0.000e+00 0.000e+00 0.000e+00 0.000e+00 0.000e+00 0.000e+00 4.100e-01
 3.930e-01 5.430e-01 5.863e+00 1.000e-03]
[0.000e+00 0.000e+00 0.000e+00 0.000e+00 0.000e+00 0.000e+00 0.000e+00
 0.000e+00 0.000e+00 0.000e+00 0.000e+00 0.000e+00 0.000e+00 0.000e+00
 0.000e+00 0.000e+00 0.000e+00 0.000e+00 0.000e+00 0.000e+00 4.100e-01
 3.930e-01 5.430e-01 5.863e+00 1.000e-03]
[0.000e+00 0.000e+00 0.000e+00 0.000e+00 0.000e+00 0.000e+00 0.000e+00
 0.000e+00 0.000e+00 0.000e+00 0.000e+00 0.000e+00 0.000e+00 0.000e+00
 0.000e+00 0.000e+00 0.000e+00 0.000e+00 0.000e+00 0.000e+00 4.100e-01
 3.930e-01 5.430e-01 5.863e+00 1.000e-03]
[0.000e+00 0.000e+00 0.000e+00 0.000e+00 0.000e+00 0.000e+00 0.000e+00
 0.000e+00 0.000e+00 0.000e+00 0.000e+00 0.000e+00 0.000e+00 0.000e+00
 0.000e+00 0.000e+00 0.000e+00 0.000e+00 0.000e+00 0.000e+00 4.100e-01
 3.930e-01 5.430e-01 5.863e+00 1.000e-03]
[0.000e+00 0.000e+00 0.000e+00 0.000e+00 0.000e+00 0.000e+00 0.000e+00
 0.000e+00 0.000e+00 0.000e+00 0.000e+00 0.000e+00 0.000e+00 0.000e+00
 0.000e+00 0.000e+00 0.000e+00 0.000e+00 0.000e+00 0.000e+00 4.100e-01
 3.930e-01 5.430e-01 5.863e+00 1.000e-03]
[0.000e+00 0.000e+00 0.000e+00 0.000e+00 0.000e+00 0.000e+00 0.000e+00
 0.000e+00 0.000e+00 0.000e+00 0.000e+00 0.000e+00 0.000e+00 0.000e+00
 0.000e+00 0.000e+00 0.000e+00 0.000e+00 0.000e+00 0.000e+00 4.100e-01
 3.930e-01 5.430e-01 5.863e+00 1.000e-03]
52,  1.18738,  0.51776,  0.16149,  1.20160,  3.55513,  305.67909
delay:
[0.000e+00 0.000e+00 0.000e+00 0.000e+00 0.000e+00 0.000e+00 0.000e+00
 0.000e+00 0.000e+00 0.000e+00 0.000e+00 0.000e+00 0.000e+00 0.000e+00
 0.000e+00 0.000e+00 0.000e+00 0.000e+00 0.000e+00 0.000e+00 4.390e-01
 3.930e-01 5.790e-01 5.865e+00 1.000e-03]
[0.000e+00 0.000e+00 0.000e+00 0.000e+00 0.000e+00 0.000e+00 0.000e+00
 0.000e+00 0.000e+00 0.000e+00 0.000e+00 0.000e+00 0.000e+00 0.000e+00
 0.000e+00 0.000e+00 0.000e+00 0.000e+00 0.000e+00 0.000e+00 4.390e-01
 3.930e-01 5.790e-01 5.865e+00 1.000e-03]
[0.000e+00 0.000e+00 0.000e+00 0.000e+00 0.000e+00 0.000e+00 0.000e+00
 0.000e+00 0.000e+00 0.000e+00 0.000e+00 0.000e+00 0.000e+00 0.000e+00
 0.000e+00 0.000e+00 0.000e+00 0.000e+00 0.000e+00 0.000e+00 4.390e-01
 3.930e-01 5.790e-01 5.865e+00 1.000e-03]
[0.000e+00 0.000e+00 0.000e+00 0.000e+00 0.000e+00 0.000e+00 0.000e+00
 0.000e+00 0.000e+00 0.000e+00 0.000e+00 0.000e+00 0.000e+00 0.000e+00
 0.000e+00 0.000e+00 0.000e+00 0.000e+00 0.000e+00 0.000e+00 4.390e-01
 3.930e-01 5.790e-01 5.865e+00 1.000e-03]
[0.000e+00 0.000e+00 0.000e+00 0.000e+00 0.000e+00 0.000e+00 0.000e+00
 0.000e+00 0.000e+00 0.000e+00 0.000e+00 0.000e+00 0.000e+00 0.000e+00
 0.000e+00 0.000e+00 0.000e+00 0.000e+00 0.000e+00 0.000e+00 4.390e-01
 3.930e-01 5.790e-01 5.865e+00 1.000e-03]
[0.000e+00 0.000e+00 0.000e+00 0.000e+00 0.000e+00 0.000e+00 0.000e+00
 0.000e+00 0.000e+00 0.000e+00 0.000e+00 0.000e+00 0.000e+00 0.000e+00
 0.000e+00 0.000e+00 0.000e+00 0.000e+00 0.000e+00 0.000e+00 4.390e-01
 3.930e-01 5.790e-01 5.865e+00 1.000e-03]
[0.000e+00 0.000e+00 0.000e+00 0.000e+00 0.000e+00 0.000e+00 0.000e+00
 0.000e+00 0.000e+00 0.000e+00 0.000e+00 0.000e+00 0.000e+00 0.000e+00
 0.000e+00 0.000e+00 0.000e+00 0.000e+00 0.000e+00 0.000e+00 4.390e-01
 3.930e-01 5.790e-01 5.865e+00 1.000e-03]
[0.000e+00 0.000e+00 0.000e+00 0.000e+00 0.000e+00 0.000e+00 0.000e+00
 0.000e+00 0.000e+00 0.000e+00 0.000e+00 0.000e+00 0.000e+00 0.000e+00
 0.000e+00 0.000e+00 0.000e+00 0.000e+00 0.000e+00 0.000e+00 4.390e-01
 3.930e-01 5.790e-01 5.865e+00 1.000e-03]
[0.000e+00 0.000e+00 0.000e+00 0.000e+00 0.000e+00 0.000e+00 0.000e+00
 0.000e+00 0.000e+00 0.000e+00 0.000e+00 0.000e+00 0.000e+00 0.000e+00
 0.000e+00 0.000e+00 0.000e+00 0.000e+00 0.000e+00 0.000e+00 4.390e-01
 3.930e-01 5.790e-01 5.865e+00 1.000e-03]
[0.000e+00 0.000e+00 0.000e+00 0.000e+00 0.000e+00 0.000e+00 0.000e+00
 0.000e+00 0.000e+00 0.000e+00 0.000e+00 0.000e+00 0.000e+00 0.000e+00
 0.000e+00 0.000e+00 0.000e+00 0.000e+00 0.000e+00 0.000e+00 4.390e-01
 3.930e-01 5.790e-01 5.865e+00 1.000e-03]
[0.000e+00 0.000e+00 0.000e+00 0.000e+00 0.000e+00 0.000e+00 0.000e+00
 0.000e+00 0.000e+00 0.000e+00 0.000e+00 0.000e+00 0.000e+00 0.000e+00
 0.000e+00 0.000e+00 0.000e+00 0.000e+00 0.000e+00 0.000e+00 4.390e-01
 3.930e-01 5.790e-01 5.865e+00 1.000e-03]
[0.000e+00 0.000e+00 0.000e+00 0.000e+00 0.000e+00 0.000e+00 0.000e+00
 0.000e+00 0.000e+00 0.000e+00 0.000e+00 0.000e+00 0.000e+00 0.000e+00
 0.000e+00 0.000e+00 0.000e+00 0.000e+00 0.000e+00 0.000e+00 4.390e-01
 3.930e-01 5.790e-01 5.865e+00 1.000e-03]
[0.000e+00 0.000e+00 0.000e+00 0.000e+00 0.000e+00 0.000e+00 0.000e+00
 0.000e+00 0.000e+00 0.000e+00 0.000e+00 0.000e+00 0.000e+00 0.000e+00
 0.000e+00 0.000e+00 0.000e+00 0.000e+00 0.000e+00 0.000e+00 4.390e-01
 3.930e-01 5.790e-01 5.865e+00 1.000e-03]
[0.000e+00 0.000e+00 0.000e+00 0.000e+00 0.000e+00 0.000e+00 0.000e+00
 0.000e+00 0.000e+00 0.000e+00 0.000e+00 0.000e+00 0.000e+00 0.000e+00
 0.000e+00 0.000e+00 0.000e+00 0.000e+00 0.000e+00 0.000e+00 4.390e-01
 3.930e-01 5.790e-01 5.865e+00 1.000e-03]
[0.000e+00 0.000e+00 0.000e+00 0.000e+00 0.000e+00 0.000e+00 0.000e+00
 0.000e+00 0.000e+00 0.000e+00 0.000e+00 0.000e+00 0.000e+00 0.000e+00
 0.000e+00 0.000e+00 0.000e+00 0.000e+00 0.000e+00 0.000e+00 4.390e-01
 3.930e-01 5.790e-01 5.865e+00 1.000e-03]
[0.000e+00 0.000e+00 0.000e+00 0.000e+00 0.000e+00 0.000e+00 0.000e+00
 0.000e+00 0.000e+00 0.000e+00 0.000e+00 0.000e+00 0.000e+00 0.000e+00
 0.000e+00 0.000e+00 0.000e+00 0.000e+00 0.000e+00 0.000e+00 4.390e-01
 3.930e-01 5.790e-01 5.865e+00 1.000e-03]
53,  1.18885,  0.51858,  0.16104,  1.20284,  3.79450,  289.70147
delay:
[0.000e+00 0.000e+00 0.000e+00 0.000e+00 0.000e+00 0.000e+00 0.000e+00
 0.000e+00 0.000e+00 0.000e+00 0.000e+00 0.000e+00 0.000e+00 0.000e+00
 0.000e+00 0.000e+00 0.000e+00 0.000e+00 0.000e+00 0.000e+00 4.730e-01
 3.910e-01 6.290e-01 5.872e+00 1.000e-03]
[0.000e+00 0.000e+00 0.000e+00 0.000e+00 0.000e+00 0.000e+00 0.000e+00
 0.000e+00 0.000e+00 0.000e+00 0.000e+00 0.000e+00 0.000e+00 0.000e+00
 0.000e+00 0.000e+00 0.000e+00 0.000e+00 0.000e+00 0.000e+00 4.730e-01
 3.910e-01 6.290e-01 5.872e+00 1.000e-03]
[0.000e+00 0.000e+00 0.000e+00 0.000e+00 0.000e+00 0.000e+00 0.000e+00
 0.000e+00 0.000e+00 0.000e+00 0.000e+00 0.000e+00 0.000e+00 0.000e+00
 0.000e+00 0.000e+00 0.000e+00 0.000e+00 0.000e+00 0.000e+00 4.730e-01
 3.910e-01 6.290e-01 5.872e+00 1.000e-03]
[0.000e+00 0.000e+00 0.000e+00 0.000e+00 0.000e+00 0.000e+00 0.000e+00
 0.000e+00 0.000e+00 0.000e+00 0.000e+00 0.000e+00 0.000e+00 0.000e+00
 0.000e+00 0.000e+00 0.000e+00 0.000e+00 0.000e+00 0.000e+00 4.730e-01
 3.910e-01 6.290e-01 5.872e+00 1.000e-03]
[0.000e+00 0.000e+00 0.000e+00 0.000e+00 0.000e+00 0.000e+00 0.000e+00
 0.000e+00 0.000e+00 0.000e+00 0.000e+00 0.000e+00 0.000e+00 0.000e+00
 0.000e+00 0.000e+00 0.000e+00 0.000e+00 0.000e+00 0.000e+00 4.730e-01
 3.910e-01 6.290e-01 5.872e+00 1.000e-03]
[0.000e+00 0.000e+00 0.000e+00 0.000e+00 0.000e+00 0.000e+00 0.000e+00
 0.000e+00 0.000e+00 0.000e+00 0.000e+00 0.000e+00 0.000e+00 0.000e+00
 0.000e+00 0.000e+00 0.000e+00 0.000e+00 0.000e+00 0.000e+00 4.730e-01
 3.910e-01 6.290e-01 5.872e+00 1.000e-03]
[0.000e+00 0.000e+00 0.000e+00 0.000e+00 0.000e+00 0.000e+00 0.000e+00
 0.000e+00 0.000e+00 0.000e+00 0.000e+00 0.000e+00 0.000e+00 0.000e+00
 0.000e+00 0.000e+00 0.000e+00 0.000e+00 0.000e+00 0.000e+00 4.730e-01
 3.910e-01 6.290e-01 5.872e+00 1.000e-03]
[0.000e+00 0.000e+00 0.000e+00 0.000e+00 0.000e+00 0.000e+00 0.000e+00
 0.000e+00 0.000e+00 0.000e+00 0.000e+00 0.000e+00 0.000e+00 0.000e+00
 0.000e+00 0.000e+00 0.000e+00 0.000e+00 0.000e+00 0.000e+00 4.730e-01
 3.910e-01 6.290e-01 5.872e+00 1.000e-03]
[0.000e+00 0.000e+00 0.000e+00 0.000e+00 0.000e+00 0.000e+00 0.000e+00
 0.000e+00 0.000e+00 0.000e+00 0.000e+00 0.000e+00 0.000e+00 0.000e+00
 0.000e+00 0.000e+00 0.000e+00 0.000e+00 0.000e+00 0.000e+00 4.730e-01
 3.910e-01 6.290e-01 5.872e+00 1.000e-03]
[0.000e+00 0.000e+00 0.000e+00 0.000e+00 0.000e+00 0.000e+00 0.000e+00
 0.000e+00 0.000e+00 0.000e+00 0.000e+00 0.000e+00 0.000e+00 0.000e+00
 0.000e+00 0.000e+00 0.000e+00 0.000e+00 0.000e+00 0.000e+00 4.730e-01
 3.910e-01 6.290e-01 5.872e+00 1.000e-03]
[0.000e+00 0.000e+00 0.000e+00 0.000e+00 0.000e+00 0.000e+00 0.000e+00
 0.000e+00 0.000e+00 0.000e+00 0.000e+00 0.000e+00 0.000e+00 0.000e+00
 0.000e+00 0.000e+00 0.000e+00 0.000e+00 0.000e+00 0.000e+00 4.730e-01
 3.910e-01 6.290e-01 5.872e+00 1.000e-03]
[0.000e+00 0.000e+00 0.000e+00 0.000e+00 0.000e+00 0.000e+00 0.000e+00
 0.000e+00 0.000e+00 0.000e+00 0.000e+00 0.000e+00 0.000e+00 0.000e+00
 0.000e+00 0.000e+00 0.000e+00 0.000e+00 0.000e+00 0.000e+00 4.730e-01
 3.910e-01 6.290e-01 5.872e+00 1.000e-03]
[0.000e+00 0.000e+00 0.000e+00 0.000e+00 0.000e+00 0.000e+00 0.000e+00
 0.000e+00 0.000e+00 0.000e+00 0.000e+00 0.000e+00 0.000e+00 0.000e+00
 0.000e+00 0.000e+00 0.000e+00 0.000e+00 0.000e+00 0.000e+00 4.730e-01
 3.910e-01 6.290e-01 5.872e+00 1.000e-03]
[0.000e+00 0.000e+00 0.000e+00 0.000e+00 0.000e+00 0.000e+00 0.000e+00
 0.000e+00 0.000e+00 0.000e+00 0.000e+00 0.000e+00 0.000e+00 0.000e+00
 0.000e+00 0.000e+00 0.000e+00 0.000e+00 0.000e+00 0.000e+00 4.730e-01
 3.910e-01 6.290e-01 5.872e+00 1.000e-03]
[0.000e+00 0.000e+00 0.000e+00 0.000e+00 0.000e+00 0.000e+00 0.000e+00
 0.000e+00 0.000e+00 0.000e+00 0.000e+00 0.000e+00 0.000e+00 0.000e+00
 0.000e+00 0.000e+00 0.000e+00 0.000e+00 0.000e+00 0.000e+00 4.730e-01
 3.910e-01 6.290e-01 5.872e+00 1.000e-03]
[0.000e+00 0.000e+00 0.000e+00 0.000e+00 0.000e+00 0.000e+00 0.000e+00
 0.000e+00 0.000e+00 0.000e+00 0.000e+00 0.000e+00 0.000e+00 0.000e+00
 0.000e+00 0.000e+00 0.000e+00 0.000e+00 0.000e+00 0.000e+00 4.730e-01
 3.910e-01 6.290e-01 5.872e+00 1.000e-03]
54,  1.18971,  0.51846,  0.16087,  1.20372,  3.86059,  296.55977
delay:
[0.000e+00 0.000e+00 0.000e+00 0.000e+00 0.000e+00 0.000e+00 0.000e+00
 0.000e+00 0.000e+00 0.000e+00 0.000e+00 0.000e+00 0.000e+00 0.000e+00
 0.000e+00 0.000e+00 0.000e+00 0.000e+00 0.000e+00 0.000e+00 5.210e-01
 3.970e-01 6.900e-01 5.885e+00 3.000e-03]
[0.000e+00 0.000e+00 0.000e+00 0.000e+00 0.000e+00 0.000e+00 0.000e+00
 0.000e+00 0.000e+00 0.000e+00 0.000e+00 0.000e+00 0.000e+00 0.000e+00
 0.000e+00 0.000e+00 0.000e+00 0.000e+00 0.000e+00 0.000e+00 5.210e-01
 3.970e-01 6.900e-01 5.885e+00 3.000e-03]
[0.000e+00 0.000e+00 0.000e+00 0.000e+00 0.000e+00 0.000e+00 0.000e+00
 0.000e+00 0.000e+00 0.000e+00 0.000e+00 0.000e+00 0.000e+00 0.000e+00
 0.000e+00 0.000e+00 0.000e+00 0.000e+00 0.000e+00 0.000e+00 5.210e-01
 3.970e-01 6.900e-01 5.885e+00 3.000e-03]
[0.000e+00 0.000e+00 0.000e+00 0.000e+00 0.000e+00 0.000e+00 0.000e+00
 0.000e+00 0.000e+00 0.000e+00 0.000e+00 0.000e+00 0.000e+00 0.000e+00
 0.000e+00 0.000e+00 0.000e+00 0.000e+00 0.000e+00 0.000e+00 5.210e-01
 3.970e-01 6.900e-01 5.885e+00 3.000e-03]
[0.000e+00 0.000e+00 0.000e+00 0.000e+00 0.000e+00 0.000e+00 0.000e+00
 0.000e+00 0.000e+00 0.000e+00 0.000e+00 0.000e+00 0.000e+00 0.000e+00
 0.000e+00 0.000e+00 0.000e+00 0.000e+00 0.000e+00 0.000e+00 5.210e-01
 3.970e-01 6.900e-01 5.885e+00 3.000e-03]
[0.000e+00 0.000e+00 0.000e+00 0.000e+00 0.000e+00 0.000e+00 0.000e+00
 0.000e+00 0.000e+00 0.000e+00 0.000e+00 0.000e+00 0.000e+00 0.000e+00
 0.000e+00 0.000e+00 0.000e+00 0.000e+00 0.000e+00 0.000e+00 5.210e-01
 3.970e-01 6.900e-01 5.885e+00 3.000e-03]
[0.000e+00 0.000e+00 0.000e+00 0.000e+00 0.000e+00 0.000e+00 0.000e+00
 0.000e+00 0.000e+00 0.000e+00 0.000e+00 0.000e+00 0.000e+00 0.000e+00
 0.000e+00 0.000e+00 0.000e+00 0.000e+00 0.000e+00 0.000e+00 5.210e-01
 3.970e-01 6.900e-01 5.885e+00 3.000e-03]
[0.000e+00 0.000e+00 0.000e+00 0.000e+00 0.000e+00 0.000e+00 0.000e+00
 0.000e+00 0.000e+00 0.000e+00 0.000e+00 0.000e+00 0.000e+00 0.000e+00
 0.000e+00 0.000e+00 0.000e+00 0.000e+00 0.000e+00 0.000e+00 5.210e-01
 3.970e-01 6.900e-01 5.885e+00 3.000e-03]
[0.000e+00 0.000e+00 0.000e+00 0.000e+00 0.000e+00 0.000e+00 0.000e+00
 0.000e+00 0.000e+00 0.000e+00 0.000e+00 0.000e+00 0.000e+00 0.000e+00
 0.000e+00 0.000e+00 0.000e+00 0.000e+00 0.000e+00 0.000e+00 5.210e-01
 3.970e-01 6.900e-01 5.885e+00 3.000e-03]
[0.000e+00 0.000e+00 0.000e+00 0.000e+00 0.000e+00 0.000e+00 0.000e+00
 0.000e+00 0.000e+00 0.000e+00 0.000e+00 0.000e+00 0.000e+00 0.000e+00
 0.000e+00 0.000e+00 0.000e+00 0.000e+00 0.000e+00 0.000e+00 5.210e-01
 3.970e-01 6.900e-01 5.885e+00 3.000e-03]
[0.000e+00 0.000e+00 0.000e+00 0.000e+00 0.000e+00 0.000e+00 0.000e+00
 0.000e+00 0.000e+00 0.000e+00 0.000e+00 0.000e+00 0.000e+00 0.000e+00
 0.000e+00 0.000e+00 0.000e+00 0.000e+00 0.000e+00 0.000e+00 5.210e-01
 3.970e-01 6.900e-01 5.885e+00 3.000e-03]
[0.000e+00 0.000e+00 0.000e+00 0.000e+00 0.000e+00 0.000e+00 0.000e+00
 0.000e+00 0.000e+00 0.000e+00 0.000e+00 0.000e+00 0.000e+00 0.000e+00
 0.000e+00 0.000e+00 0.000e+00 0.000e+00 0.000e+00 0.000e+00 5.210e-01
 3.970e-01 6.900e-01 5.885e+00 3.000e-03]
[0.000e+00 0.000e+00 0.000e+00 0.000e+00 0.000e+00 0.000e+00 0.000e+00
 0.000e+00 0.000e+00 0.000e+00 0.000e+00 0.000e+00 0.000e+00 0.000e+00
 0.000e+00 0.000e+00 0.000e+00 0.000e+00 0.000e+00 0.000e+00 5.210e-01
 3.970e-01 6.900e-01 5.885e+00 3.000e-03]
[0.000e+00 0.000e+00 0.000e+00 0.000e+00 0.000e+00 0.000e+00 0.000e+00
 0.000e+00 0.000e+00 0.000e+00 0.000e+00 0.000e+00 0.000e+00 0.000e+00
 0.000e+00 0.000e+00 0.000e+00 0.000e+00 0.000e+00 0.000e+00 5.210e-01
 3.970e-01 6.900e-01 5.885e+00 3.000e-03]
[0.000e+00 0.000e+00 0.000e+00 0.000e+00 0.000e+00 0.000e+00 0.000e+00
 0.000e+00 0.000e+00 0.000e+00 0.000e+00 0.000e+00 0.000e+00 0.000e+00
 0.000e+00 0.000e+00 0.000e+00 0.000e+00 0.000e+00 0.000e+00 5.210e-01
 3.970e-01 6.900e-01 5.885e+00 3.000e-03]
[0.000e+00 0.000e+00 0.000e+00 0.000e+00 0.000e+00 0.000e+00 0.000e+00
 0.000e+00 0.000e+00 0.000e+00 0.000e+00 0.000e+00 0.000e+00 0.000e+00
 0.000e+00 0.000e+00 0.000e+00 0.000e+00 0.000e+00 0.000e+00 5.210e-01
 3.970e-01 6.900e-01 5.885e+00 3.000e-03]
55,  1.19111,  0.51917,  0.16069,  1.20437,  3.75749,  295.96646
delay:
[0.000e+00 0.000e+00 0.000e+00 0.000e+00 0.000e+00 0.000e+00 0.000e+00
 0.000e+00 0.000e+00 0.000e+00 0.000e+00 0.000e+00 0.000e+00 0.000e+00
 0.000e+00 0.000e+00 0.000e+00 0.000e+00 0.000e+00 0.000e+00 5.630e-01
 4.010e-01 7.400e-01 5.896e+00 1.000e-03]
[0.000e+00 0.000e+00 0.000e+00 0.000e+00 0.000e+00 0.000e+00 0.000e+00
 0.000e+00 0.000e+00 0.000e+00 0.000e+00 0.000e+00 0.000e+00 0.000e+00
 0.000e+00 0.000e+00 0.000e+00 0.000e+00 0.000e+00 0.000e+00 5.630e-01
 4.010e-01 7.400e-01 5.896e+00 1.000e-03]
[0.000e+00 0.000e+00 0.000e+00 0.000e+00 0.000e+00 0.000e+00 0.000e+00
 0.000e+00 0.000e+00 0.000e+00 0.000e+00 0.000e+00 0.000e+00 0.000e+00
 0.000e+00 0.000e+00 0.000e+00 0.000e+00 0.000e+00 0.000e+00 5.630e-01
 4.010e-01 7.400e-01 5.896e+00 1.000e-03]
[0.000e+00 0.000e+00 0.000e+00 0.000e+00 0.000e+00 0.000e+00 0.000e+00
 0.000e+00 0.000e+00 0.000e+00 0.000e+00 0.000e+00 0.000e+00 0.000e+00
 0.000e+00 0.000e+00 0.000e+00 0.000e+00 0.000e+00 0.000e+00 5.630e-01
 4.010e-01 7.400e-01 5.896e+00 1.000e-03]
[0.000e+00 0.000e+00 0.000e+00 0.000e+00 0.000e+00 0.000e+00 0.000e+00
 0.000e+00 0.000e+00 0.000e+00 0.000e+00 0.000e+00 0.000e+00 0.000e+00
 0.000e+00 0.000e+00 0.000e+00 0.000e+00 0.000e+00 0.000e+00 5.630e-01
 4.010e-01 7.400e-01 5.896e+00 1.000e-03]
[0.000e+00 0.000e+00 0.000e+00 0.000e+00 0.000e+00 0.000e+00 0.000e+00
 0.000e+00 0.000e+00 0.000e+00 0.000e+00 0.000e+00 0.000e+00 0.000e+00
 0.000e+00 0.000e+00 0.000e+00 0.000e+00 0.000e+00 0.000e+00 5.630e-01
 4.010e-01 7.400e-01 5.896e+00 1.000e-03]
[0.000e+00 0.000e+00 0.000e+00 0.000e+00 0.000e+00 0.000e+00 0.000e+00
 0.000e+00 0.000e+00 0.000e+00 0.000e+00 0.000e+00 0.000e+00 0.000e+00
 0.000e+00 0.000e+00 0.000e+00 0.000e+00 0.000e+00 0.000e+00 5.630e-01
 4.010e-01 7.400e-01 5.896e+00 1.000e-03]
[0.000e+00 0.000e+00 0.000e+00 0.000e+00 0.000e+00 0.000e+00 0.000e+00
 0.000e+00 0.000e+00 0.000e+00 0.000e+00 0.000e+00 0.000e+00 0.000e+00
 0.000e+00 0.000e+00 0.000e+00 0.000e+00 0.000e+00 0.000e+00 5.630e-01
 4.010e-01 7.400e-01 5.896e+00 1.000e-03]
[0.000e+00 0.000e+00 0.000e+00 0.000e+00 0.000e+00 0.000e+00 0.000e+00
 0.000e+00 0.000e+00 0.000e+00 0.000e+00 0.000e+00 0.000e+00 0.000e+00
 0.000e+00 0.000e+00 0.000e+00 0.000e+00 0.000e+00 0.000e+00 5.630e-01
 4.010e-01 7.400e-01 5.896e+00 1.000e-03]
[0.000e+00 0.000e+00 0.000e+00 0.000e+00 0.000e+00 0.000e+00 0.000e+00
 0.000e+00 0.000e+00 0.000e+00 0.000e+00 0.000e+00 0.000e+00 0.000e+00
 0.000e+00 0.000e+00 0.000e+00 0.000e+00 0.000e+00 0.000e+00 5.630e-01
 4.010e-01 7.400e-01 5.896e+00 1.000e-03]
[0.000e+00 0.000e+00 0.000e+00 0.000e+00 0.000e+00 0.000e+00 0.000e+00
 0.000e+00 0.000e+00 0.000e+00 0.000e+00 0.000e+00 0.000e+00 0.000e+00
 0.000e+00 0.000e+00 0.000e+00 0.000e+00 0.000e+00 0.000e+00 5.630e-01
 4.010e-01 7.400e-01 5.896e+00 1.000e-03]
[0.000e+00 0.000e+00 0.000e+00 0.000e+00 0.000e+00 0.000e+00 0.000e+00
 0.000e+00 0.000e+00 0.000e+00 0.000e+00 0.000e+00 0.000e+00 0.000e+00
 0.000e+00 0.000e+00 0.000e+00 0.000e+00 0.000e+00 0.000e+00 5.630e-01
 4.010e-01 7.400e-01 5.896e+00 1.000e-03]
[0.000e+00 0.000e+00 0.000e+00 0.000e+00 0.000e+00 0.000e+00 0.000e+00
 0.000e+00 0.000e+00 0.000e+00 0.000e+00 0.000e+00 0.000e+00 0.000e+00
 0.000e+00 0.000e+00 0.000e+00 0.000e+00 0.000e+00 0.000e+00 5.630e-01
 4.010e-01 7.400e-01 5.896e+00 1.000e-03]
[0.000e+00 0.000e+00 0.000e+00 0.000e+00 0.000e+00 0.000e+00 0.000e+00
 0.000e+00 0.000e+00 0.000e+00 0.000e+00 0.000e+00 0.000e+00 0.000e+00
 0.000e+00 0.000e+00 0.000e+00 0.000e+00 0.000e+00 0.000e+00 5.630e-01
 4.010e-01 7.400e-01 5.896e+00 1.000e-03]
[0.000e+00 0.000e+00 0.000e+00 0.000e+00 0.000e+00 0.000e+00 0.000e+00
 0.000e+00 0.000e+00 0.000e+00 0.000e+00 0.000e+00 0.000e+00 0.000e+00
 0.000e+00 0.000e+00 0.000e+00 0.000e+00 0.000e+00 0.000e+00 5.630e-01
 4.010e-01 7.400e-01 5.896e+00 1.000e-03]
[0.000e+00 0.000e+00 0.000e+00 0.000e+00 0.000e+00 0.000e+00 0.000e+00
 0.000e+00 0.000e+00 0.000e+00 0.000e+00 0.000e+00 0.000e+00 0.000e+00
 0.000e+00 0.000e+00 0.000e+00 0.000e+00 0.000e+00 0.000e+00 5.630e-01
 4.010e-01 7.400e-01 5.896e+00 1.000e-03]
