Namespace(data='data/toy_one/5dim_2000seq_128ev/', epoch=100, batch_size=128, d_model=16, d_rnn=8, d_inner_hid=32, d_k=16, d_v=16, n_head=1, n_layers=1, dropout=0.1, lr=0.001, smooth=0.1, log='data/toy_one/5dim_2000seq_128ev/100_20_input16_hidden32_softplus_batch128_grad.txt', num_events=64, lr_delay=0.001, n_hidden=32, n_input=16, device=device(type='cpu'))
Epoch, Log-likelihood-Test, Accuracy, RMSE, Log-likelihood-Train, Gradient_Masker, Gradient_THP
1, -0.30145,  0.43087,  0.64979, -0.35905,  0.00000,  15760.00816
delay:
0.0
0.0
0.0
0.0
0.0
2, -0.17767,  0.49508,  0.69988, -0.24948,  0.00000,  15121.58862
delay:
0.0
0.0
0.0
0.0
0.0
3, -0.03265,  0.47559,  0.59318, -0.11664,  0.00000,  14305.57005
delay:
0.0
0.0
0.0
0.0
0.0
4,  0.11819,  0.50650,  0.42894,  0.03167,  0.00000,  13506.64732
delay:
0.0
0.0
0.0
0.0
0.0
5,  0.26799,  0.50783,  0.28765,  0.18212,  0.00000,  12722.19942
delay:
0.0
0.0
0.0
0.0
0.0
6,  0.40848,  0.51063,  0.25610,  0.32905,  0.00000,  11920.38231
delay:
0.0
0.0
0.0
0.0
0.0
7,  0.53269,  0.51433,  0.26040,  0.46315,  0.00000,  11099.60559
delay:
0.0
0.0
0.0
0.0
0.0
8,  0.63877,  0.51807,  0.24998,  0.58039,  0.00000,  10179.22276
delay:
0.0
0.0
0.0
0.0
0.0
9,  0.72663,  0.51850,  0.24402,  0.67882,  0.00000,  9184.62098
delay:
0.0
0.0
0.0
0.0
0.0
10,  0.79566,  0.51850,  0.23962,  0.75844,  0.00000,  8213.09241
delay:
0.0
0.0
0.0
0.0
0.0
11,  0.82445,  0.51870,  0.23557,  0.80922,  0.00000,  7487.87805
delay:
0.0
0.0
0.0
0.0
0.0
12,  0.84986,  0.51882,  0.23072,  0.83647,  0.00000,  7075.93342
delay:
0.0
0.0
0.0
0.0
0.0
13,  0.87207,  0.51854,  0.22690,  0.86064,  0.00000,  6675.85052
delay:
0.0
0.0
0.0
0.0
0.0
14,  0.89232,  0.51898,  0.22226,  0.88199,  0.00000,  6290.83222
delay:
0.0
0.0
0.0
0.0
0.0
15,  0.90996,  0.51913,  0.21853,  0.90129,  0.00000,  5947.82766
delay:
0.0
0.0
0.0
0.0
0.0
16,  0.92638,  0.51921,  0.21330,  0.91839,  0.00000,  5624.93419
delay:
0.0
0.0
0.0
0.0
0.0
17,  0.94086,  0.51925,  0.20934,  0.93406,  0.00000,  5309.10597
delay:
0.0
0.0
0.0
0.0
0.0
18,  0.95403,  0.51945,  0.20504,  0.94800,  0.00000,  5022.45173
delay:
0.0
0.0
0.0
0.0
0.0
19,  0.96593,  0.51972,  0.20084,  0.96060,  0.00000,  4765.89582
delay:
0.0
0.0
0.0
0.0
0.0
20,  0.97667,  0.51972,  0.19714,  0.97208,  0.00000,  4504.33960
delay:
0.0
0.0
0.0
0.0
0.0
21,  1.00621,  0.51941,  0.17561,  0.99212,  5.86745,  4085.55724
delay:
0.658
0.219
1.505
1.304
0.149
22,  1.02805,  0.51996,  0.15870,  1.01787,  2.76307,  3462.23401
delay:
1.009
0.174
1.319
1.97
0.185
23,  1.04432,  0.51972,  0.15109,  1.03722,  3.04065,  3011.01167
delay:
1.492
0.114
1.443
2.848
0.248
24,  1.05681,  0.52039,  0.15037,  1.05166,  2.47758,  2568.46452
delay:
2.168
0.086
1.347
3.478
0.318
25,  1.06642,  0.52008,  0.15039,  1.06276,  2.90218,  2296.89723
delay:
3.265
0.055
1.279
4.027
0.453
26,  1.07417,  0.52012,  0.15032,  1.07151,  1.99568,  2109.33876
delay:
4.224
0.035
1.232
4.319
0.686
27,  1.08065,  0.52039,  0.14977,  1.07849,  2.42455,  1979.30336
delay:
5.23
0.02
1.333
4.594
1.249
28,  1.08618,  0.52031,  0.14974,  1.08443,  3.52813,  1761.35550
delay:
5.852
0.012
1.435
4.897
1.871
29,  1.09053,  0.52039,  0.14980,  1.08906,  3.14015,  2016.05766
delay:
5.761
0.009
1.59
5.274
2.084
30,  1.09448,  0.52008,  0.14987,  1.09316,  3.58240,  1460.05452
delay:
5.543
0.009
1.415
5.214
1.911
31,  1.09583,  0.52016,  0.14989,  1.09586,  3.01442,  1590.49214
delay:
5.372
0.01
1.309
4.945
1.763
32,  1.09757,  0.52020,  0.15015,  1.09740,  3.39308,  1639.85766
delay:
5.356
0.009
1.398
5.015
1.681
33,  1.09908,  0.52020,  0.15013,  1.09892,  2.45079,  1275.29458
delay:
5.324
0.009
1.311
4.817
1.59
34,  1.10053,  0.52047,  0.15025,  1.10037,  3.07283,  1201.56524
delay:
5.246
0.009
1.262
4.591
1.52
35,  1.10201,  0.52051,  0.15032,  1.10195,  3.37090,  1238.22506
delay:
5.358
0.01
1.101
4.303
1.508
36,  1.10375,  0.52016,  0.15027,  1.10329,  2.81839,  1238.09008
delay:
5.339
0.011
1.043
4.21
1.444
37,  1.10535,  0.52012,  0.15033,  1.10472,  3.84777,  1277.58264
delay:
5.341
0.01
1.055
4.387
1.438
38,  1.10721,  0.51961,  0.15045,  1.10640,  3.26970,  1166.81562
delay:
4.974
0.011
1.123
4.278
1.323
39,  1.10928,  0.52008,  0.15071,  1.10827,  4.03760,  1395.32906
delay:
4.484
0.011
1.379
4.464
1.214
40,  1.11251,  0.51980,  0.15170,  1.11039,  6.74947,  1169.17288
delay:
4.109
0.011
1.627
4.317
1.023
41,  1.11188,  0.52020,  0.15119,  1.11217,  12.56778,  1151.38634
delay:
4.109
0.011
1.627
4.317
1.023
42,  1.11259,  0.52031,  0.15145,  1.11283,  12.56778,  1145.93672
delay:
4.109
0.011
1.627
4.317
1.023
43,  1.11306,  0.52016,  0.15171,  1.11349,  12.56778,  1127.94017
delay:
4.109
0.011
1.627
4.317
1.023
44,  1.11374,  0.52004,  0.15209,  1.11394,  12.56778,  1063.69750
delay:
4.109
0.011
1.627
4.317
1.023
45,  1.11413,  0.52024,  0.15231,  1.11456,  12.56778,  1041.77543
delay:
4.109
0.011
1.627
4.317
1.023
46,  1.11469,  0.52012,  0.15275,  1.11510,  12.56778,  959.97432
delay:
4.109
0.011
1.627
4.317
1.023
47,  1.11514,  0.52012,  0.15312,  1.11553,  12.56778,  995.19548
delay:
4.109
0.011
1.627
4.317
1.023
48,  1.11566,  0.52008,  0.15355,  1.11593,  12.56778,  977.24143
delay:
4.109
0.011
1.627
4.317
1.023
49,  1.11608,  0.52020,  0.15395,  1.11633,  12.56778,  923.99068
delay:
4.109
0.011
1.627
4.317
1.023
50,  1.11724,  0.52028,  0.15462,  1.11698,  12.56778,  1035.07910
delay:
4.109
0.011
1.627
4.317
1.023
51,  1.11731,  0.52035,  0.15489,  1.11754,  12.56778,  1091.86204
delay:
4.109
0.011
1.627
4.317
1.023
52,  1.11736,  0.52035,  0.15496,  1.11774,  12.56778,  1125.49196
delay:
4.109
0.011
1.627
4.317
1.023
53,  1.11759,  0.52016,  0.15531,  1.11796,  12.56778,  923.39523
delay:
4.109
0.011
1.627
4.317
1.023
54,  1.11774,  0.52035,  0.15542,  1.11821,  12.56778,  983.87645
delay:
4.109
0.011
1.627
4.317
1.023
55,  1.11795,  0.52024,  0.15569,  1.11840,  12.56778,  933.30810
delay:
4.109
0.011
1.627
4.317
1.023
56,  1.11813,  0.52028,  0.15588,  1.11858,  12.56778,  1047.82859
delay:
4.109
0.011
1.627
4.317
1.023
57,  1.11833,  0.52039,  0.15612,  1.11877,  12.56778,  1009.00137
delay:
4.109
0.011
1.627
4.317
1.023
58,  1.11853,  0.52035,  0.15632,  1.11903,  12.56778,  942.40414
delay:
4.109
0.011
1.627
4.317
1.023
59,  1.11872,  0.52035,  0.15653,  1.11924,  12.56778,  984.86992
delay:
4.109
0.011
1.627
4.317
1.023
60,  1.11892,  0.52031,  0.15680,  1.11947,  12.56778,  1025.89083
delay:
4.109
0.011
1.627
4.317
1.023
61,  1.12170,  0.52028,  0.15947,  1.12007,  21.67416,  1008.14252
delay:
3.375
0.013
1.519
4.257
0.867
62,  1.12284,  0.52035,  0.16035,  1.12112,  19.53829,  1045.27782
delay:
2.698
0.016
1.318
4.049
0.68
63,  1.12402,  0.52020,  0.16109,  1.12220,  17.77883,  935.25094
delay:
2.033
0.016
1.479
4.311
0.577
64,  1.12515,  0.52035,  0.16200,  1.12338,  14.52008,  974.07125
delay:
1.659
0.015
1.578
4.264
0.502
65,  1.12628,  0.52031,  0.16257,  1.12419,  17.00182,  961.39359
delay:
1.36
0.014
1.694
4.396
0.442
66,  1.12732,  0.52028,  0.16309,  1.12537,  23.60150,  1029.21595
delay:
1.129
0.014
1.758
4.361
0.37
67,  1.12853,  0.52028,  0.16388,  1.12648,  13.72477,  1063.37282
delay:
1.04
0.012
1.802
4.4
0.314
68,  1.12947,  0.52035,  0.16420,  1.12745,  14.71913,  1041.72835
delay:
0.98
0.011
1.768
4.314
0.258
69,  1.13069,  0.52016,  0.16462,  1.12800,  16.76171,  928.41345
delay:
0.888
0.009
1.9
4.395
0.212
70,  1.13156,  0.52047,  0.16441,  1.12922,  14.07820,  984.12002
delay:
0.812
0.009
1.902
4.375
0.176
71,  1.13216,  0.52028,  0.16483,  1.12984,  18.51449,  896.43612
delay:
0.788
0.009
1.858
4.309
0.161
72,  1.13268,  0.52031,  0.16483,  1.13048,  17.60397,  956.63014
delay:
0.745
0.009
1.84
4.237
0.15
73,  1.13314,  0.52031,  0.16476,  1.13078,  16.63044,  878.29365
delay:
0.704
0.008
1.846
4.241
0.14
74,  1.13370,  0.52031,  0.16492,  1.13130,  14.46575,  907.74710
delay:
0.666
0.008
1.853
4.129
0.132
75,  1.13416,  0.52035,  0.16478,  1.13195,  17.36434,  869.32316
delay:
0.639
0.008
1.841
4.067
0.124
76,  1.13480,  0.52028,  0.16493,  1.13237,  21.46310,  943.40324
delay:
0.597
0.008
1.871
4.074
0.116
77,  1.13523,  0.52028,  0.16463,  1.13282,  20.87726,  1036.40232
delay:
0.562
0.008
1.884
3.959
0.111
78,  1.13578,  0.52039,  0.16468,  1.13322,  17.97434,  875.40464
delay:
0.543
0.008
1.868
3.857
0.107
79,  1.13636,  0.52008,  0.16472,  1.13365,  18.69184,  992.76247
delay:
0.52
0.008
1.843
3.783
0.102
80,  1.13688,  0.52020,  0.16459,  1.13417,  19.45720,  864.71552
delay:
0.497
0.008
1.847
3.667
0.098
81,  1.13533,  0.52031,  0.16341,  1.13463,  26.81337,  873.53116
delay:
0.497
0.008
1.847
3.667
0.098
82,  1.13544,  0.52028,  0.16340,  1.13469,  26.81337,  941.56839
delay:
0.497
0.008
1.847
3.667
0.098
83,  1.13555,  0.52028,  0.16347,  1.13491,  26.81337,  790.81817
delay:
0.497
0.008
1.847
3.667
0.098
84,  1.13568,  0.52031,  0.16349,  1.13499,  26.81337,  910.72778
delay:
0.497
0.008
1.847
3.667
0.098
85,  1.13578,  0.52024,  0.16349,  1.13503,  26.81337,  820.20242
delay:
0.497
0.008
1.847
3.667
0.098
86,  1.13591,  0.52024,  0.16355,  1.13502,  26.81337,  828.66304
delay:
0.497
0.008
1.847
3.667
0.098
87,  1.13600,  0.52028,  0.16352,  1.13509,  26.81337,  935.97054
delay:
0.497
0.008
1.847
3.667
0.098
88,  1.13612,  0.52035,  0.16356,  1.13506,  26.81337,  850.50232
delay:
0.497
0.008
1.847
3.667
0.098
89,  1.13626,  0.52016,  0.16362,  1.13528,  26.81337,  830.28124
delay:
0.497
0.008
1.847
3.667
0.098
90,  1.13638,  0.52016,  0.16366,  1.13548,  26.81337,  880.20280
delay:
0.497
0.008
1.847
3.667
0.098
91,  1.13644,  0.52028,  0.16365,  1.13569,  26.81337,  843.13011
delay:
0.497
0.008
1.847
3.667
0.098
92,  1.13649,  0.52024,  0.16362,  1.13555,  26.81337,  880.29310
delay:
0.497
0.008
1.847
3.667
0.098
93,  1.13652,  0.52024,  0.16362,  1.13547,  26.81337,  747.34119
delay:
0.497
0.008
1.847
3.667
0.098
94,  1.13659,  0.52024,  0.16361,  1.13555,  26.81337,  793.32085
delay:
0.497
0.008
1.847
3.667
0.098
95,  1.13665,  0.52024,  0.16361,  1.13560,  26.81337,  798.33051
delay:
0.497
0.008
1.847
3.667
0.098
96,  1.13671,  0.52028,  0.16363,  1.13574,  26.81337,  866.07532
delay:
0.497
0.008
1.847
3.667
0.098
97,  1.13677,  0.52024,  0.16365,  1.13569,  26.81337,  792.64318
delay:
0.497
0.008
1.847
3.667
0.098
98,  1.13684,  0.52024,  0.16365,  1.13587,  26.81337,  893.53665
delay:
0.497
0.008
1.847
3.667
0.098
99,  1.13690,  0.52024,  0.16364,  1.13608,  26.81337,  844.52684
delay:
0.497
0.008
1.847
3.667
0.098
100,  1.13733,  0.52043,  0.16302,  1.13589,  26.81337,  1103.10951
delay:
0.497
0.008
1.847
3.667
0.098
