Namespace(data='data/toy_one/5dim_2000seq_128ev/', epoch=100, batch_size=64, d_model=16, d_rnn=8, d_inner_hid=32, d_k=16, d_v=16, n_head=1, n_layers=1, dropout=0.1, lr=0.0001, smooth=0.1, log='data/toy_one/5dim_2000seq_128ev/100_20_input16_hidden64_softplus_batch64_grad_lr0001_x1.txt', num_events=128, lr_delay=0.001, n_hidden=64, n_input=16, device=device(type='cpu'))
Epoch, Log-likelihood-Test, Accuracy, RMSE, Log-likelihood-Train, Gradient_Masker, Gradient_THP
1, -0.48695,  0.26508,  0.19233, -0.49795,  0.00000,  10046.12743
delay:
0.0
0.0
0.0
0.0
0.0
2, -0.46639,  0.26484,  0.18298, -0.47725,  0.00000,  9668.84115
delay:
0.0
0.0
0.0
0.0
0.0
3, -0.44605,  0.26169,  0.17749, -0.45744,  0.00000,  9333.07416
delay:
0.0
0.0
0.0
0.0
0.0
4, -0.42580,  0.26114,  0.17356, -0.43772,  0.00000,  9019.10511
delay:
0.0
0.0
0.0
0.0
0.0
5, -0.40572,  0.32591,  0.17037, -0.41815,  0.00000,  8740.11540
delay:
0.0
0.0
0.0
0.0
0.0
6, -0.38519,  0.36909,  0.16804, -0.39834,  0.00000,  8514.94744
delay:
0.0
0.0
0.0
0.0
0.0
7, -0.36323,  0.37386,  0.16700, -0.37759,  0.00000,  8333.94196
delay:
0.0
0.0
0.0
0.0
0.0
8, -0.33908,  0.36571,  0.16745, -0.35501,  0.00000,  8182.09143
delay:
0.0
0.0
0.0
0.0
0.0
9, -0.31239,  0.35791,  0.16882, -0.33009,  0.00000,  8051.17925
delay:
0.0
0.0
0.0
0.0
0.0
10, -0.28316,  0.35492,  0.16984, -0.30245,  0.00000,  7940.06973
delay:
0.0
0.0
0.0
0.0
0.0
11, -0.26779,  0.35591,  0.16978, -0.27995,  0.00000,  7870.07234
delay:
0.0
0.0
0.0
0.0
0.0
12, -0.25218,  0.35791,  0.16935, -0.26459,  0.00000,  7832.00978
delay:
0.0
0.0
0.0
0.0
0.0
13, -0.23638,  0.36028,  0.16860, -0.24895,  0.00000,  7797.83219
delay:
0.0
0.0
0.0
0.0
0.0
14, -0.22042,  0.36382,  0.16765, -0.23316,  0.00000,  7767.83090
delay:
0.0
0.0
0.0
0.0
0.0
15, -0.20436,  0.36811,  0.16643, -0.21723,  0.00000,  7741.44612
delay:
0.0
0.0
0.0
0.0
0.0
16, -0.18816,  0.37343,  0.16519, -0.20118,  0.00000,  7716.64106
delay:
0.0
0.0
0.0
0.0
0.0
17, -0.17188,  0.38024,  0.16396, -0.18504,  0.00000,  7692.69442
delay:
0.0
0.0
0.0
0.0
0.0
18, -0.15551,  0.38713,  0.16289, -0.16872,  0.00000,  7670.20105
delay:
0.0
0.0
0.0
0.0
0.0
19, -0.13909,  0.39457,  0.16192, -0.15242,  0.00000,  7648.50693
delay:
0.0
0.0
0.0
0.0
0.0
20, -0.12256,  0.40146,  0.16120, -0.13594,  0.00000,  7625.36981
delay:
0.0
0.0
0.0
0.0
0.0
21, -0.09579,  0.41858,  0.15976, -0.11533,  16.72735,  7592.75808
delay:
0.512
0.276
1.547
0.306
1.133
22, -0.06816,  0.44169,  0.16004, -0.08719,  28.36473,  7552.91745
delay:
0.19
0.071
3.43
0.095
2.222
23, -0.04072,  0.46331,  0.16144, -0.05976,  21.58803,  7507.40866
delay:
0.053
0.017
5.917
0.023
4.399
24, -0.01202,  0.47516,  0.16268, -0.03166,  21.70420,  7462.24728
delay:
0.021
0.006
8.508
0.008
5.106
25,  0.01748,  0.47744,  0.16347, -0.00271,  10.34815,  7419.07846
delay:
0.011
0.003
10.799
0.004
4.236
26,  0.04737,  0.47839,  0.16387,  0.02702,  4.42045,  7376.67842
delay:
0.009
0.002
11.262
0.003
3.888
27,  0.07703,  0.47941,  0.16410,  0.05671,  3.27745,  7334.81188
delay:
0.009
0.002
11.446
0.003
4.173
28,  0.10655,  0.48106,  0.16426,  0.08622,  4.29654,  7292.79291
delay:
0.008
0.002
11.599
0.002
4.168
29,  0.13544,  0.48547,  0.16441,  0.11527,  3.50128,  7253.18115
delay:
0.008
0.002
11.955
0.002
4.15
30,  0.16319,  0.49862,  0.16320,  0.14391,  4.92047,  7212.78446
delay:
0.007
0.001
12.694
0.001
4.304
31,  0.17723,  0.50496,  0.16149,  0.16501,  8.10293,  7172.57109
delay:
0.006
0.001
13.575
0.001
4.113
32,  0.19093,  0.51043,  0.15971,  0.17899,  10.01131,  7143.56682
delay:
0.005
0.001
14.949
0.001
4.009
33,  0.20486,  0.51189,  0.15831,  0.19302,  4.35897,  7108.44280
delay:
0.004
0.001
15.981
0.001
4.068
34,  0.21895,  0.51315,  0.15721,  0.20712,  2.31598,  7074.50674
delay:
0.004
0.0
16.238
0.001
4.216
35,  0.23287,  0.51437,  0.15632,  0.22133,  2.05265,  7037.18864
delay:
0.004
0.0
16.194
0.001
4.219
36,  0.24680,  0.51504,  0.15560,  0.23544,  2.17542,  7000.82376
delay:
0.004
0.0
16.19
0.001
4.279
37,  0.26071,  0.51535,  0.15496,  0.24944,  2.34062,  6962.16515
delay:
0.004
0.0
16.156
0.001
4.316
38,  0.27440,  0.51539,  0.15443,  0.26342,  2.03386,  6921.40511
delay:
0.004
0.0
16.127
0.001
4.432
39,  0.28799,  0.51594,  0.15391,  0.27728,  1.83991,  6881.73397
delay:
0.004
0.0
16.098
0.001
4.305
40,  0.30169,  0.51626,  0.15350,  0.29100,  2.04296,  6840.54625
delay:
0.004
0.0
16.001
0.001
4.283
41,  0.31308,  0.50965,  0.15315,  0.30262,  1.39076,  6803.97231
delay:
0.004
0.0
16.001
0.001
4.283
42,  0.32243,  0.51012,  0.15299,  0.31217,  1.39076,  6770.24515
delay:
0.004
0.0
16.001
0.001
4.283
43,  0.33142,  0.51039,  0.15285,  0.32134,  1.39076,  6742.17545
delay:
0.004
0.0
16.001
0.001
4.283
44,  0.34001,  0.51091,  0.15273,  0.33014,  1.39076,  6711.59139
delay:
0.004
0.0
16.001
0.001
4.283
45,  0.34836,  0.51098,  0.15262,  0.33870,  1.39076,  6680.74378
delay:
0.004
0.0
16.001
0.001
4.283
46,  0.35650,  0.51134,  0.15252,  0.34682,  1.39076,  6654.40605
delay:
0.004
0.0
16.001
0.001
4.283
47,  0.36445,  0.51150,  0.15243,  0.35496,  1.39076,  6626.11951
delay:
0.004
0.0
16.001
0.001
4.283
48,  0.37220,  0.51142,  0.15235,  0.36281,  1.39076,  6594.95797
delay:
0.004
0.0
16.001
0.001
4.283
49,  0.37984,  0.51169,  0.15227,  0.37051,  1.39076,  6567.48213
delay:
0.004
0.0
16.001
0.001
4.283
50,  0.38766,  0.51138,  0.15241,  0.37754,  1.39076,  6543.76649
delay:
0.004
0.0
16.001
0.001
4.283
51,  0.39117,  0.51169,  0.15234,  0.38340,  1.39076,  6515.79763
delay:
0.004
0.0
16.001
0.001
4.283
52,  0.39469,  0.51217,  0.15228,  0.38707,  1.39076,  6502.71093
delay:
0.004
0.0
16.001
0.001
4.283
53,  0.39824,  0.51228,  0.15222,  0.39076,  1.39076,  6487.26977
delay:
0.004
0.0
16.001
0.001
4.283
54,  0.40175,  0.51228,  0.15218,  0.39436,  1.39076,  6474.02886
delay:
0.004
0.0
16.001
0.001
4.283
55,  0.40522,  0.51228,  0.15214,  0.39792,  1.39076,  6460.54427
delay:
0.004
0.0
16.001
0.001
4.283
56,  0.40871,  0.51244,  0.15210,  0.40143,  1.39076,  6446.82297
delay:
0.004
0.0
16.001
0.001
4.283
57,  0.41217,  0.51256,  0.15206,  0.40499,  1.39076,  6431.49362
delay:
0.004
0.0
16.001
0.001
4.283
58,  0.41556,  0.51264,  0.15203,  0.40837,  1.39076,  6418.50824
delay:
0.004
0.0
16.001
0.001
4.283
59,  0.41897,  0.51268,  0.15200,  0.41180,  1.39076,  6405.70434
delay:
0.004
0.0
16.001
0.001
4.283
60,  0.42235,  0.51268,  0.15197,  0.41526,  1.39076,  6389.73503
delay:
0.004
0.0
16.001
0.001
4.283
61,  0.42587,  0.51693,  0.15183,  0.42012,  1.37415,  6369.23316
delay:
0.004
0.0
15.999
0.001
4.247
62,  0.43221,  0.51697,  0.15175,  0.42639,  1.41178,  6348.21543
delay:
0.004
0.0
15.98
0.001
4.24
63,  0.43844,  0.51701,  0.15170,  0.43279,  1.57303,  6320.78768
delay:
0.004
0.0
15.962
0.001
4.221
64,  0.44453,  0.51701,  0.15167,  0.43894,  1.58230,  6296.23319
delay:
0.004
0.0
15.923
0.001
4.255
65,  0.45069,  0.51705,  0.15162,  0.44513,  1.81371,  6273.34345
delay:
0.004
0.0
15.901
0.001
4.23
66,  0.45674,  0.51697,  0.15161,  0.45123,  1.81469,  6244.98622
delay:
0.005
0.0
15.869
0.001
4.163
67,  0.46279,  0.51740,  0.15158,  0.45734,  1.69486,  6223.28212
delay:
0.005
0.0
15.819
0.001
4.172
68,  0.46872,  0.51748,  0.15159,  0.46341,  1.71423,  6194.35954
delay:
0.005
0.0
15.803
0.001
4.151
69,  0.47472,  0.51768,  0.15156,  0.46940,  1.68922,  6169.25138
delay:
0.005
0.0
15.795
0.001
4.112
70,  0.48053,  0.51776,  0.15158,  0.47543,  1.69166,  6145.29455
delay:
0.005
0.0
15.779
0.001
4.155
71,  0.48346,  0.51776,  0.15158,  0.47991,  1.76566,  6124.68324
delay:
0.005
0.0
15.788
0.001
4.145
72,  0.48644,  0.51787,  0.15154,  0.48282,  1.71325,  6111.60130
delay:
0.005
0.0
15.772
0.001
4.146
73,  0.48935,  0.51807,  0.15155,  0.48588,  1.58807,  6095.88536
delay:
0.005
0.0
15.766
0.001
4.126
74,  0.49226,  0.51795,  0.15155,  0.48873,  1.94406,  6081.54324
delay:
0.005
0.0
15.74
0.001
4.104
75,  0.49517,  0.51799,  0.15153,  0.49165,  1.60340,  6070.45764
delay:
0.005
0.0
15.737
0.001
4.106
76,  0.49803,  0.51799,  0.15153,  0.49458,  1.62508,  6056.45113
delay:
0.005
0.0
15.744
0.001
4.107
77,  0.50091,  0.51815,  0.15153,  0.49745,  1.95479,  6042.64403
delay:
0.005
0.0
15.738
0.001
4.091
78,  0.50379,  0.51799,  0.15153,  0.50036,  2.02450,  6030.13314
delay:
0.005
0.0
15.72
0.001
4.055
79,  0.50666,  0.51807,  0.15151,  0.50323,  2.42514,  6016.31944
delay:
0.005
0.0
15.712
0.001
4.066
80,  0.50949,  0.51815,  0.15151,  0.50609,  1.69314,  6005.16584
delay:
0.005
0.0
15.71
0.001
4.088
81,  0.51425,  0.51528,  0.15154,  0.50836,  4.78199,  5995.83411
delay:
0.005
0.0
15.71
0.001
4.088
82,  0.51573,  0.51528,  0.15155,  0.50987,  4.78199,  5986.35218
delay:
0.005
0.0
15.71
0.001
4.088
83,  0.51720,  0.51531,  0.15156,  0.51128,  4.78199,  5975.72717
delay:
0.005
0.0
15.71
0.001
4.088
84,  0.51867,  0.51528,  0.15156,  0.51282,  4.78199,  5970.84705
delay:
0.005
0.0
15.71
0.001
4.088
85,  0.52013,  0.51524,  0.15157,  0.51430,  4.78199,  5963.71744
delay:
0.005
0.0
15.71
0.001
4.088
86,  0.52160,  0.51520,  0.15157,  0.51577,  4.78199,  5956.58521
delay:
0.005
0.0
15.71
0.001
4.088
87,  0.52307,  0.51535,  0.15157,  0.51719,  4.78199,  5951.72211
delay:
0.005
0.0
15.71
0.001
4.088
88,  0.52453,  0.51539,  0.15157,  0.51873,  4.78199,  5942.58194
delay:
0.005
0.0
15.71
0.001
4.088
89,  0.52599,  0.51539,  0.15157,  0.52016,  4.78199,  5937.63044
delay:
0.005
0.0
15.71
0.001
4.088
90,  0.52744,  0.51547,  0.15157,  0.52165,  4.78199,  5927.57999
delay:
0.005
0.0
15.71
0.001
4.088
91,  0.52816,  0.51547,  0.15158,  0.52269,  4.78199,  5920.11923
delay:
0.005
0.0
15.71
0.001
4.088
92,  0.52888,  0.51551,  0.15158,  0.52345,  4.78199,  5916.82663
delay:
0.005
0.0
15.71
0.001
4.088
93,  0.52961,  0.51547,  0.15157,  0.52420,  4.78199,  5917.37228
delay:
0.005
0.0
15.71
0.001
4.088
94,  0.53033,  0.51559,  0.15158,  0.52487,  4.78199,  5910.70847
delay:
0.005
0.0
15.71
0.001
4.088
95,  0.53104,  0.51567,  0.15158,  0.52563,  4.78199,  5910.59465
delay:
0.005
0.0
15.71
0.001
4.088
96,  0.53176,  0.51559,  0.15158,  0.52636,  4.78199,  5905.72732
delay:
0.005
0.0
15.71
0.001
4.088
97,  0.53247,  0.51555,  0.15158,  0.52704,  4.78199,  5904.03204
delay:
0.005
0.0
15.71
0.001
4.088
98,  0.53319,  0.51567,  0.15159,  0.52779,  4.78199,  5898.45338
delay:
0.005
0.0
15.71
0.001
4.088
99,  0.53391,  0.51571,  0.15159,  0.52846,  4.78199,  5895.62839
delay:
0.005
0.0
15.71
0.001
4.088
100,  0.53493,  0.51484,  0.15170,  0.52877,  4.78199,  5906.14527
delay:
0.005
0.0
15.71
0.001
4.088
