Namespace(data='data/toy_one/5dim_2000seq_128ev/', epoch=100, batch_size=128, d_model=16, d_rnn=8, d_inner_hid=32, d_k=16, d_v=16, n_head=1, n_layers=1, dropout=0.1, lr=0.0001, smooth=0.1, log='data/toy_one/5dim_2000seq_128ev/100_10_90_input16_hidden64_softplus_batch128_grad.txt', num_events=128, lr_delay=0.0001, n_hidden=64, n_input=16, device=device(type='cpu'))
Epoch, Log-likelihood-Test, Accuracy, RMSE, Log-likelihood-Train, Gradient_Masker, Gradient_THP
1, -0.43859,  0.06717,  0.34074, -0.44245,  0.00000,  18664.97691
delay:
0.0
0.0
0.0
0.0
0.0
2, -0.43100,  0.06713,  0.36049, -0.43488,  0.00000,  18381.34489
delay:
0.0
0.0
0.0
0.0
0.0
3, -0.42340,  0.06720,  0.38374, -0.42737,  0.00000,  18137.70790
delay:
0.0
0.0
0.0
0.0
0.0
4, -0.41567,  0.06760,  0.41049, -0.41981,  0.00000,  17912.74390
delay:
0.0
0.0
0.0
0.0
0.0
5, -0.40778,  0.08496,  0.44051, -0.41206,  0.00000,  17697.17296
delay:
0.0
0.0
0.0
0.0
0.0
6, -0.39970,  0.12673,  0.47329, -0.40418,  0.00000,  17481.49933
delay:
0.0
0.0
0.0
0.0
0.0
7, -0.39150,  0.17850,  0.50781, -0.39610,  0.00000,  17257.12880
delay:
0.0
0.0
0.0
0.0
0.0
8, -0.38320,  0.22272,  0.54310, -0.38791,  0.00000,  17029.29277
delay:
0.0
0.0
0.0
0.0
0.0
9, -0.37484,  0.26504,  0.57737, -0.37972,  0.00000,  16806.94241
delay:
0.0
0.0
0.0
0.0
0.0
10, -0.36638,  0.29870,  0.60963, -0.37133,  0.00000,  16594.91393
delay:
0.0
0.0
0.0
0.0
0.0
11, -0.35941,  0.31913,  0.62478, -0.36398,  232.77708,  16439.08638
delay:
0.49
1.337
0.421
2.741
0.633
12, -0.35163,  0.33319,  0.65345, -0.35620,  130.77978,  16213.49141
delay:
0.349
1.21
0.454
2.906
0.569
13, -0.34377,  0.34244,  0.67699, -0.34841,  70.78845,  16039.84276
delay:
0.268
1.061
0.49
3.053
0.521
14, -0.33570,  0.34531,  0.69624, -0.34051,  39.91770,  15907.51024
delay:
0.224
0.905
0.534
3.206
0.479
15, -0.32744,  0.34713,  0.71167, -0.33238,  22.63759,  15802.19651
delay:
0.201
0.756
0.589
3.366
0.442
16, -0.31889,  0.34724,  0.72469, -0.32408,  17.42603,  15714.34558
delay:
0.191
0.621
0.658
3.538
0.411
17, -0.31005,  0.34768,  0.73524, -0.31550,  14.71698,  15637.78822
delay:
0.19
0.504
0.745
3.734
0.385
18, -0.30088,  0.34815,  0.74477, -0.30663,  18.14007,  15568.89991
delay:
0.196
0.413
0.845
3.959
0.36
19, -0.29132,  0.34835,  0.75355, -0.29740,  22.45832,  15503.56662
delay:
0.209
0.338
0.967
4.217
0.339
20, -0.28138,  0.34937,  0.76117, -0.28785,  27.03950,  15442.55010
delay:
0.231
0.276
1.125
4.508
0.322
21, -0.27624,  0.34980,  0.76498, -0.28012,  31.91301,  15396.57566
delay:
0.248
0.248
1.227
4.677
0.315
22, -0.27101,  0.35083,  0.76852, -0.27501,  34.01005,  15367.12891
delay:
0.268
0.225
1.333
4.842
0.31
23, -0.26570,  0.35161,  0.77213, -0.26988,  34.42392,  15339.79730
delay:
0.292
0.204
1.45
5.009
0.307
24, -0.26030,  0.35248,  0.77580, -0.26462,  35.97557,  15310.52789
delay:
0.32
0.185
1.575
5.182
0.303
25, -0.25483,  0.35378,  0.77919, -0.25924,  37.04295,  15281.61343
delay:
0.351
0.168
1.707
5.362
0.301
26, -0.24932,  0.35559,  0.78212, -0.25378,  35.65528,  15253.17751
delay:
0.389
0.153
1.848
5.541
0.3
27, -0.24370,  0.35732,  0.78551, -0.24839,  33.96712,  15225.57933
delay:
0.426
0.14
1.992
5.728
0.298
28, -0.23799,  0.35890,  0.78884, -0.24286,  32.89488,  15197.75219
delay:
0.465
0.128
2.15
5.915
0.298
29, -0.23224,  0.36248,  0.79181, -0.23720,  30.16395,  15169.38597
delay:
0.505
0.118
2.32
6.097
0.299
30, -0.22639,  0.36831,  0.79478, -0.23152,  26.96679,  15140.32999
delay:
0.542
0.109
2.502
6.272
0.302
31, -0.22344,  0.37197,  0.79630, -0.22700,  27.03349,  15118.16602
delay:
0.559
0.105
2.602
6.361
0.303
32, -0.22047,  0.37559,  0.79789, -0.22405,  26.94323,  15105.48637
delay:
0.575
0.101
2.699
6.441
0.306
33, -0.21752,  0.37945,  0.79924, -0.22118,  26.40707,  15089.89481
delay:
0.591
0.098
2.796
6.519
0.309
34, -0.21453,  0.38287,  0.80086, -0.21824,  24.23010,  15075.62390
delay:
0.601
0.094
2.895
6.598
0.312
35, -0.21152,  0.38606,  0.80241, -0.21530,  26.54651,  15060.38277
delay:
0.612
0.091
2.999
6.673
0.315
36, -0.20852,  0.39071,  0.80391, -0.21229,  27.50005,  15046.40006
delay:
0.621
0.088
3.104
6.745
0.32
37, -0.20551,  0.39555,  0.80526, -0.20940,  25.39959,  15033.48669
delay:
0.63
0.086
3.214
6.814
0.325
38, -0.20248,  0.39984,  0.80690, -0.20648,  28.57335,  15018.04482
delay:
0.635
0.083
3.327
6.882
0.329
39, -0.19944,  0.40386,  0.80830, -0.20336,  23.66485,  15001.64908
delay:
0.641
0.081
3.438
6.947
0.335
40, -0.19640,  0.40866,  0.80965, -0.20041,  26.82285,  14987.32226
delay:
0.646
0.078
3.553
7.011
0.342
41, -0.19486,  0.41091,  0.81041, -0.19808,  27.89185,  14976.80980
delay:
0.645
0.077
3.615
7.044
0.345
42, -0.19333,  0.41346,  0.81106, -0.19652,  26.20326,  14969.01595
delay:
0.646
0.076
3.675
7.074
0.349
43, -0.19182,  0.41583,  0.81165, -0.19507,  24.62124,  14961.81278
delay:
0.648
0.075
3.735
7.103
0.354
44, -0.19029,  0.41854,  0.81233, -0.19355,  28.17993,  14956.04971
delay:
0.647
0.074
3.795
7.131
0.358
45, -0.18877,  0.42087,  0.81300, -0.19202,  34.10894,  14946.61346
delay:
0.646
0.073
3.856
7.158
0.362
46, -0.18724,  0.42335,  0.81362, -0.19053,  28.75515,  14940.85556
delay:
0.647
0.072
3.918
7.185
0.367
47, -0.18572,  0.42524,  0.81425, -0.18901,  28.18651,  14932.41383
delay:
0.649
0.071
3.981
7.21
0.372
48, -0.18419,  0.42693,  0.81487, -0.18754,  28.35720,  14926.56114
delay:
0.649
0.07
4.044
7.235
0.378
49, -0.18266,  0.42894,  0.81554, -0.18603,  33.37055,  14918.50137
delay:
0.649
0.07
4.108
7.26
0.383
50, -0.18346,  0.44004,  0.79822, -0.18669,  23.74804,  14968.18657
delay:
0.642
0.069
4.161
7.287
0.386
51, -0.18194,  0.43740,  0.80424, -0.18471,  20.44017,  14937.35201
delay:
0.639
0.069
4.187
7.301
0.386
52, -0.18069,  0.43622,  0.80838, -0.18353,  26.95828,  14921.73370
delay:
0.641
0.068
4.213
7.315
0.387
53, -0.17959,  0.43594,  0.81134, -0.18247,  30.05543,  14909.62162
delay:
0.645
0.068
4.241
7.327
0.39
54, -0.17860,  0.43657,  0.81353, -0.18146,  32.60684,  14900.49120
delay:
0.652
0.068
4.271
7.338
0.393
55, -0.17767,  0.43654,  0.81524, -0.18057,  33.25398,  14894.45066
delay:
0.657
0.067
4.3
7.35
0.397
56, -0.17680,  0.43701,  0.81655, -0.17966,  30.64344,  14888.55736
delay:
0.664
0.067
4.33
7.361
0.4
57, -0.17595,  0.43815,  0.81760, -0.17885,  33.49465,  14884.64527
delay:
0.671
0.067
4.361
7.372
0.405
58, -0.17513,  0.43925,  0.81840, -0.17803,  33.53938,  14879.56224
delay:
0.678
0.067
4.391
7.382
0.41
59, -0.17433,  0.44031,  0.81907, -0.17724,  34.95474,  14874.78230
delay:
0.684
0.066
4.422
7.393
0.415
60, -0.17354,  0.44126,  0.81964, -0.17650,  28.89322,  14871.36446
delay:
0.69
0.066
4.453
7.403
0.42
61, -0.17312,  0.44154,  0.82009, -0.17587,  32.37942,  14867.30386
delay:
0.692
0.066
4.469
7.408
0.423
62, -0.17271,  0.44173,  0.82051, -0.17553,  30.12584,  14866.36301
delay:
0.694
0.066
4.484
7.413
0.426
63, -0.17230,  0.44205,  0.82089, -0.17506,  31.39818,  14864.05484
delay:
0.695
0.066
4.499
7.419
0.428
64, -0.17190,  0.44248,  0.82121, -0.17471,  30.00947,  14861.73629
delay:
0.696
0.066
4.514
7.424
0.431
65, -0.17151,  0.44299,  0.82148, -0.17422,  29.70578,  14860.74860
delay:
0.697
0.065
4.529
7.429
0.433
66, -0.17111,  0.44354,  0.82175, -0.17392,  30.53922,  14856.54994
delay:
0.698
0.065
4.544
7.435
0.436
67, -0.17072,  0.44402,  0.82198, -0.17354,  27.11203,  14855.82849
delay:
0.698
0.065
4.559
7.44
0.438
68, -0.17033,  0.44425,  0.82223, -0.17319,  31.48344,  14854.23775
delay:
0.698
0.065
4.574
7.445
0.44
69, -0.16994,  0.44453,  0.82244, -0.17274,  31.25538,  14852.34350
delay:
0.697
0.065
4.589
7.45
0.443
70, -0.16956,  0.44508,  0.82263, -0.17242,  30.97918,  14850.44810
delay:
0.698
0.065
4.603
7.456
0.445
71, -0.16936,  0.44539,  0.82281, -0.17214,  28.31603,  14848.15758
delay:
0.697
0.065
4.611
7.458
0.446
72, -0.16916,  0.44551,  0.82297, -0.17189,  33.37797,  14846.68780
delay:
0.697
0.064
4.618
7.461
0.448
73, -0.16896,  0.44559,  0.82312, -0.17173,  30.81519,  14846.01311
delay:
0.697
0.064
4.626
7.464
0.449
74, -0.16876,  0.44559,  0.82327, -0.17156,  27.41982,  14845.24383
delay:
0.696
0.064
4.633
7.467
0.45
75, -0.16857,  0.44571,  0.82340, -0.17135,  39.44006,  14844.16455
delay:
0.696
0.064
4.64
7.469
0.451
76, -0.16838,  0.44583,  0.82343, -0.17110,  31.03448,  14843.46865
delay:
0.695
0.064
4.647
7.472
0.452
77, -0.16820,  0.44610,  0.82343, -0.17096,  28.05331,  14842.81938
delay:
0.695
0.064
4.654
7.475
0.453
78, -0.16802,  0.44630,  0.82345, -0.17077,  31.07841,  14840.71548
delay:
0.695
0.064
4.661
7.477
0.454
79, -0.16784,  0.44665,  0.82347, -0.17057,  29.71387,  14841.95179
delay:
0.694
0.064
4.668
7.48
0.455
80, -0.16765,  0.44697,  0.82349, -0.17038,  27.05986,  14838.20277
delay:
0.694
0.064
4.675
7.483
0.456
81, -0.16756,  0.44713,  0.82351, -0.17029,  33.76228,  14838.30041
delay:
0.693
0.064
4.679
7.484
0.457
82, -0.16747,  0.44720,  0.82353, -0.17022,  27.88532,  14839.60986
delay:
0.693
0.063
4.682
7.486
0.457
83, -0.16738,  0.44736,  0.82355, -0.17012,  32.68592,  14837.77295
delay:
0.693
0.063
4.686
7.487
0.458
84, -0.16729,  0.44740,  0.82356, -0.17002,  28.87495,  14836.96518
delay:
0.692
0.063
4.689
7.488
0.458
85, -0.16720,  0.44756,  0.82358, -0.16990,  25.80183,  14836.52594
delay:
0.692
0.063
4.693
7.49
0.459
86, -0.16710,  0.44752,  0.82359, -0.16978,  26.78348,  14836.52701
delay:
0.692
0.063
4.696
7.491
0.459
87, -0.16701,  0.44768,  0.82361, -0.16976,  29.85048,  14836.30372
delay:
0.692
0.063
4.7
7.492
0.46
88, -0.16692,  0.44787,  0.82364, -0.16966,  26.18571,  14836.50149
delay:
0.691
0.063
4.703
7.494
0.46
89, -0.16683,  0.44795,  0.82366, -0.16959,  29.27377,  14835.87319
delay:
0.691
0.063
4.706
7.495
0.461
90, -0.16674,  0.44795,  0.82368, -0.16951,  31.99825,  14836.30752
delay:
0.691
0.063
4.71
7.497
0.461
91, -0.16669,  0.44799,  0.82369, -0.16943,  31.29229,  14834.70464
delay:
0.69
0.063
4.712
7.497
0.462
92, -0.16664,  0.44799,  0.82370, -0.16937,  31.72852,  14833.88093
delay:
0.69
0.063
4.713
7.498
0.462
93, -0.16660,  0.44807,  0.82371, -0.16928,  31.82964,  14833.26057
delay:
0.69
0.063
4.715
7.499
0.462
94, -0.16655,  0.44811,  0.82372, -0.16925,  28.68682,  14832.41884
delay:
0.69
0.063
4.717
7.499
0.462
95, -0.16651,  0.44811,  0.82373, -0.16923,  28.70248,  14834.52334
delay:
0.69
0.063
4.718
7.5
0.463
96, -0.16646,  0.44819,  0.82374, -0.16920,  29.27614,  14834.18655
delay:
0.69
0.063
4.72
7.501
0.463
97, -0.16642,  0.44819,  0.82375, -0.16914,  31.72645,  14834.29439
delay:
0.69
0.063
4.722
7.501
0.463
98, -0.16637,  0.44827,  0.82376, -0.16910,  34.02518,  14833.61082
delay:
0.69
0.063
4.724
7.502
0.464
99, -0.16633,  0.44839,  0.82377, -0.16906,  29.03407,  14833.44050
delay:
0.689
0.063
4.725
7.503
0.464
100, -0.16886,  0.45748,  0.80475, -0.17137,  25.56234,  14887.39977
delay:
0.689
0.063
4.727
7.504
0.464
