Namespace(data='data/toy_one/5dim_2000seq_128ev/', epoch=100, batch_size=64, d_model=16, d_rnn=8, d_inner_hid=32, d_k=16, d_v=16, n_head=1, n_layers=1, dropout=0.1, lr=0.0001, smooth=0.1, log='data/toy_one/5dim_2000seq_128ev/100_20_input16_hidden64_softplus_batch64_lr00001_x1.txt', num_events=128, lr_delay=0.0001, n_hidden=64, n_input=16, device=device(type='cpu'))
Epoch, Log-likelihood-Test, Accuracy, RMSE, Log-likelihood-Train, Gradient_Masker, Gradient_THP
1, -0.43986,  0.18520,  0.44589, -0.44837,  0.00000,  8496.03036
delay:
0.0
0.0
0.0
0.0
0.0
2, -0.42287,  0.18276,  0.42815, -0.43044,  0.00000,  8385.78080
delay:
0.0
0.0
0.0
0.0
0.0
3, -0.40717,  0.20406,  0.42588, -0.41432,  0.00000,  8325.91127
delay:
0.0
0.0
0.0
0.0
0.0
4, -0.39155,  0.25917,  0.43360, -0.39894,  0.00000,  8303.52208
delay:
0.0
0.0
0.0
0.0
0.0
5, -0.37481,  0.33209,  0.44393, -0.38293,  0.00000,  8300.32911
delay:
0.0
0.0
0.0
0.0
0.0
6, -0.35643,  0.33748,  0.45154, -0.36559,  0.00000,  8303.52207
delay:
0.0
0.0
0.0
0.0
0.0
7, -0.33648,  0.33752,  0.45290, -0.34664,  0.00000,  8301.16677
delay:
0.0
0.0
0.0
0.0
0.0
8, -0.31493,  0.33752,  0.44546, -0.32615,  0.00000,  8293.60545
delay:
0.0
0.0
0.0
0.0
0.0
9, -0.29193,  0.33764,  0.42939, -0.30408,  0.00000,  8280.38293
delay:
0.0
0.0
0.0
0.0
0.0
10, -0.26736,  0.33827,  0.40505, -0.28055,  0.00000,  8263.77917
delay:
0.0
0.0
0.0
0.0
0.0
11, -0.25456,  0.33858,  0.39047, -0.26172,  0.00000,  8250.68427
delay:
0.0
0.0
0.0
0.0
0.0
12, -0.24158,  0.33870,  0.37461, -0.24893,  0.00000,  8240.45494
delay:
0.0
0.0
0.0
0.0
0.0
13, -0.22838,  0.33874,  0.35778, -0.23599,  0.00000,  8229.95868
delay:
0.0
0.0
0.0
0.0
0.0
14, -0.21502,  0.33890,  0.34046, -0.22284,  0.00000,  8217.25174
delay:
0.0
0.0
0.0
0.0
0.0
15, -0.20145,  0.33909,  0.32255, -0.20949,  0.00000,  8204.69352
delay:
0.0
0.0
0.0
0.0
0.0
16, -0.18768,  0.33949,  0.30420, -0.19597,  0.00000,  8189.69535
delay:
0.0
0.0
0.0
0.0
0.0
17, -0.17366,  0.33992,  0.28543, -0.18217,  0.00000,  8174.57846
delay:
0.0
0.0
0.0
0.0
0.0
18, -0.15946,  0.34024,  0.26684, -0.16820,  0.00000,  8157.71712
delay:
0.0
0.0
0.0
0.0
0.0
19, -0.14504,  0.34028,  0.24824, -0.15402,  0.00000,  8138.40495
delay:
0.0
0.0
0.0
0.0
0.0
20, -0.13044,  0.34055,  0.22994, -0.13964,  0.00000,  8119.74568
delay:
0.0
0.0
0.0
0.0
0.0
21, -0.10483,  0.33949,  0.19573, -0.11987,  9.68472,  8082.81174
delay:
0.532
0.544
0.532
0.844
0.563
22, -0.07864,  0.33988,  0.16999, -0.09410,  8.90900,  8036.82876
delay:
0.488
0.563
0.51
0.828
0.592
23, -0.05187,  0.34067,  0.15975, -0.06779,  8.38522,  7987.19788
delay:
0.448
0.584
0.484
0.81
0.627
24, -0.02470,  0.34197,  0.16516, -0.04103,  7.94290,  7938.06052
delay:
0.41
0.605
0.458
0.79
0.665
25,  0.00318,  0.34484,  0.17898, -0.01374,  7.46183,  7887.70003
delay:
0.375
0.629
0.431
0.77
0.706
26,  0.03150,  0.34909,  0.19432,  0.01415,  6.86196,  7835.13118
delay:
0.343
0.652
0.406
0.749
0.747
27,  0.06004,  0.35354,  0.20593,  0.04241,  6.18580,  7782.13592
delay:
0.315
0.676
0.384
0.729
0.786
28,  0.08841,  0.36720,  0.21450,  0.07078,  5.47194,  7723.94063
delay:
0.29
0.7
0.364
0.71
0.826
29,  0.11643,  0.40055,  0.21791,  0.09904,  4.70856,  7662.51007
delay:
0.268
0.725
0.348
0.692
0.86
30,  0.14390,  0.44031,  0.21781,  0.12691,  4.12204,  7593.46173
delay:
0.25
0.75
0.334
0.675
0.894
31,  0.15738,  0.45098,  0.21648,  0.14773,  3.68504,  7540.18368
delay:
0.242
0.764
0.328
0.666
0.91
32,  0.17063,  0.46122,  0.21459,  0.16119,  3.47948,  7503.91025
delay:
0.234
0.778
0.323
0.659
0.926
33,  0.18370,  0.47028,  0.21258,  0.17440,  3.25051,  7466.09995
delay:
0.227
0.792
0.318
0.651
0.941
34,  0.19661,  0.47949,  0.21022,  0.18752,  3.04839,  7425.16064
delay:
0.22
0.806
0.313
0.644
0.957
35,  0.20938,  0.48780,  0.20759,  0.20049,  2.83381,  7387.04234
delay:
0.213
0.821
0.308
0.637
0.973
36,  0.22200,  0.49480,  0.20463,  0.21333,  2.68869,  7345.05023
delay:
0.207
0.835
0.304
0.63
0.988
37,  0.23446,  0.49909,  0.20153,  0.22593,  2.50969,  7301.99651
delay:
0.201
0.849
0.3
0.623
1.004
38,  0.24688,  0.50248,  0.19874,  0.23845,  2.30273,  7260.73207
delay:
0.195
0.864
0.296
0.617
1.021
39,  0.25911,  0.50457,  0.19565,  0.25091,  2.17063,  7218.25861
delay:
0.19
0.878
0.292
0.611
1.036
40,  0.27132,  0.50571,  0.19284,  0.26323,  2.01658,  7173.97129
delay:
0.185
0.892
0.289
0.605
1.051
41,  0.28200,  0.47736,  0.18451,  0.27412,  2.10504,  7137.02021
delay:
0.185
0.892
0.289
0.605
1.051
42,  0.29133,  0.47898,  0.18491,  0.28355,  2.10504,  7107.68759
delay:
0.185
0.892
0.289
0.605
1.051
43,  0.30002,  0.48094,  0.18499,  0.29248,  2.10504,  7079.67955
delay:
0.185
0.892
0.289
0.605
1.051
44,  0.30827,  0.48319,  0.18493,  0.30084,  2.10504,  7049.76850
delay:
0.185
0.892
0.289
0.605
1.051
45,  0.31618,  0.48469,  0.18458,  0.30884,  2.10504,  7021.83580
delay:
0.185
0.892
0.289
0.605
1.051
46,  0.32378,  0.48579,  0.18400,  0.31654,  2.10504,  6993.52083
delay:
0.185
0.892
0.289
0.605
1.051
47,  0.33122,  0.48717,  0.18347,  0.32397,  2.10504,  6967.54058
delay:
0.185
0.892
0.289
0.605
1.051
48,  0.33843,  0.48835,  0.18269,  0.33128,  2.10504,  6938.32288
delay:
0.185
0.892
0.289
0.605
1.051
49,  0.34553,  0.48988,  0.18206,  0.33835,  2.10504,  6911.78047
delay:
0.185
0.892
0.289
0.605
1.051
50,  0.35331,  0.49543,  0.17894,  0.34537,  2.10504,  6883.07010
delay:
0.185
0.892
0.289
0.605
1.051
51,  0.35663,  0.49390,  0.17938,  0.35066,  2.10504,  6861.34092
delay:
0.185
0.892
0.289
0.605
1.051
52,  0.35986,  0.49244,  0.17941,  0.35395,  2.10504,  6849.65157
delay:
0.185
0.892
0.289
0.605
1.051
53,  0.36306,  0.49232,  0.17930,  0.35726,  2.10504,  6834.78213
delay:
0.185
0.892
0.289
0.605
1.051
54,  0.36627,  0.49299,  0.17908,  0.36051,  2.10504,  6823.08680
delay:
0.185
0.892
0.289
0.605
1.051
55,  0.36944,  0.49335,  0.17877,  0.36378,  2.10504,  6809.41751
delay:
0.185
0.892
0.289
0.605
1.051
56,  0.37259,  0.49362,  0.17841,  0.36698,  2.10504,  6798.26932
delay:
0.185
0.892
0.289
0.605
1.051
57,  0.37573,  0.49406,  0.17807,  0.37016,  2.10504,  6782.26608
delay:
0.185
0.892
0.289
0.605
1.051
58,  0.37885,  0.49433,  0.17771,  0.37324,  2.10504,  6771.46025
delay:
0.185
0.892
0.289
0.605
1.051
59,  0.38195,  0.49465,  0.17731,  0.37634,  2.10504,  6757.81008
delay:
0.185
0.892
0.289
0.605
1.051
60,  0.38504,  0.49488,  0.17693,  0.37950,  2.10504,  6742.12744
delay:
0.185
0.892
0.289
0.605
1.051
61,  0.38789,  0.51075,  0.18411,  0.38396,  0.89847,  6725.62422
delay:
0.184
0.898
0.288
0.603
1.056
62,  0.39376,  0.51118,  0.18265,  0.38991,  0.89856,  6697.47771
delay:
0.182
0.903
0.288
0.602
1.059
63,  0.39958,  0.51169,  0.18146,  0.39578,  0.89667,  6672.71902
delay:
0.181
0.908
0.288
0.601
1.062
64,  0.40534,  0.51232,  0.18037,  0.40165,  0.87764,  6644.69912
delay:
0.18
0.913
0.288
0.6
1.066
65,  0.41105,  0.51260,  0.17942,  0.40741,  0.86431,  6621.54759
delay:
0.179
0.918
0.287
0.599
1.069
66,  0.41678,  0.51280,  0.17874,  0.41316,  0.81766,  6596.44123
delay:
0.178
0.923
0.287
0.597
1.072
67,  0.42244,  0.51327,  0.17795,  0.41896,  0.79704,  6569.82644
delay:
0.177
0.928
0.287
0.596
1.076
68,  0.42812,  0.51362,  0.17741,  0.42465,  0.77751,  6545.70672
delay:
0.176
0.933
0.287
0.595
1.079
69,  0.43381,  0.51398,  0.17687,  0.43034,  0.77001,  6520.06344
delay:
0.175
0.938
0.286
0.594
1.082
70,  0.43946,  0.51433,  0.17646,  0.43606,  0.73440,  6492.43936
delay:
0.173
0.944
0.286
0.593
1.085
71,  0.44228,  0.51445,  0.17626,  0.44038,  0.70962,  6473.21344
delay:
0.173
0.946
0.286
0.592
1.087
72,  0.44512,  0.51441,  0.17607,  0.44322,  0.69201,  6460.39819
delay:
0.172
0.949
0.286
0.592
1.088
73,  0.44794,  0.51465,  0.17590,  0.44603,  0.66503,  6448.66637
delay:
0.172
0.951
0.286
0.591
1.089
74,  0.45076,  0.51469,  0.17571,  0.44897,  0.68032,  6438.12699
delay:
0.171
0.954
0.286
0.591
1.09
75,  0.45356,  0.51484,  0.17557,  0.45174,  0.66058,  6421.75176
delay:
0.171
0.956
0.286
0.59
1.091
76,  0.45637,  0.51496,  0.17543,  0.45459,  0.64034,  6409.28590
delay:
0.17
0.958
0.286
0.589
1.092
77,  0.45917,  0.51504,  0.17529,  0.45741,  0.61540,  6397.44350
delay:
0.17
0.961
0.286
0.589
1.093
78,  0.46200,  0.51512,  0.17514,  0.46023,  0.60690,  6384.34802
delay:
0.169
0.963
0.286
0.588
1.095
79,  0.46481,  0.51520,  0.17501,  0.46309,  0.58969,  6371.49787
delay:
0.169
0.966
0.286
0.588
1.096
80,  0.46762,  0.51516,  0.17488,  0.46584,  0.53722,  6358.13520
delay:
0.168
0.968
0.286
0.587
1.097
81,  0.47294,  0.50394,  0.16990,  0.46807,  0.57508,  6348.39965
delay:
0.168
0.968
0.286
0.587
1.097
82,  0.47448,  0.50402,  0.16992,  0.46963,  0.57508,  6340.66976
delay:
0.168
0.968
0.286
0.587
1.097
83,  0.47599,  0.50417,  0.16994,  0.47117,  0.57508,  6334.01919
delay:
0.168
0.968
0.286
0.587
1.097
84,  0.47750,  0.50425,  0.16996,  0.47267,  0.57508,  6330.68784
delay:
0.168
0.968
0.286
0.587
1.097
85,  0.47901,  0.50429,  0.16997,  0.47420,  0.57508,  6319.95725
delay:
0.168
0.968
0.286
0.587
1.097
86,  0.48050,  0.50461,  0.16999,  0.47566,  0.57508,  6312.95540
delay:
0.168
0.968
0.286
0.587
1.097
87,  0.48199,  0.50461,  0.16999,  0.47715,  0.57508,  6311.27967
delay:
0.168
0.968
0.286
0.587
1.097
88,  0.48346,  0.50465,  0.17001,  0.47865,  0.57508,  6300.82180
delay:
0.168
0.968
0.286
0.587
1.097
89,  0.48495,  0.50461,  0.17002,  0.48010,  0.57508,  6292.97194
delay:
0.168
0.968
0.286
0.587
1.097
90,  0.48641,  0.50472,  0.17003,  0.48155,  0.57508,  6291.26664
delay:
0.168
0.968
0.286
0.587
1.097
91,  0.48714,  0.50480,  0.17003,  0.48272,  0.57508,  6281.81624
delay:
0.168
0.968
0.286
0.587
1.097
92,  0.48787,  0.50488,  0.17004,  0.48343,  0.57508,  6279.06718
delay:
0.168
0.968
0.286
0.587
1.097
93,  0.48860,  0.50492,  0.17004,  0.48418,  0.57508,  6278.27996
delay:
0.168
0.968
0.286
0.587
1.097
94,  0.48932,  0.50496,  0.17005,  0.48491,  0.57508,  6273.72482
delay:
0.168
0.968
0.286
0.587
1.097
95,  0.49005,  0.50496,  0.17005,  0.48562,  0.57508,  6268.06155
delay:
0.168
0.968
0.286
0.587
1.097
96,  0.49078,  0.50492,  0.17005,  0.48634,  0.57508,  6263.32669
delay:
0.168
0.968
0.286
0.587
1.097
97,  0.49150,  0.50500,  0.17004,  0.48706,  0.57508,  6260.55668
delay:
0.168
0.968
0.286
0.587
1.097
98,  0.49222,  0.50508,  0.17004,  0.48781,  0.57508,  6257.14227
delay:
0.168
0.968
0.286
0.587
1.097
99,  0.49294,  0.50516,  0.17004,  0.48846,  0.57508,  6254.70793
delay:
0.168
0.968
0.286
0.587
1.097
100,  0.49442,  0.51307,  0.16852,  0.48961,  0.57508,  6257.48172
delay:
0.168
0.968
0.286
0.587
1.097
