Namespace(data='data/toy_one/5dim_2000seq_128ev/', epoch=100, batch_size=128, d_model=16, d_rnn=8, d_inner_hid=32, d_k=16, d_v=16, n_head=1, n_layers=1, dropout=0.1, lr=0.0001, smooth=0.1, log='data/toy_one/5dim_2000seq_128ev/100_20_80_input16_hidden64_softplus_batch128_grad.txt', num_events=128, lr_delay=0.0001, n_hidden=64, n_input=16, device=device(type='cpu'))
Epoch, Log-likelihood-Test, Accuracy, RMSE, Log-likelihood-Train, Gradient_Masker, Gradient_THP
1, -0.35821,  0.22311,  0.35766, -0.36470,  0.00000,  15792.39575
delay:
0.0
0.0
0.0
0.0
0.0
2, -0.34777,  0.25606,  0.36015, -0.35445,  0.00000,  15624.97440
delay:
0.0
0.0
0.0
0.0
0.0
3, -0.33703,  0.28965,  0.36227, -0.34406,  0.00000,  15470.91715
delay:
0.0
0.0
0.0
0.0
0.0
4, -0.32594,  0.31673,  0.36394, -0.33330,  0.00000,  15333.77717
delay:
0.0
0.0
0.0
0.0
0.0
5, -0.31441,  0.33874,  0.36548, -0.32224,  0.00000,  15208.81150
delay:
0.0
0.0
0.0
0.0
0.0
6, -0.30234,  0.35866,  0.36749, -0.31076,  0.00000,  15094.52179
delay:
0.0
0.0
0.0
0.0
0.0
7, -0.28980,  0.36579,  0.36970, -0.29870,  0.00000,  14988.62528
delay:
0.0
0.0
0.0
0.0
0.0
8, -0.27675,  0.36827,  0.37200, -0.28627,  0.00000,  14889.27367
delay:
0.0
0.0
0.0
0.0
0.0
9, -0.26312,  0.36220,  0.37509, -0.27320,  0.00000,  14793.81336
delay:
0.0
0.0
0.0
0.0
0.0
10, -0.24899,  0.35350,  0.37812, -0.25978,  0.00000,  14700.91001
delay:
0.0
0.0
0.0
0.0
0.0
11, -0.23576,  0.34606,  0.38129, -0.24628,  0.00000,  14603.92289
delay:
0.0
0.0
0.0
0.0
0.0
12, -0.22247,  0.34354,  0.38476, -0.23322,  0.00000,  14503.29157
delay:
0.0
0.0
0.0
0.0
0.0
13, -0.20902,  0.34283,  0.38827, -0.22021,  0.00000,  14410.28015
delay:
0.0
0.0
0.0
0.0
0.0
14, -0.19538,  0.34260,  0.39235, -0.20689,  0.00000,  14325.22567
delay:
0.0
0.0
0.0
0.0
0.0
15, -0.18160,  0.34220,  0.39688, -0.19343,  0.00000,  14248.24684
delay:
0.0
0.0
0.0
0.0
0.0
16, -0.16770,  0.34217,  0.40197, -0.17965,  0.00000,  14174.47864
delay:
0.0
0.0
0.0
0.0
0.0
17, -0.15366,  0.34209,  0.40801, -0.16584,  0.00000,  14105.04246
delay:
0.0
0.0
0.0
0.0
0.0
18, -0.13948,  0.34217,  0.41542, -0.15191,  0.00000,  14041.56821
delay:
0.0
0.0
0.0
0.0
0.0
19, -0.12523,  0.34244,  0.42320, -0.13779,  0.00000,  13979.23002
delay:
0.0
0.0
0.0
0.0
0.0
20, -0.11086,  0.34280,  0.43173, -0.12362,  0.00000,  13921.39062
delay:
0.0
0.0
0.0
0.0
0.0
21, -0.11097,  0.34862,  0.42478, -0.11988,  304.68200,  13932.49574
delay:
0.461
0.015
3.412
0.357
2.941
22, -0.10291,  0.34748,  0.42959, -0.11189,  211.14231,  13894.34706
delay:
0.383
0.017
3.525
0.331
2.675
23, -0.09504,  0.34717,  0.43480, -0.10391,  129.75899,  13860.57308
delay:
0.32
0.018
3.633
0.312
2.491
24, -0.08737,  0.34701,  0.44003, -0.09621,  79.89388,  13826.59787
delay:
0.263
0.02
3.737
0.3
2.422
25, -0.07988,  0.34677,  0.44501, -0.08863,  56.08649,  13798.80666
delay:
0.214
0.021
3.849
0.29
2.463
26, -0.07258,  0.34665,  0.44973, -0.08127,  61.65499,  13771.98890
delay:
0.175
0.021
3.972
0.281
2.611
27, -0.06540,  0.34681,  0.45403, -0.07397,  79.14942,  13744.69640
delay:
0.142
0.021
4.11
0.271
2.858
28, -0.05825,  0.34701,  0.45802, -0.06681,  93.56030,  13720.14569
delay:
0.117
0.021
4.255
0.26
3.179
29, -0.05112,  0.34713,  0.46191, -0.05970,  98.12018,  13697.40290
delay:
0.099
0.021
4.413
0.246
3.527
30, -0.04396,  0.34720,  0.46566, -0.05256,  95.81512,  13671.46908
delay:
0.085
0.02
4.572
0.233
3.882
31, -0.04037,  0.34724,  0.46748, -0.04691,  88.97514,  13655.04913
delay:
0.079
0.02
4.654
0.226
4.065
32, -0.03679,  0.34740,  0.46931, -0.04334,  81.67487,  13643.02943
delay:
0.075
0.02
4.73
0.221
4.228
33, -0.03321,  0.34748,  0.47116, -0.03981,  72.61622,  13628.98105
delay:
0.071
0.019
4.803
0.215
4.376
34, -0.02962,  0.34760,  0.47300, -0.03619,  68.94585,  13617.84451
delay:
0.068
0.018
4.872
0.21
4.515
35, -0.02605,  0.34756,  0.47481, -0.03257,  68.24516,  13604.60389
delay:
0.064
0.018
4.941
0.205
4.651
36, -0.02247,  0.34776,  0.47658, -0.02899,  61.99952,  13592.09872
delay:
0.062
0.017
5.007
0.2
4.781
37, -0.01890,  0.34780,  0.47835, -0.02544,  57.62671,  13579.21646
delay:
0.059
0.016
5.072
0.195
4.905
38, -0.01533,  0.34783,  0.48007, -0.02185,  55.00118,  13566.88518
delay:
0.057
0.016
5.134
0.191
5.023
39, -0.01177,  0.34791,  0.48178, -0.01826,  50.55375,  13553.11926
delay:
0.055
0.015
5.194
0.186
5.138
40, -0.00820,  0.34803,  0.48343, -0.01473,  46.92042,  13540.31494
delay:
0.053
0.014
5.251
0.182
5.244
41, -0.00643,  0.34811,  0.48422, -0.01190,  47.26656,  13530.36820
delay:
0.052
0.014
5.281
0.18
5.301
42, -0.00465,  0.34815,  0.48502, -0.01020,  43.54698,  13523.70513
delay:
0.051
0.014
5.309
0.178
5.351
43, -0.00289,  0.34823,  0.48583, -0.00836,  44.86093,  13519.27492
delay:
0.05
0.013
5.336
0.175
5.401
44, -0.00112,  0.34827,  0.48660, -0.00664,  41.82076,  13510.25983
delay:
0.05
0.013
5.363
0.173
5.45
45,  0.00064,  0.34831,  0.48737, -0.00487,  42.78630,  13504.66345
delay:
0.049
0.013
5.391
0.171
5.5
46,  0.00240,  0.34839,  0.48812, -0.00308,  43.41874,  13495.46696
delay:
0.048
0.012
5.418
0.169
5.55
47,  0.00415,  0.34843,  0.48888, -0.00128,  41.31989,  13490.32695
delay:
0.047
0.012
5.445
0.167
5.602
48,  0.00590,  0.34854,  0.48962,  0.00039,  38.61591,  13482.96938
delay:
0.046
0.012
5.472
0.165
5.652
49,  0.00765,  0.34850,  0.49034,  0.00216,  40.66387,  13477.07095
delay:
0.046
0.011
5.498
0.163
5.7
50,  0.00481,  0.35787,  0.48557, -0.00086,  42.53437,  13447.61147
delay:
0.045
0.011
5.527
0.161
5.753
51,  0.00684,  0.35547,  0.48704,  0.00179,  48.05866,  13445.85096
delay:
0.045
0.011
5.543
0.16
5.783
52,  0.00847,  0.35374,  0.48822,  0.00339,  44.55064,  13444.72903
delay:
0.044
0.011
5.558
0.159
5.813
53,  0.00988,  0.35205,  0.48920,  0.00488,  44.71663,  13443.03572
delay:
0.044
0.011
5.572
0.159
5.843
54,  0.01113,  0.35154,  0.49003,  0.00611,  43.69714,  13442.20057
delay:
0.044
0.011
5.586
0.158
5.872
55,  0.01230,  0.35098,  0.49077,  0.00729,  42.54705,  13440.35694
delay:
0.043
0.011
5.6
0.157
5.901
56,  0.01339,  0.35071,  0.49144,  0.00848,  43.29398,  13437.02691
delay:
0.043
0.011
5.614
0.156
5.931
57,  0.01445,  0.35031,  0.49204,  0.00947,  40.93214,  13436.00534
delay:
0.043
0.011
5.627
0.155
5.959
58,  0.01546,  0.35008,  0.49260,  0.01050,  42.20308,  13433.77456
delay:
0.042
0.01
5.641
0.155
5.988
59,  0.01645,  0.34976,  0.49312,  0.01149,  41.20431,  13430.75609
delay:
0.042
0.01
5.654
0.154
6.017
60,  0.01741,  0.34949,  0.49360,  0.01250,  43.31048,  13429.44200
delay:
0.042
0.01
5.668
0.153
6.047
61,  0.01793,  0.34949,  0.49391,  0.01323,  39.02914,  13426.72145
delay:
0.041
0.01
5.675
0.153
6.063
62,  0.01844,  0.34965,  0.49420,  0.01377,  39.44661,  13425.77113
delay:
0.041
0.01
5.682
0.152
6.077
63,  0.01894,  0.34949,  0.49446,  0.01426,  41.13461,  13424.25883
delay:
0.041
0.01
5.689
0.152
6.092
64,  0.01942,  0.34941,  0.49472,  0.01472,  41.40061,  13422.61336
delay:
0.041
0.01
5.696
0.152
6.107
65,  0.01991,  0.34925,  0.49497,  0.01527,  39.19358,  13422.53629
delay:
0.041
0.01
5.703
0.151
6.122
66,  0.02038,  0.34917,  0.49520,  0.01576,  42.17186,  13422.38607
delay:
0.041
0.01
5.71
0.151
6.137
67,  0.02085,  0.34917,  0.49543,  0.01617,  41.44072,  13418.52915
delay:
0.041
0.01
5.717
0.15
6.153
68,  0.02131,  0.34909,  0.49565,  0.01672,  40.08364,  13417.86831
delay:
0.04
0.009
5.724
0.15
6.168
69,  0.02177,  0.34909,  0.49587,  0.01716,  41.53331,  13416.32982
delay:
0.04
0.009
5.731
0.15
6.184
70,  0.02222,  0.34913,  0.49607,  0.01761,  41.19905,  13414.89865
delay:
0.04
0.009
5.738
0.149
6.2
71,  0.02247,  0.34906,  0.49620,  0.01798,  39.24797,  13412.67638
delay:
0.04
0.009
5.742
0.149
6.208
72,  0.02270,  0.34902,  0.49633,  0.01819,  41.48406,  13411.81295
delay:
0.04
0.009
5.745
0.149
6.216
73,  0.02294,  0.34886,  0.49645,  0.01845,  40.71762,  13412.39653
delay:
0.04
0.009
5.749
0.148
6.224
74,  0.02317,  0.34882,  0.49656,  0.01867,  41.84531,  13410.28000
delay:
0.04
0.009
5.753
0.148
6.232
75,  0.02340,  0.34882,  0.49668,  0.01887,  41.40085,  13410.25674
delay:
0.04
0.009
5.756
0.148
6.24
76,  0.02361,  0.34882,  0.49676,  0.01911,  38.66112,  13410.02680
delay:
0.04
0.009
5.76
0.148
6.249
77,  0.02382,  0.34882,  0.49683,  0.01926,  39.02160,  13408.95911
delay:
0.04
0.009
5.764
0.147
6.257
78,  0.02403,  0.34886,  0.49691,  0.01951,  40.66664,  13409.47178
delay:
0.039
0.009
5.767
0.147
6.265
79,  0.02424,  0.34882,  0.49699,  0.01976,  41.62928,  13407.87099
delay:
0.039
0.009
5.771
0.147
6.273
80,  0.02445,  0.34882,  0.49707,  0.01999,  39.58573,  13406.07549
delay:
0.039
0.009
5.775
0.147
6.281
81,  0.02455,  0.34882,  0.49711,  0.02012,  39.70053,  13404.84745
delay:
0.039
0.009
5.777
0.147
6.286
82,  0.02465,  0.34882,  0.49715,  0.02019,  40.80792,  13406.74494
delay:
0.039
0.009
5.779
0.146
6.29
83,  0.02476,  0.34882,  0.49719,  0.02035,  40.40555,  13403.21074
delay:
0.039
0.009
5.781
0.146
6.294
84,  0.02486,  0.34882,  0.49723,  0.02046,  39.93229,  13403.65981
delay:
0.039
0.009
5.783
0.146
6.299
85,  0.02496,  0.34882,  0.49727,  0.02053,  37.85755,  13405.05216
delay:
0.039
0.009
5.785
0.146
6.303
86,  0.02507,  0.34886,  0.49731,  0.02058,  39.18811,  13403.56562
delay:
0.039
0.009
5.786
0.146
6.307
87,  0.02517,  0.34890,  0.49735,  0.02074,  38.61184,  13404.19802
delay:
0.039
0.009
5.788
0.146
6.311
88,  0.02527,  0.34890,  0.49739,  0.02082,  39.92578,  13402.62013
delay:
0.039
0.009
5.79
0.146
6.315
89,  0.02538,  0.34894,  0.49743,  0.02090,  38.10582,  13402.09021
delay:
0.039
0.009
5.792
0.146
6.319
90,  0.02548,  0.34894,  0.49747,  0.02103,  38.93209,  13402.42470
delay:
0.039
0.009
5.794
0.145
6.324
91,  0.02553,  0.34894,  0.49749,  0.02115,  39.18001,  13400.85758
delay:
0.039
0.009
5.795
0.145
6.326
92,  0.02559,  0.34894,  0.49751,  0.02121,  40.42681,  13401.04023
delay:
0.039
0.009
5.796
0.145
6.328
93,  0.02564,  0.34902,  0.49754,  0.02123,  40.27379,  13403.13244
delay:
0.039
0.009
5.797
0.145
6.33
94,  0.02569,  0.34902,  0.49756,  0.02127,  39.10893,  13399.60418
delay:
0.039
0.009
5.798
0.145
6.333
95,  0.02574,  0.34902,  0.49758,  0.02135,  40.60435,  13400.85713
delay:
0.039
0.009
5.799
0.145
6.335
96,  0.02579,  0.34902,  0.49760,  0.02140,  39.83291,  13400.69778
delay:
0.039
0.009
5.8
0.145
6.337
97,  0.02584,  0.34902,  0.49762,  0.02144,  40.58608,  13401.07503
delay:
0.039
0.009
5.801
0.145
6.339
98,  0.02589,  0.34902,  0.49764,  0.02154,  38.66700,  13400.01041
delay:
0.039
0.009
5.802
0.145
6.341
99,  0.02595,  0.34902,  0.49766,  0.02159,  38.00319,  13398.68569
delay:
0.039
0.009
5.803
0.145
6.344
100,  0.02150,  0.35898,  0.49195,  0.01689,  50.73096,  13373.88867
delay:
0.039
0.009
5.805
0.145
6.346
