Namespace(batch_size=128, d_inner_hid=32, d_k=16, d_model=16, d_rnn=8, d_v=16, data='data/toy_one/5dim_2000seq_128ev/', device=device(type='cpu'), dropout=0.1, epoch=100, log='data/toy_one/5dim_2000seq_128ev/100_20_input16_hidden64_softplus_batch128_grad_lr0001.txt', lr=0.001, lr_delay=0.001, n_head=1, n_hidden=64, n_input=16, n_layers=1, num_events=128, smooth=0.1)
Epoch, Log-likelihood-Test, Accuracy, RMSE, Log-likelihood-Train, Gradient_Masker, Gradient_THP
1, -0.31866,  0.22563,  0.21538, -0.37313,  0.00000,  16544.31663
delay:
0.0
0.0
0.0
0.0
0.0
2, -0.22954,  0.40114,  0.20575, -0.28047,  0.00000,  15286.14155
delay:
0.0
0.0
0.0
0.0
0.0
3, -0.12062,  0.40394,  0.20058, -0.18531,  0.00000,  14509.53352
delay:
0.0
0.0
0.0
0.0
0.0
4,  0.00380,  0.43331,  0.18661, -0.06860,  0.00000,  13486.16207
delay:
0.0
0.0
0.0
0.0
0.0
5,  0.14972,  0.51228,  0.16873,  0.06228,  0.00000,  12575.52857
delay:
0.0
0.0
0.0
0.0
0.0
6,  0.30783,  0.51484,  0.16121,  0.21549,  0.00000,  11958.31407
delay:
0.0
0.0
0.0
0.0
0.0
7,  0.46262,  0.51413,  0.15569,  0.37348,  0.00000,  11325.62318
delay:
0.0
0.0
0.0
0.0
0.0
8,  0.60379,  0.51642,  0.15280,  0.52412,  0.00000,  10451.94348
delay:
0.0
0.0
0.0
0.0
0.0
9,  0.71956,  0.51768,  0.15217,  0.65487,  0.00000,  9402.51340
delay:
0.0
0.0
0.0
0.0
0.0
10,  0.81063,  0.51839,  0.15227,  0.76034,  0.00000,  8252.87733
delay:
0.0
0.0
0.0
0.0
0.0
11,  0.84777,  0.51823,  0.15183,  0.82659,  0.00000,  7361.04727
delay:
0.0
0.0
0.0
0.0
0.0
12,  0.87889,  0.51862,  0.15172,  0.86109,  0.00000,  6849.78495
delay:
0.0
0.0
0.0
0.0
0.0
13,  0.90578,  0.51866,  0.15175,  0.89031,  0.00000,  6347.32664
delay:
0.0
0.0
0.0
0.0
0.0
14,  0.92865,  0.51882,  0.15183,  0.91585,  0.00000,  5900.24512
delay:
0.0
0.0
0.0
0.0
0.0
15,  0.94877,  0.51874,  0.15178,  0.93779,  0.00000,  5530.38723
delay:
0.0
0.0
0.0
0.0
0.0
16,  0.96643,  0.51870,  0.15175,  0.95683,  0.00000,  5093.36005
delay:
0.0
0.0
0.0
0.0
0.0
17,  0.98158,  0.51898,  0.15178,  0.97356,  0.00000,  4773.02474
delay:
0.0
0.0
0.0
0.0
0.0
18,  0.99493,  0.51894,  0.15145,  0.98795,  0.00000,  4405.66889
delay:
0.0
0.0
0.0
0.0
0.0
19,  1.00636,  0.51902,  0.15177,  1.00048,  0.00000,  4113.57805
delay:
0.0
0.0
0.0
0.0
0.0
20,  1.01646,  0.51937,  0.15184,  1.01159,  0.00000,  3839.83810
delay:
0.0
0.0
0.0
0.0
0.0
21,  1.04301,  0.51894,  0.15210,  1.02987,  24.05717,  3865.07730
delay:
4.194
4.2
0.8
0.307
0.464
22,  1.06024,  0.51906,  0.15208,  1.05250,  7.97556,  2769.93035
delay:
1.958
5.824
2.291
0.108
2.29
23,  1.07150,  0.51906,  0.15229,  1.06688,  8.66300,  2179.38559
delay:
0.261
6.057
1.237
0.05
3.525
24,  1.07928,  0.51953,  0.15298,  1.07648,  3.46211,  1829.16152
delay:
0.061
5.868
0.576
0.038
3.642
25,  1.08457,  0.51953,  0.15316,  1.08298,  5.43215,  1756.86330
delay:
0.036
5.886
1.106
0.033
3.198
26,  1.08880,  0.51976,  0.15382,  1.08772,  6.35728,  1645.19576
delay:
0.029
5.852
1.096
0.03
3.133
27,  1.09222,  0.51957,  0.15402,  1.09140,  5.21880,  1703.37131
delay:
0.025
5.739
1.001
0.027
2.53
28,  1.09482,  0.52004,  0.15451,  1.09438,  5.26645,  1481.43096
delay:
0.023
5.506
0.453
0.027
2.256
29,  1.09712,  0.51972,  0.15452,  1.09679,  3.62792,  1314.93976
delay:
0.021
5.515
0.486
0.025
2.553
30,  1.09866,  0.52020,  0.15582,  1.09871,  5.59126,  1398.14487
delay:
0.019
5.371
0.949
0.023
2.697
31,  1.09944,  0.52035,  0.15572,  1.10001,  5.57285,  1383.15074
delay:
0.019
5.221
0.623
0.023
2.457
32,  1.10047,  0.51972,  0.15527,  1.10074,  4.47677,  1107.21052
delay:
0.019
5.063
0.49
0.024
2.282
33,  1.10133,  0.51976,  0.15522,  1.10164,  4.68457,  1058.34727
delay:
0.018
4.925
0.674
0.023
2.148
34,  1.10214,  0.51969,  0.15530,  1.10245,  5.93122,  1024.74651
delay:
0.017
4.648
0.752
0.024
1.923
35,  1.10297,  0.51980,  0.15556,  1.10332,  7.09061,  915.79924
delay:
0.016
3.906
0.721
0.024
1.879
36,  1.10393,  0.52004,  0.15544,  1.10414,  6.94440,  981.42361
delay:
0.016
3.614
0.499
0.026
1.953
37,  1.10475,  0.52012,  0.15577,  1.10499,  6.91936,  1193.45246
delay:
0.017
3.807
0.513
0.029
1.901
38,  1.10584,  0.52000,  0.15574,  1.10590,  7.33067,  1031.78814
delay:
0.018
3.46
0.432
0.035
1.478
39,  1.10715,  0.52004,  0.15558,  1.10691,  7.12525,  1079.92412
delay:
0.022
3.422
0.3
0.045
1.161
40,  1.10873,  0.51992,  0.15550,  1.10814,  8.08517,  1213.08669
delay:
0.031
3.325
0.143
0.065
0.973
41,  1.10729,  0.52004,  0.15569,  1.10925,  12.12637,  856.56798
delay:
0.031
3.325
0.143
0.065
0.973
42,  1.10752,  0.51972,  0.15570,  1.10965,  12.12637,  976.57286
delay:
0.031
3.325
0.143
0.065
0.973
43,  1.10779,  0.51980,  0.15566,  1.11010,  12.12637,  1028.24754
delay:
0.031
3.325
0.143
0.065
0.973
44,  1.10803,  0.51988,  0.15567,  1.11062,  12.12637,  915.66972
delay:
0.031
3.325
0.143
0.065
0.973
45,  1.10828,  0.51976,  0.15563,  1.11120,  12.12637,  1117.82699
delay:
0.031
3.325
0.143
0.065
0.973
46,  1.10854,  0.51984,  0.15565,  1.11179,  12.12637,  1053.50895
delay:
0.031
3.325
0.143
0.065
0.973
47,  1.10889,  0.51988,  0.15556,  1.11246,  12.12637,  1036.22013
delay:
0.031
3.325
0.143
0.065
0.973
48,  1.10918,  0.51988,  0.15553,  1.11313,  12.12637,  955.20388
delay:
0.031
3.325
0.143
0.065
0.973
49,  1.10943,  0.51996,  0.15565,  1.11371,  12.12637,  1066.30034
delay:
0.031
3.325
0.143
0.065
0.973
50,  1.10988,  0.52020,  0.15579,  1.11390,  12.12637,  1231.21090
delay:
0.031
3.325
0.143
0.065
0.973
51,  1.11026,  0.52008,  0.15526,  1.11429,  12.12637,  1161.62556
delay:
0.031
3.325
0.143
0.065
0.973
52,  1.11029,  0.52024,  0.15543,  1.11460,  12.12637,  937.06314
delay:
0.031
3.325
0.143
0.065
0.973
53,  1.11042,  0.52016,  0.15541,  1.11487,  12.12637,  936.64120
delay:
0.031
3.325
0.143
0.065
0.973
54,  1.11057,  0.52012,  0.15532,  1.11514,  12.12637,  862.19139
delay:
0.031
3.325
0.143
0.065
0.973
55,  1.11070,  0.52008,  0.15534,  1.11535,  12.12637,  826.45680
delay:
0.031
3.325
0.143
0.065
0.973
