Namespace(data='data/toy_one/5dim_2000seq_128ev/', epoch=100, batch_size=128, d_model=16, d_rnn=8, d_inner_hid=32, d_k=16, d_v=16, n_head=1, n_layers=1, dropout=0.1, lr=0.0001, smooth=0.1, log='data/toy_one/5dim_2000seq_128ev/100_20_input16_hidden64_softplus_batch128_lr0001_x10_grad_seed256.txt', num_events=64, lr_delay=0.001, n_hidden=64, n_input=16, device=device(type='cpu'))
Epoch, Log-likelihood-Test, Accuracy, RMSE, Log-likelihood-Train, Gradient_Masker, Gradient_THP
1, -0.50593,  0.26106,  0.24036, -0.51332,  0.00000,  19455.85845
delay:
0.0
0.0
0.0
0.0
0.0
2, -0.49298,  0.25429,  0.25170, -0.50028,  0.00000,  18785.32248
delay:
0.0
0.0
0.0
0.0
0.0
3, -0.48084,  0.24457,  0.26074, -0.48792,  0.00000,  18167.50733
delay:
0.0
0.0
0.0
0.0
0.0
4, -0.46949,  0.23780,  0.26570, -0.47641,  0.00000,  17685.01344
delay:
0.0
0.0
0.0
0.0
0.0
5, -0.45872,  0.24051,  0.26702, -0.46550,  0.00000,  17342.20947
delay:
0.0
0.0
0.0
0.0
0.0
6, -0.44832,  0.24280,  0.26551, -0.45505,  0.00000,  17083.79404
delay:
0.0
0.0
0.0
0.0
0.0
7, -0.43812,  0.24776,  0.26221, -0.44494,  0.00000,  16885.11635
delay:
0.0
0.0
0.0
0.0
0.0
8, -0.42799,  0.25327,  0.25778, -0.43486,  0.00000,  16713.15715
delay:
0.0
0.0
0.0
0.0
0.0
9, -0.41786,  0.25996,  0.25264, -0.42492,  0.00000,  16566.34151
delay:
0.0
0.0
0.0
0.0
0.0
10, -0.40768,  0.26929,  0.24690, -0.41493,  0.00000,  16434.66319
delay:
0.0
0.0
0.0
0.0
0.0
11, -0.40255,  0.27484,  0.24397, -0.40709,  0.00000,  16338.26384
delay:
0.0
0.0
0.0
0.0
0.0
12, -0.39740,  0.27953,  0.24087, -0.40207,  0.00000,  16280.56204
delay:
0.0
0.0
0.0
0.0
0.0
13, -0.39223,  0.28661,  0.23781, -0.39702,  0.00000,  16225.25754
delay:
0.0
0.0
0.0
0.0
0.0
14, -0.38701,  0.29276,  0.23467, -0.39188,  0.00000,  16169.77992
delay:
0.0
0.0
0.0
0.0
0.0
15, -0.38178,  0.29937,  0.23149, -0.38675,  0.00000,  16117.78468
delay:
0.0
0.0
0.0
0.0
0.0
16, -0.37654,  0.30858,  0.22821, -0.38158,  0.00000,  16067.76862
delay:
0.0
0.0
0.0
0.0
0.0
17, -0.37124,  0.31606,  0.22491, -0.37645,  0.00000,  16020.07920
delay:
0.0
0.0
0.0
0.0
0.0
18, -0.36589,  0.32528,  0.22156, -0.37117,  0.00000,  15974.18323
delay:
0.0
0.0
0.0
0.0
0.0
19, -0.36052,  0.33579,  0.21813, -0.36592,  0.00000,  15927.20851
delay:
0.0
0.0
0.0
0.0
0.0
20, -0.35508,  0.34406,  0.21468, -0.36059,  0.00000,  15884.69744
delay:
0.0
0.0
0.0
0.0
0.0
21, -0.34339,  0.37583,  0.21025, -0.35214,  126.08332,  15794.09166
delay:
0.426
2.818
1.871
0.342
0.011
22, -0.33241,  0.40567,  0.20416, -0.34114,  64.93630,  15692.79924
delay:
0.16
2.949
5.424
0.588
0.003
23, -0.32172,  0.42366,  0.19777, -0.33044,  32.17805,  15608.54133
delay:
0.063
2.57
8.641
1.173
0.001
24, -0.31092,  0.42969,  0.19173, -0.31995,  13.64251,  15536.11111
delay:
0.029
2.404
10.571
1.07
0.001
25, -0.29975,  0.42917,  0.18594, -0.30922,  10.36962,  15467.50205
delay:
0.016
2.27
11.692
0.724
0.001
26, -0.28821,  0.42654,  0.18048, -0.29809,  9.75212,  15403.76813
delay:
0.01
2.182
12.647
0.554
0.001
27, -0.27629,  0.42425,  0.17546, -0.28663,  8.56787,  15344.87711
delay:
0.007
2.124
13.563
0.417
0.001
28, -0.26379,  0.42138,  0.17125, -0.27465,  6.25202,  15289.63803
delay:
0.005
1.918
14.391
0.242
0.001
29, -0.25080,  0.41740,  0.16777, -0.26224,  5.15403,  15238.21044
delay:
0.004
1.778
15.061
0.158
0.0
30, -0.23718,  0.41480,  0.16541, -0.24929,  5.22124,  15193.68000
delay:
0.003
1.784
15.605
0.104
0.0
31, -0.23010,  0.41346,  0.16472, -0.23877,  4.12917,  15155.13988
delay:
0.003
1.666
15.816
0.078
0.0
32, -0.22291,  0.41157,  0.16436, -0.23178,  3.92679,  15133.98419
delay:
0.003
1.494
15.981
0.061
0.0
33, -0.21561,  0.41055,  0.16431, -0.22461,  4.04351,  15110.48733
delay:
0.002
1.388
16.125
0.049
0.0
34, -0.20815,  0.40902,  0.16456, -0.21750,  3.24896,  15090.71998
delay:
0.002
1.528
16.254
0.04
0.0
35, -0.20064,  0.40772,  0.16506, -0.21019,  3.85109,  15068.34294
delay:
0.002
1.468
16.381
0.033
0.0
36, -0.19298,  0.40630,  0.16578, -0.20268,  4.17664,  15046.34297
delay:
0.002
1.273
16.5
0.028
0.0
37, -0.18517,  0.40567,  0.16662, -0.19519,  2.90557,  15023.16599
delay:
0.002
1.233
16.611
0.023
0.0
38, -0.17730,  0.40476,  0.16758, -0.18753,  2.79139,  15000.75363
delay:
0.001
1.047
16.711
0.02
0.0
39, -0.16931,  0.40374,  0.16851, -0.17979,  3.08571,  14975.96611
delay:
0.001
0.898
16.801
0.018
0.0
40, -0.16119,  0.40327,  0.16933, -0.17184,  3.18528,  14947.15065
delay:
0.001
0.756
16.892
0.016
0.0
41, -0.17743,  0.41500,  0.16900, -0.16524,  4.97122,  14919.14797
delay:
0.001
0.756
16.892
0.016
0.0
42, -0.17215,  0.41362,  0.16919, -0.16010,  4.97122,  14895.18148
delay:
0.001
0.756
16.892
0.016
0.0
43, -0.16701,  0.41283,  0.16944, -0.15474,  4.97122,  14869.74847
delay:
0.001
0.756
16.892
0.016
0.0
44, -0.16204,  0.41232,  0.16969, -0.14968,  4.97122,  14850.45457
delay:
0.001
0.756
16.892
0.016
0.0
45, -0.15722,  0.41228,  0.16995, -0.14481,  4.97122,  14824.29494
delay:
0.001
0.756
16.892
0.016
0.0
46, -0.15251,  0.41220,  0.17021, -0.14005,  4.97122,  14800.30943
delay:
0.001
0.756
16.892
0.016
0.0
47, -0.14790,  0.41193,  0.17045, -0.13541,  4.97122,  14777.27212
delay:
0.001
0.756
16.892
0.016
0.0
48, -0.14336,  0.41209,  0.17067, -0.13089,  4.97122,  14753.24187
delay:
0.001
0.756
16.892
0.016
0.0
49, -0.13888,  0.41232,  0.17085, -0.12642,  4.97122,  14730.62377
delay:
0.001
0.756
16.892
0.016
0.0
50, -0.13288,  0.41508,  0.17116, -0.12327,  4.97122,  14714.09427
delay:
0.001
0.756
16.892
0.016
0.0
51, -0.13136,  0.41406,  0.17118, -0.11946,  4.97122,  14688.23824
delay:
0.001
0.756
16.892
0.016
0.0
52, -0.12949,  0.41346,  0.17124, -0.11709,  4.97122,  14675.12274
delay:
0.001
0.756
16.892
0.016
0.0
53, -0.12750,  0.41327,  0.17130, -0.11476,  4.97122,  14660.45091
delay:
0.001
0.756
16.892
0.016
0.0
54, -0.12546,  0.41315,  0.17136, -0.11257,  4.97122,  14646.25441
delay:
0.001
0.756
16.892
0.016
0.0
55, -0.12342,  0.41307,  0.17142, -0.11052,  4.97122,  14635.38341
delay:
0.001
0.756
16.892
0.016
0.0
56, -0.12137,  0.41319,  0.17146, -0.10847,  4.97122,  14624.46041
delay:
0.001
0.756
16.892
0.016
0.0
57, -0.11932,  0.41311,  0.17149, -0.10642,  4.97122,  14614.52845
delay:
0.001
0.756
16.892
0.016
0.0
58, -0.11728,  0.41319,  0.17152, -0.10428,  4.97122,  14601.80023
delay:
0.001
0.756
16.892
0.016
0.0
59, -0.11526,  0.41319,  0.17154, -0.10232,  4.97122,  14591.89875
delay:
0.001
0.756
16.892
0.016
0.0
60, -0.11324,  0.41343,  0.17157, -0.10032,  4.97122,  14578.90269
delay:
0.001
0.756
16.892
0.016
0.0
61, -0.08834,  0.41528,  0.17733, -0.09727,  4.41213,  14564.52283
delay:
0.001
0.864
16.937
0.015
0.0
62, -0.08387,  0.41965,  0.17671, -0.09282,  5.15767,  14542.31615
delay:
0.001
1.223
16.98
0.014
0.0
63, -0.07945,  0.42228,  0.17604, -0.08831,  3.71006,  14522.65716
delay:
0.001
1.72
17.025
0.013
0.0
64, -0.07510,  0.42512,  0.17541, -0.08401,  3.45763,  14503.61028
delay:
0.001
2.166
17.072
0.012
0.0
65, -0.07083,  0.42748,  0.17488, -0.07969,  1.77748,  14482.46134
delay:
0.001
2.242
17.112
0.012
0.0
66, -0.06659,  0.42894,  0.17435, -0.07549,  2.71455,  14463.87020
delay:
0.001
2.228
17.15
0.011
0.0
67, -0.06241,  0.43083,  0.17388, -0.07124,  1.94349,  14442.14796
delay:
0.001
2.143
17.191
0.011
0.0
68, -0.05824,  0.43283,  0.17336, -0.06705,  3.05916,  14422.15630
delay:
0.001
2.255
17.232
0.01
0.0
69, -0.05414,  0.43492,  0.17291, -0.06289,  2.37804,  14398.12317
delay:
0.001
2.265
17.272
0.01
0.0
70, -0.05006,  0.43693,  0.17247, -0.05882,  2.80278,  14378.94414
delay:
0.001
2.305
17.313
0.009
0.0
71, -0.04804,  0.43768,  0.17227, -0.05559,  3.13309,  14362.43543
delay:
0.001
2.353
17.338
0.009
0.0
72, -0.04603,  0.43921,  0.17207, -0.05358,  2.16760,  14350.49997
delay:
0.001
2.397
17.36
0.009
0.0
73, -0.04402,  0.44004,  0.17186, -0.05159,  2.39499,  14341.84541
delay:
0.001
2.428
17.382
0.009
0.0
74, -0.04203,  0.44114,  0.17168, -0.04961,  2.20504,  14332.39664
delay:
0.001
2.454
17.403
0.008
0.0
75, -0.04005,  0.44177,  0.17150, -0.04758,  3.34669,  14320.53930
delay:
0.001
2.507
17.426
0.008
0.0
76, -0.03810,  0.44280,  0.17134, -0.04567,  3.66925,  14308.89188
delay:
0.001
2.554
17.447
0.008
0.0
77, -0.03616,  0.44362,  0.17120, -0.04361,  2.15766,  14297.94413
delay:
0.001
2.513
17.466
0.008
0.0
78, -0.03422,  0.44409,  0.17105, -0.04175,  3.15333,  14286.74573
delay:
0.001
2.518
17.487
0.008
0.0
79, -0.03230,  0.44449,  0.17091, -0.03973,  3.01686,  14274.17457
delay:
0.001
2.52
17.51
0.008
0.0
80, -0.03039,  0.44504,  0.17078, -0.03781,  2.01732,  14266.14809
delay:
0.001
2.565
17.532
0.008
0.0
81, -0.04776,  0.41776,  0.16996, -0.03632,  2.83490,  14258.90609
delay:
0.001
2.565
17.532
0.008
0.0
82, -0.04668,  0.41803,  0.16997, -0.03527,  2.83490,  14252.44102
delay:
0.001
2.565
17.532
0.008
0.0
83, -0.04562,  0.41811,  0.16998, -0.03427,  2.83490,  14248.31219
delay:
0.001
2.565
17.532
0.008
0.0
84, -0.04457,  0.41823,  0.16999, -0.03324,  2.83490,  14240.52795
delay:
0.001
2.565
17.532
0.008
0.0
85, -0.04353,  0.41835,  0.17000, -0.03223,  2.83490,  14230.14442
delay:
0.001
2.565
17.532
0.008
0.0
86, -0.04249,  0.41866,  0.17001, -0.03125,  2.83490,  14228.53584
delay:
0.001
2.565
17.532
0.008
0.0
87, -0.04146,  0.41906,  0.17002, -0.03028,  2.83490,  14223.58599
delay:
0.001
2.565
17.532
0.008
0.0
88, -0.04043,  0.41909,  0.17003, -0.02934,  2.83490,  14216.42931
delay:
0.001
2.565
17.532
0.008
0.0
89, -0.03941,  0.41937,  0.17005, -0.02830,  2.83490,  14210.88994
delay:
0.001
2.565
17.532
0.008
0.0
90, -0.03839,  0.41945,  0.17006, -0.02732,  2.83490,  14206.08175
delay:
0.001
2.565
17.532
0.008
0.0
91, -0.03789,  0.41965,  0.17007, -0.02656,  2.83490,  14202.43946
delay:
0.001
2.565
17.532
0.008
0.0
92, -0.03738,  0.41980,  0.17007, -0.02611,  2.83490,  14196.98085
delay:
0.001
2.565
17.532
0.008
0.0
93, -0.03688,  0.41996,  0.17008, -0.02566,  2.83490,  14195.39274
delay:
0.001
2.565
17.532
0.008
0.0
94, -0.03638,  0.42012,  0.17009, -0.02517,  2.83490,  14190.52975
delay:
0.001
2.565
17.532
0.008
0.0
95, -0.03588,  0.42004,  0.17010, -0.02470,  2.83490,  14189.52190
delay:
0.001
2.565
17.532
0.008
0.0
96, -0.03539,  0.42016,  0.17010, -0.02423,  2.83490,  14187.74606
delay:
0.001
2.565
17.532
0.008
0.0
97, -0.03490,  0.42039,  0.17011, -0.02378,  2.83490,  14182.30191
delay:
0.001
2.565
17.532
0.008
0.0
98, -0.03440,  0.42035,  0.17012, -0.02329,  2.83490,  14181.64034
delay:
0.001
2.565
17.532
0.008
0.0
99, -0.03391,  0.42063,  0.17013, -0.02278,  2.83490,  14178.17132
delay:
0.001
2.565
17.532
0.008
0.0
100, -0.03198,  0.42327,  0.17027, -0.02344,  2.83490,  14168.59915
delay:
0.001
2.565
17.532
0.008
0.0
