Namespace(data='data/toy_one/5dim_2000seq_128ev/', epoch=100, batch_size=128, d_model=16, d_rnn=8, d_inner_hid=32, d_k=16, d_v=16, n_head=1, n_layers=1, dropout=0.1, lr=0.001, smooth=0.1, log='data/toy_one/5dim_2000seq_128ev/100_20_input5_hidden32_softplus_batch128_grad.txt', num_events=64, lr_delay=0.001, n_hidden=32, n_input=5, device=device(type='cpu'))
Epoch, Log-likelihood-Test, Accuracy, RMSE, Log-likelihood-Train, Gradient_Masker, Gradient_THP
1, -0.36403,  0.33909,  0.18545, -0.38126,  0.00000,  16190.10385
delay:
0.0
0.0
0.0
0.0
0.0
2, -0.28767,  0.39535,  0.21797, -0.33289,  0.00000,  15292.09254
delay:
0.0
0.0
0.0
0.0
0.0
3, -0.18380,  0.34154,  0.23945, -0.24440,  0.00000,  14572.18981
delay:
0.0
0.0
0.0
0.0
0.0
4, -0.05260,  0.33752,  0.21532, -0.13096,  0.00000,  14003.39215
delay:
0.0
0.0
0.0
0.0
0.0
5,  0.09565,  0.33752,  0.18657,  0.00900,  0.00000,  13248.62860
delay:
0.0
0.0
0.0
0.0
0.0
6,  0.24578,  0.33756,  0.18525,  0.15875,  0.00000,  12616.58783
delay:
0.0
0.0
0.0
0.0
0.0
7,  0.38986,  0.33768,  0.17147,  0.30797,  0.00000,  12072.91573
delay:
0.0
0.0
0.0
0.0
0.0
8,  0.51660,  0.45839,  0.16431,  0.44621,  0.00000,  11374.42692
delay:
0.0
0.0
0.0
0.0
0.0
9,  0.62342,  0.47240,  0.16100,  0.56492,  0.00000,  10480.56231
delay:
0.0
0.0
0.0
0.0
0.0
10,  0.71017,  0.49303,  0.15687,  0.66345,  0.00000,  9581.49644
delay:
0.0
0.0
0.0
0.0
0.0
11,  0.74570,  0.51142,  0.15722,  0.72644,  0.00000,  8957.85843
delay:
0.0
0.0
0.0
0.0
0.0
12,  0.77832,  0.51594,  0.15567,  0.76055,  0.00000,  8483.10255
delay:
0.0
0.0
0.0
0.0
0.0
13,  0.80845,  0.51783,  0.15446,  0.79227,  0.00000,  8012.03576
delay:
0.0
0.0
0.0
0.0
0.0
14,  0.83604,  0.51858,  0.15388,  0.82158,  0.00000,  7558.39035
delay:
0.0
0.0
0.0
0.0
0.0
15,  0.86061,  0.51882,  0.15389,  0.84799,  0.00000,  7111.64575
delay:
0.0
0.0
0.0
0.0
0.0
16,  0.88270,  0.51874,  0.15401,  0.87157,  0.00000,  6695.68069
delay:
0.0
0.0
0.0
0.0
0.0
17,  0.90251,  0.51858,  0.15448,  0.89272,  0.00000,  6301.58994
delay:
0.0
0.0
0.0
0.0
0.0
18,  0.92028,  0.51894,  0.15462,  0.91177,  0.00000,  5944.07237
delay:
0.0
0.0
0.0
0.0
0.0
19,  0.93611,  0.51906,  0.15474,  0.92880,  0.00000,  5584.66006
delay:
0.0
0.0
0.0
0.0
0.0
20,  0.95030,  0.51937,  0.15475,  0.94395,  0.00000,  5279.11895
delay:
0.0
0.0
0.0
0.0
0.0
21,  0.98613,  0.51906,  0.15456,  0.96886,  10.07381,  4725.75026
delay:
0.944
0.876
0.265
0.177
4.34
22,  1.01138,  0.51945,  0.15433,  0.99993,  2.41065,  3955.58110
delay:
0.689
0.65
0.253
0.123
4.443
23,  1.02999,  0.51941,  0.15491,  1.02184,  3.59676,  3374.21743
delay:
0.778
0.632
0.285
0.088
4.629
24,  1.04442,  0.51957,  0.15479,  1.03845,  5.19105,  2999.51488
delay:
1.28
0.779
0.461
0.059
4.813
25,  1.05599,  0.51976,  0.15320,  1.05158,  6.78793,  2635.59191
delay:
2.19
1.253
0.906
0.035
4.851
26,  1.06573,  0.52000,  0.15245,  1.06238,  14.14839,  2384.51514
delay:
3.587
2.003
1.621
0.019
5.241
27,  1.07417,  0.51996,  0.15280,  1.07123,  19.55895,  2137.17132
delay:
3.39
2.436
2.107
0.01
5.636
28,  1.08049,  0.51992,  0.15158,  1.07852,  27.19785,  2107.74437
delay:
4.008
2.366
2.548
0.006
6.523
29,  1.08690,  0.52016,  0.15234,  1.08493,  34.07213,  2108.20899
delay:
3.682
1.939
2.13
0.004
7.003
30,  1.09122,  0.52020,  0.15172,  1.09005,  30.10997,  1828.70513
delay:
4.406
2.657
2.077
0.003
7.83
31,  1.09364,  0.52035,  0.15133,  1.09369,  30.74867,  1604.08482
delay:
4.193
2.383
2.082
0.002
7.967
32,  1.09598,  0.52016,  0.15137,  1.09581,  32.14296,  1514.61980
delay:
4.453
2.42
2.276
0.002
8.188
33,  1.09825,  0.52047,  0.15142,  1.09802,  25.07403,  1503.65935
delay:
4.525
2.529
2.469
0.002
8.297
34,  1.10077,  0.52055,  0.15214,  1.10029,  40.07225,  1488.76716
delay:
4.395
2.647
2.392
0.002
8.556
35,  1.10293,  0.52020,  0.15286,  1.10235,  40.71624,  1413.08913
delay:
4.794
2.558
2.437
0.002
8.705
36,  1.10516,  0.52020,  0.15351,  1.10439,  47.35894,  1198.94716
delay:
4.984
2.894
2.584
0.001
8.884
37,  1.10709,  0.51996,  0.15393,  1.10619,  78.77692,  1214.85464
delay:
5.145
2.824
2.635
0.001
9.0
38,  1.10908,  0.52016,  0.15422,  1.10828,  42.50624,  1186.44839
delay:
5.109
3.065
2.819
0.001
9.205
39,  1.11098,  0.52043,  0.15432,  1.11016,  71.70898,  1278.12807
delay:
5.133
2.992
3.028
0.001
9.346
40,  1.11316,  0.52051,  0.15461,  1.11189,  68.80051,  1164.31427
delay:
5.249
3.025
3.312
0.001
9.516
41,  1.11380,  0.51969,  0.15555,  1.11321,  95.69248,  1148.67213
delay:
5.249
3.025
3.312
0.001
9.516
42,  1.11428,  0.51988,  0.15557,  1.11362,  95.69248,  1113.70854
delay:
5.249
3.025
3.312
0.001
9.516
43,  1.11479,  0.51988,  0.15588,  1.11420,  95.69248,  1115.17400
delay:
5.249
3.025
3.312
0.001
9.516
44,  1.11515,  0.51988,  0.15561,  1.11477,  95.69248,  1082.18110
delay:
5.249
3.025
3.312
0.001
9.516
45,  1.11560,  0.52024,  0.15560,  1.11504,  95.69248,  1119.50762
delay:
5.249
3.025
3.312
0.001
9.516
46,  1.11599,  0.52024,  0.15538,  1.11558,  95.69248,  1076.90692
delay:
5.249
3.025
3.312
0.001
9.516
47,  1.11645,  0.52028,  0.15548,  1.11553,  95.69248,  989.05954
delay:
5.249
3.025
3.312
0.001
9.516
48,  1.11682,  0.52008,  0.15520,  1.11608,  95.69248,  1075.88479
delay:
5.249
3.025
3.312
0.001
9.516
49,  1.11724,  0.52020,  0.15510,  1.11666,  95.69248,  1050.51446
delay:
5.249
3.025
3.312
0.001
9.516
50,  1.11800,  0.52083,  0.15561,  1.11693,  95.69248,  1164.94138
delay:
5.249
3.025
3.312
0.001
9.516
51,  1.11830,  0.52031,  0.15518,  1.11769,  95.69248,  1220.46503
delay:
5.249
3.025
3.312
0.001
9.516
52,  1.11857,  0.52028,  0.15504,  1.11799,  95.69248,  1105.87181
delay:
5.249
3.025
3.312
0.001
9.516
53,  1.11886,  0.52008,  0.15513,  1.11811,  95.69248,  1143.57664
delay:
5.249
3.025
3.312
0.001
9.516
54,  1.11909,  0.52016,  0.15505,  1.11863,  95.69248,  1006.05544
delay:
5.249
3.025
3.312
0.001
9.516
55,  1.11930,  0.52016,  0.15495,  1.11884,  95.69248,  1065.12470
delay:
5.249
3.025
3.312
0.001
9.516
56,  1.11954,  0.52000,  0.15498,  1.11885,  95.69248,  1007.65817
delay:
5.249
3.025
3.312
0.001
9.516
57,  1.11978,  0.52028,  0.15481,  1.11911,  95.69248,  1076.79023
delay:
5.249
3.025
3.312
0.001
9.516
58,  1.12001,  0.52004,  0.15476,  1.11951,  95.69248,  1095.74358
delay:
5.249
3.025
3.312
0.001
9.516
59,  1.12024,  0.52008,  0.15467,  1.11965,  95.69248,  1046.20975
delay:
5.249
3.025
3.312
0.001
9.516
60,  1.12048,  0.52016,  0.15457,  1.11985,  95.69248,  1066.74754
delay:
5.249
3.025
3.312
0.001
9.516
61,  1.12162,  0.52083,  0.15388,  1.12031,  38.41302,  1039.51176
delay:
5.167
3.081
3.283
0.001
9.591
62,  1.12307,  0.52020,  0.15390,  1.12157,  61.63786,  1023.60422
delay:
5.161
3.324
3.167
0.001
9.716
63,  1.12446,  0.52043,  0.15389,  1.12268,  59.58537,  1131.73182
delay:
5.182
3.274
2.967
0.001
9.77
64,  1.12569,  0.52091,  0.15324,  1.12390,  71.29545,  1064.56882
delay:
5.203
3.271
2.836
0.001
9.864
65,  1.12729,  0.52114,  0.15389,  1.12525,  75.18254,  1078.49322
delay:
5.189
3.422
2.626
0.001
9.937
66,  1.12855,  0.52098,  0.15347,  1.12650,  61.19916,  1173.07673
delay:
5.151
3.365
2.518
0.001
9.969
67,  1.12979,  0.52098,  0.15337,  1.12765,  61.16113,  1171.80267
delay:
5.077
3.343
2.412
0.001
10.0
68,  1.13137,  0.52071,  0.15382,  1.12895,  107.04941,  1154.10984
delay:
5.077
3.431
2.284
0.001
10.031
69,  1.13267,  0.52063,  0.15373,  1.13012,  64.06582,  1034.99174
delay:
5.141
3.363
2.111
0.001
10.062
70,  1.13420,  0.52059,  0.15418,  1.13136,  75.95204,  978.78056
delay:
5.204
3.372
1.922
0.001
10.078
71,  1.13485,  0.52043,  0.15389,  1.13253,  90.65122,  1062.71278
delay:
5.193
3.45
1.894
0.001
10.101
72,  1.13555,  0.52035,  0.15404,  1.13291,  77.75090,  1079.08659
delay:
5.192
3.399
1.903
0.001
10.102
73,  1.13627,  0.52039,  0.15410,  1.13399,  63.49891,  1029.64881
delay:
5.21
3.41
1.889
0.001
10.108
74,  1.13688,  0.52051,  0.15392,  1.13451,  72.93106,  1029.55664
delay:
5.24
3.39
1.848
0.001
10.108
75,  1.13766,  0.52083,  0.15413,  1.13519,  35.01495,  1007.73159
delay:
5.249
3.452
1.815
0.001
10.139
76,  1.13841,  0.52075,  0.15424,  1.13560,  86.97273,  975.85188
delay:
5.25
3.433
1.788
0.001
10.156
77,  1.13908,  0.52071,  0.15417,  1.13617,  85.46197,  1005.91827
delay:
5.257
3.352
1.788
0.001
10.162
78,  1.13981,  0.52047,  0.15418,  1.13702,  69.05915,  1092.33205
delay:
5.281
3.404
1.791
0.001
10.192
79,  1.14066,  0.52051,  0.15452,  1.13759,  119.41224,  1044.41665
delay:
5.291
3.453
1.785
0.001
10.211
80,  1.14127,  0.52067,  0.15422,  1.13839,  65.12995,  993.01638
delay:
5.304
3.403
1.75
0.001
10.204
81,  1.14143,  0.52035,  0.15448,  1.13889,  84.47828,  1004.78626
delay:
5.304
3.403
1.75
0.001
10.204
82,  1.14162,  0.52055,  0.15452,  1.13897,  84.47828,  1017.54704
delay:
5.304
3.403
1.75
0.001
10.204
83,  1.14180,  0.52031,  0.15447,  1.13928,  84.47828,  938.64835
delay:
5.304
3.403
1.75
0.001
10.204
84,  1.14197,  0.52051,  0.15452,  1.13937,  84.47828,  1021.84506
delay:
5.304
3.403
1.75
0.001
10.204
