Namespace(data='data/toy_one/5dim_2000seq_128ev/', epoch=100, batch_size=64, d_model=16, d_rnn=8, d_inner_hid=32, d_k=16, d_v=16, n_head=1, n_layers=1, dropout=0.1, lr=0.0001, smooth=0.1, log='data/toy_one/5dim_2000seq_128ev/100_20_input16_hidden64_softplus_batch64_lr0001_x1.txt', num_events=128, lr_delay=0.001, n_hidden=64, n_input=16, device=device(type='cpu'))
Epoch, Log-likelihood-Test, Accuracy, RMSE, Log-likelihood-Train, Gradient_Masker, Gradient_THP
1, -0.47711,  0.20067,  0.18840, -0.48870,  0.00000,  9566.33975
delay:
0.0
0.0
0.0
0.0
0.0
2, -0.45421,  0.20272,  0.18990, -0.46681,  0.00000,  9402.64872
delay:
0.0
0.0
0.0
0.0
0.0
3, -0.42950,  0.21850,  0.19514, -0.44333,  0.00000,  9246.56947
delay:
0.0
0.0
0.0
0.0
0.0
4, -0.40242,  0.29217,  0.20546, -0.41775,  0.00000,  9096.17853
delay:
0.0
0.0
0.0
0.0
0.0
5, -0.37282,  0.37354,  0.22345, -0.38987,  0.00000,  8943.54151
delay:
0.0
0.0
0.0
0.0
0.0
6, -0.34104,  0.41567,  0.24984, -0.35955,  0.00000,  8785.64486
delay:
0.0
0.0
0.0
0.0
0.0
7, -0.30801,  0.43409,  0.28206, -0.32748,  0.00000,  8622.97091
delay:
0.0
0.0
0.0
0.0
0.0
8, -0.27457,  0.43614,  0.31627, -0.29465,  0.00000,  8461.96290
delay:
0.0
0.0
0.0
0.0
0.0
9, -0.24110,  0.43701,  0.34827, -0.26159,  0.00000,  8311.79256
delay:
0.0
0.0
0.0
0.0
0.0
10, -0.20747,  0.43756,  0.37675, -0.22836,  0.00000,  8176.36382
delay:
0.0
0.0
0.0
0.0
0.0
11, -0.19068,  0.43878,  0.38928, -0.20305,  0.00000,  8084.89770
delay:
0.0
0.0
0.0
0.0
0.0
12, -0.17407,  0.44059,  0.40067, -0.18648,  0.00000,  8031.03606
delay:
0.0
0.0
0.0
0.0
0.0
13, -0.15758,  0.44335,  0.41095, -0.17010,  0.00000,  7979.49558
delay:
0.0
0.0
0.0
0.0
0.0
14, -0.14118,  0.44677,  0.42000, -0.15379,  0.00000,  7932.05166
delay:
0.0
0.0
0.0
0.0
0.0
15, -0.12480,  0.45110,  0.42818, -0.13750,  0.00000,  7884.48411
delay:
0.0
0.0
0.0
0.0
0.0
16, -0.10850,  0.45484,  0.43497, -0.12131,  0.00000,  7839.53729
delay:
0.0
0.0
0.0
0.0
0.0
17, -0.09225,  0.45890,  0.44028, -0.10516,  0.00000,  7797.44997
delay:
0.0
0.0
0.0
0.0
0.0
18, -0.07609,  0.46272,  0.44456, -0.08901,  0.00000,  7755.10705
delay:
0.0
0.0
0.0
0.0
0.0
19, -0.06006,  0.46567,  0.44723, -0.07303,  0.00000,  7713.27339
delay:
0.0
0.0
0.0
0.0
0.0
20, -0.04413,  0.46783,  0.44869, -0.05715,  0.00000,  7671.26201
delay:
0.0
0.0
0.0
0.0
0.0
21, -0.01742,  0.46846,  0.45585, -0.03695,  19.93864,  7619.37784
delay:
0.882
1.06
0.797
0.884
0.385
22,  0.01011,  0.47295,  0.45770, -0.00877,  10.69074,  7528.00185
delay:
1.36
1.682
0.575
1.411
0.184
23,  0.03662,  0.47484,  0.45443,  0.01815,  7.32811,  7446.24525
delay:
2.017
2.637
0.314
2.518
0.082
24,  0.06251,  0.47673,  0.44800,  0.04436,  3.75385,  7370.71037
delay:
1.992
3.532
0.167
3.726
0.044
25,  0.08787,  0.47862,  0.43939,  0.06994,  3.08772,  7294.08454
delay:
1.991
4.248
0.094
4.908
0.028
26,  0.11252,  0.48051,  0.42776,  0.09517,  3.47193,  7223.83676
delay:
2.134
5.001
0.056
6.529
0.017
27,  0.13607,  0.48327,  0.41345,  0.11939,  2.79973,  7160.76445
delay:
2.217
5.947
0.035
8.192
0.011
28,  0.16054,  0.48445,  0.39979,  0.14347,  3.31230,  7097.78392
delay:
2.334
7.35
0.022
10.135
0.007
29,  0.18553,  0.48618,  0.38502,  0.16884,  4.72068,  7019.64671
delay:
2.704
9.118
0.012
13.301
0.004
30,  0.21096,  0.48724,  0.37012,  0.19416,  2.93958,  6943.32141
delay:
2.915
10.457
0.007
15.975
0.002
31,  0.22359,  0.48783,  0.36238,  0.21354,  1.97072,  6886.60971
delay:
2.891
11.082
0.006
16.819
0.002
32,  0.23633,  0.48862,  0.35416,  0.22625,  1.82844,  6852.30620
delay:
2.917
11.773
0.006
17.37
0.002
33,  0.24880,  0.48976,  0.34594,  0.23893,  1.43916,  6813.00668
delay:
2.998
12.463
0.005
17.777
0.002
34,  0.26130,  0.49075,  0.33768,  0.25148,  1.31218,  6775.10457
delay:
3.009
13.124
0.005
18.129
0.002
35,  0.27386,  0.49102,  0.32952,  0.26412,  1.73335,  6740.79600
delay:
2.97
13.753
0.004
18.505
0.001
36,  0.28645,  0.49165,  0.32135,  0.27675,  1.29761,  6702.80945
delay:
3.077
14.237
0.004
18.745
0.001
37,  0.29886,  0.49220,  0.31290,  0.28949,  1.13622,  6663.81175
delay:
3.059
14.602
0.004
18.895
0.001
38,  0.31105,  0.49307,  0.30450,  0.30169,  1.42218,  6627.66617
delay:
3.147
14.882
0.004
19.006
0.001
39,  0.32361,  0.49378,  0.29638,  0.31406,  1.09382,  6592.98383
delay:
3.029
15.121
0.004
19.083
0.001
40,  0.33584,  0.49437,  0.28841,  0.32690,  1.18147,  6552.25804
delay:
3.107
15.342
0.003
19.219
0.001
41,  0.34002,  0.49484,  0.28188,  0.33655,  1.07981,  6520.08134
delay:
3.107
15.342
0.003
19.219
0.001
42,  0.34776,  0.49496,  0.27685,  0.34407,  1.07981,  6493.54603
delay:
3.107
15.342
0.003
19.219
0.001
43,  0.35529,  0.49500,  0.27206,  0.35192,  1.07981,  6465.24706
delay:
3.107
15.342
0.003
19.219
0.001
44,  0.36225,  0.49528,  0.26721,  0.35898,  1.07981,  6440.58093
delay:
3.107
15.342
0.003
19.219
0.001
45,  0.36929,  0.49516,  0.26267,  0.36608,  1.07981,  6417.53759
delay:
3.107
15.342
0.003
19.219
0.001
46,  0.37620,  0.49528,  0.25830,  0.37302,  1.07981,  6393.11594
delay:
3.107
15.342
0.003
19.219
0.001
47,  0.38296,  0.49551,  0.25399,  0.37979,  1.07981,  6369.37718
delay:
3.107
15.342
0.003
19.219
0.001
48,  0.38968,  0.49591,  0.24997,  0.38662,  1.07981,  6346.86163
delay:
3.107
15.342
0.003
19.219
0.001
49,  0.39626,  0.49598,  0.24606,  0.39320,  1.07981,  6322.10594
delay:
3.107
15.342
0.003
19.219
0.001
50,  0.40352,  0.49583,  0.24234,  0.39995,  1.07981,  6295.68936
delay:
3.107
15.342
0.003
19.219
0.001
51,  0.40644,  0.49630,  0.24051,  0.40481,  1.07981,  6281.27480
delay:
3.107
15.342
0.003
19.219
0.001
52,  0.40951,  0.49606,  0.23874,  0.40807,  1.07981,  6266.82120
delay:
3.107
15.342
0.003
19.219
0.001
53,  0.41255,  0.49646,  0.23702,  0.41115,  1.07981,  6257.31283
delay:
3.107
15.342
0.003
19.219
0.001
54,  0.41567,  0.49642,  0.23533,  0.41426,  1.07981,  6243.46293
delay:
3.107
15.342
0.003
19.219
0.001
55,  0.41870,  0.49665,  0.23369,  0.41741,  1.07981,  6235.40858
delay:
3.107
15.342
0.003
19.219
0.001
56,  0.42175,  0.49701,  0.23212,  0.42054,  1.07981,  6222.44089
delay:
3.107
15.342
0.003
19.219
0.001
57,  0.42482,  0.49713,  0.23053,  0.42356,  1.07981,  6209.53655
delay:
3.107
15.342
0.003
19.219
0.001
58,  0.42789,  0.49717,  0.22897,  0.42666,  1.07981,  6199.62494
delay:
3.107
15.342
0.003
19.219
0.001
59,  0.43093,  0.49713,  0.22749,  0.42967,  1.07981,  6187.78282
delay:
3.107
15.342
0.003
19.219
0.001
60,  0.43392,  0.49720,  0.22603,  0.43274,  1.07981,  6176.66734
delay:
3.107
15.342
0.003
19.219
0.001
61,  0.44261,  0.49791,  0.22325,  0.43719,  0.92477,  6159.46131
delay:
3.086
15.388
0.003
19.235
0.001
62,  0.44860,  0.49839,  0.22115,  0.44311,  1.13045,  6140.84661
delay:
3.093
15.408
0.003
19.249
0.001
63,  0.45438,  0.49858,  0.21933,  0.44902,  1.24658,  6119.86190
delay:
3.054
15.42
0.003
19.25
0.001
64,  0.46021,  0.49921,  0.21748,  0.45481,  1.18858,  6099.18111
delay:
3.113
15.451
0.003
19.263
0.001
65,  0.46603,  0.49941,  0.21561,  0.46070,  1.00097,  6078.61663
delay:
3.164
15.473
0.003
19.276
0.001
66,  0.47172,  0.50028,  0.21373,  0.46650,  1.30082,  6059.54348
delay:
3.182
15.504
0.003
19.292
0.001
67,  0.47732,  0.50110,  0.21205,  0.47216,  1.18262,  6035.61511
delay:
3.145
15.512
0.003
19.287
0.001
68,  0.48303,  0.50154,  0.21044,  0.47783,  1.21682,  6013.22533
delay:
3.151
15.522
0.003
19.28
0.001
69,  0.48862,  0.50185,  0.20884,  0.48346,  1.01653,  5991.91312
delay:
3.251
15.558
0.003
19.306
0.001
70,  0.49417,  0.50228,  0.20742,  0.48921,  1.37955,  5974.69616
delay:
3.309
15.573
0.003
19.31
0.001
71,  0.49685,  0.50248,  0.20678,  0.49331,  1.49649,  5951.64894
delay:
3.245
15.582
0.003
19.318
0.001
72,  0.49957,  0.50280,  0.20614,  0.49614,  1.04411,  5939.21732
delay:
3.238
15.584
0.003
19.316
0.001
73,  0.50234,  0.50280,  0.20550,  0.49875,  1.12749,  5929.29813
delay:
3.268
15.599
0.003
19.326
0.001
74,  0.50511,  0.50303,  0.20481,  0.50158,  1.15532,  5919.22293
delay:
3.252
15.604
0.003
19.323
0.001
75,  0.50792,  0.50319,  0.20409,  0.50436,  1.31544,  5908.42863
delay:
3.264
15.612
0.003
19.328
0.001
76,  0.51052,  0.50339,  0.20361,  0.50715,  1.44723,  5899.71866
delay:
3.271
15.619
0.003
19.33
0.001
77,  0.51332,  0.50374,  0.20292,  0.50983,  1.29344,  5879.70970
delay:
3.29
15.623
0.003
19.33
0.001
78,  0.51604,  0.50386,  0.20233,  0.51259,  1.28257,  5870.55520
delay:
3.314
15.629
0.003
19.329
0.001
79,  0.51886,  0.50378,  0.20163,  0.51530,  1.66124,  5859.96452
delay:
3.352
15.634
0.003
19.33
0.001
80,  0.52154,  0.50413,  0.20111,  0.51820,  1.41559,  5848.15907
delay:
3.356
15.64
0.003
19.335
0.001
81,  0.51989,  0.50413,  0.20140,  0.52021,  1.45618,  5839.07530
delay:
3.356
15.64
0.003
19.335
0.001
82,  0.52123,  0.50441,  0.20121,  0.52161,  1.45618,  5833.69602
delay:
3.356
15.64
0.003
19.335
0.001
83,  0.52260,  0.50445,  0.20099,  0.52291,  1.45618,  5822.84624
delay:
3.356
15.64
0.003
19.335
0.001
84,  0.52394,  0.50461,  0.20081,  0.52438,  1.45618,  5819.57036
delay:
3.356
15.64
0.003
19.335
0.001
85,  0.52527,  0.50472,  0.20064,  0.52563,  1.45618,  5811.87694
delay:
3.356
15.64
0.003
19.335
0.001
86,  0.52666,  0.50484,  0.20037,  0.52703,  1.45618,  5807.21204
delay:
3.356
15.64
0.003
19.335
0.001
87,  0.52797,  0.50480,  0.20020,  0.52839,  1.45618,  5798.56177
delay:
3.356
15.64
0.003
19.335
0.001
88,  0.52934,  0.50504,  0.19997,  0.52975,  1.45618,  5794.76037
delay:
3.356
15.64
0.003
19.335
0.001
89,  0.53072,  0.50512,  0.19973,  0.53109,  1.45618,  5792.18781
delay:
3.356
15.64
0.003
19.335
0.001
90,  0.53206,  0.50520,  0.19954,  0.53243,  1.45618,  5783.78815
delay:
3.356
15.64
0.003
19.335
0.001
91,  0.53272,  0.50531,  0.19946,  0.53341,  1.45618,  5778.25752
delay:
3.356
15.64
0.003
19.335
0.001
92,  0.53338,  0.50543,  0.19938,  0.53417,  1.45618,  5772.77596
delay:
3.356
15.64
0.003
19.335
0.001
93,  0.53404,  0.50551,  0.19931,  0.53485,  1.45618,  5775.89807
delay:
3.356
15.64
0.003
19.335
0.001
94,  0.53471,  0.50551,  0.19920,  0.53552,  1.45618,  5768.37264
delay:
3.356
15.64
0.003
19.335
0.001
95,  0.53537,  0.50559,  0.19911,  0.53607,  1.45618,  5767.81925
delay:
3.356
15.64
0.003
19.335
0.001
96,  0.53604,  0.50571,  0.19901,  0.53681,  1.45618,  5762.07366
delay:
3.356
15.64
0.003
19.335
0.001
97,  0.53672,  0.50575,  0.19889,  0.53747,  1.45618,  5756.04345
delay:
3.356
15.64
0.003
19.335
0.001
98,  0.53739,  0.50579,  0.19877,  0.53817,  1.45618,  5756.22001
delay:
3.356
15.64
0.003
19.335
0.001
99,  0.53806,  0.50579,  0.19867,  0.53884,  1.45618,  5751.89338
delay:
3.356
15.64
0.003
19.335
0.001
100,  0.53930,  0.50567,  0.19882,  0.53935,  1.45618,  5746.92522
delay:
3.356
15.64
0.003
19.335
0.001
