Namespace(batch_size=32, d_inner_hid=32, d_k=16, d_model=16, d_rnn=8, d_v=16, data='data/toy_one/5dim_2000seq_20T/', device=device(type='cpu'), dropout=0.1, epoch=100, log='data/toy_one/5dim_2000seq_20T/100_20_input16_hidden64_softplus_batch32_lr0001_x1_grad_seed256.txt', lr=0.0001, lr_delay=0.001, n_head=1, n_hidden=64, n_input=16, n_layers=1, num_events=64, smooth=0.1)
Epoch, Log-likelihood-Test, Accuracy, RMSE, Log-likelihood-Train, Gradient_Masker, Gradient_THP
1, -0.49491,  0.18219,  1.81809, -0.51641,  0.00000,  4409.03625
delay:
0.0
0.0
0.0
0.0
0.0
2, -0.44769,  0.19898,  1.81717, -0.47115,  0.00000,  3960.55277
delay:
0.0
0.0
0.0
0.0
0.0
3, -0.39303,  0.23681,  1.81590, -0.42148,  0.00000,  3721.30335
delay:
0.0
0.0
0.0
0.0
0.0
4, -0.33752,  0.25104,  1.81512, -0.36711,  0.00000,  3515.17480
delay:
0.0
0.0
0.0
0.0
0.0
5, -0.28120,  0.25147,  1.81502, -0.31262,  0.00000,  3352.34672
delay:
0.0
0.0
0.0
0.0
0.0
6, -0.21590,  0.24806,  1.81502, -0.25345,  0.00000,  3229.56773
delay:
0.0
0.0
0.0
0.0
0.0
7, -0.13584,  0.24729,  1.81452, -0.18165,  0.00000,  3131.32060
delay:
0.0
0.0
0.0
0.0
0.0
8, -0.04773,  0.24764,  1.81278, -0.09681,  0.00000,  3044.37131
delay:
0.0
0.0
0.0
0.0
0.0
9,  0.04194,  0.24781,  1.81138, -0.00684,  0.00000,  2964.30816
delay:
0.0
0.0
0.0
0.0
0.0
10,  0.13201,  0.24891,  1.81058,  0.08409,  0.00000,  2895.64809
delay:
0.0
0.0
0.0
0.0
0.0
11,  0.17598,  0.24934,  1.81031,  0.15298,  0.00000,  2840.78208
delay:
0.0
0.0
0.0
0.0
0.0
12,  0.21772,  0.24942,  1.81010,  0.19634,  0.00000,  2799.03538
delay:
0.0
0.0
0.0
0.0
0.0
13,  0.25739,  0.24857,  1.80994,  0.23756,  0.00000,  2752.07505
delay:
0.0
0.0
0.0
0.0
0.0
14,  0.29483,  0.24755,  1.80982,  0.27662,  0.00000,  2697.78216
delay:
0.0
0.0
0.0
0.0
0.0
15,  0.33016,  0.24491,  1.80973,  0.31344,  0.00000,  2637.37643
delay:
0.0
0.0
0.0
0.0
0.0
16,  0.36347,  0.24457,  1.80967,  0.34829,  0.00000,  2575.80881
delay:
0.0
0.0
0.0
0.0
0.0
17,  0.39469,  0.24491,  1.80962,  0.38108,  0.00000,  2507.84808
delay:
0.0
0.0
0.0
0.0
0.0
18,  0.42392,  0.24448,  1.80958,  0.41179,  0.00000,  2440.33063
delay:
0.0
0.0
0.0
0.0
0.0
19,  0.45116,  0.24491,  1.80956,  0.44060,  0.00000,  2370.31819
delay:
0.0
0.0
0.0
0.0
0.0
20,  0.47659,  0.24516,  1.80954,  0.46749,  0.00000,  2298.61107
delay:
0.0
0.0
0.0
0.0
0.0
