Namespace(data='data/toy_one/3dim_5000seq_50ev/', epoch=100, batch_size=64, d_model=16, d_rnn=8, d_inner_hid=32, d_k=16, d_v=16, n_head=1, n_layers=1, dropout=0.1, lr=0.0001, smooth=0.1, log='data/toy_one/3dim_5000seq_50ev/100_10_20_input3_hidden32_softplus_batch128_grad.txt', num_events=50, lr_delay=0.0001, n_hidden=32, n_input=3, device=device(type='cpu'))
Epoch, Log-likelihood-Test, Accuracy, RMSE, Log-likelihood-Train, Gradient_Masker, Gradient_THP
1, -0.64349,  0.30648,  0.75934, -0.65883,  0.00000,  2551.89920
delay:
0.0
0.0
0.0
2, -0.61414,  0.42337,  0.75675, -0.63329,  0.00000,  2387.93919
delay:
0.0
0.0
0.0
3, -0.57711,  0.49270,  0.74838, -0.60085,  0.00000,  2242.51910
delay:
0.0
0.0
0.0
4, -0.53363,  0.49515,  0.74384, -0.56158,  0.00000,  2096.55629
delay:
0.0
0.0
0.0
5, -0.48607,  0.49582,  0.73954, -0.51703,  0.00000,  1949.94329
delay:
0.0
0.0
0.0
6, -0.43902,  0.49214,  0.72498, -0.47026,  0.00000,  1791.60199
delay:
0.0
0.0
0.0
7, -0.39648,  0.49714,  0.69590, -0.42618,  0.00000,  1617.94613
delay:
0.0
0.0
0.0
8, -0.36111,  0.50372,  0.65766, -0.38709,  0.00000,  1434.13823
delay:
0.0
0.0
0.0
9, -0.33368,  0.50653,  0.61777, -0.35541,  0.00000,  1248.60798
delay:
0.0
0.0
0.0
10, -0.31289,  0.51413,  0.58508, -0.33123,  0.00000,  1073.21900
delay:
0.0
0.0
0.0
11, -0.29622,  0.51730,  0.55509, -0.31247,  129.52174,  911.95040
delay:
0.132
2.276
0.393
12, -0.28373,  0.52929,  0.53792, -0.29701,  61.09020,  769.90571
delay:
0.097
2.466
0.229
13, -0.27438,  0.53403,  0.53279, -0.28600,  29.78348,  669.32382
delay:
0.081
2.529
0.164
14, -0.26720,  0.53474,  0.53281, -0.27766,  17.43094,  585.73775
delay:
0.07
2.518
0.13
15, -0.26146,  0.53571,  0.53373, -0.27104,  12.09263,  519.90836
delay:
0.062
2.516
0.109
16, -0.25693,  0.53536,  0.53342, -0.26576,  8.61919,  441.22693
delay:
0.056
2.52
0.095
17, -0.25334,  0.53663,  0.53213, -0.26157,  6.45620,  392.88741
delay:
0.052
2.484
0.085
18, -0.25060,  0.53607,  0.53034, -0.25848,  5.30806,  355.30358
delay:
0.048
2.421
0.079
19, -0.24850,  0.53617,  0.52806, -0.25601,  4.71129,  309.56179
delay:
0.045
2.37
0.074
20, -0.24671,  0.53658,  0.52578, -0.25396,  3.79332,  298.29691
delay:
0.042
2.354
0.071
21, -0.24591,  0.53719,  0.52485, -0.25278,  4.13431,  274.97339
delay:
0.041
2.327
0.07
22, -0.24520,  0.53724,  0.52364, -0.25201,  4.08322,  277.40042
delay:
0.04
2.304
0.07
23, -0.24453,  0.53684,  0.52245, -0.25127,  4.15857,  262.58368
delay:
0.039
2.295
0.07
24, -0.24386,  0.53638,  0.52134, -0.25064,  4.29922,  249.80972
delay:
0.037
2.282
0.071
25, -0.24323,  0.53577,  0.52031, -0.25001,  4.94709,  240.59075
delay:
0.036
2.271
0.074
26, -0.24257,  0.53668,  0.51926, -0.24937,  5.56080,  242.30689
delay:
0.035
2.281
0.076
27, -0.24197,  0.53612,  0.51821, -0.24880,  6.37988,  246.92753
delay:
0.034
2.264
0.081
28, -0.24128,  0.53587,  0.51728, -0.24812,  7.13435,  242.00786
delay:
0.033
2.256
0.089
29, -0.24057,  0.53561,  0.51637, -0.24753,  8.11112,  248.85774
delay:
0.031
2.255
0.099
30, -0.23989,  0.53689,  0.51557, -0.24690,  10.90846,  253.42475
delay:
0.03
2.218
0.116
31, -0.23983,  0.53541,  0.51396, -0.24622,  1.99078,  225.88279
delay:
0.03
2.218
0.116
32, -0.23940,  0.53500,  0.51364, -0.24575,  1.99078,  235.66686
delay:
0.03
2.218
0.116
33, -0.23893,  0.53566,  0.51332, -0.24537,  1.99078,  237.76409
delay:
0.03
2.218
0.116
34, -0.23853,  0.53592,  0.51294, -0.24486,  1.99078,  226.58538
delay:
0.03
2.218
0.116
35, -0.23807,  0.53643,  0.51259, -0.24443,  1.99078,  236.41289
delay:
0.03
2.218
0.116
36, -0.23762,  0.53638,  0.51225, -0.24394,  1.99078,  237.65922
delay:
0.03
2.218
0.116
37, -0.23720,  0.53587,  0.51194, -0.24360,  1.99078,  235.77337
delay:
0.03
2.218
0.116
38, -0.23677,  0.53510,  0.51163, -0.24309,  1.99078,  245.63964
delay:
0.03
2.218
0.116
39, -0.23627,  0.53490,  0.51133, -0.24256,  1.99078,  238.30219
delay:
0.03
2.218
0.116
40, -0.23585,  0.53520,  0.51112, -0.24211,  1.99078,  227.72590
delay:
0.03
2.218
0.116
41, -0.23469,  0.53505,  0.51144, -0.24158,  20.40773,  235.75483
delay:
0.03
2.203
0.138
42, -0.23420,  0.53515,  0.51121, -0.24118,  22.41087,  234.56309
delay:
0.029
2.189
0.169
43, -0.23377,  0.53541,  0.51103, -0.24073,  24.90356,  225.94034
delay:
0.028
2.169
0.211
44, -0.23325,  0.53531,  0.51086, -0.24031,  23.70152,  233.35715
delay:
0.027
2.194
0.255
45, -0.23284,  0.53546,  0.51070, -0.23993,  19.44496,  235.10352
delay:
0.025
2.208
0.289
46, -0.23244,  0.53546,  0.51057, -0.23942,  14.35508,  237.12146
delay:
0.024
2.195
0.307
47, -0.23208,  0.53638,  0.51040, -0.23906,  20.52349,  226.46450
delay:
0.023
2.201
0.312
48, -0.23169,  0.53658,  0.51026, -0.23867,  16.96493,  236.48629
delay:
0.021
2.206
0.32
49, -0.23136,  0.53577,  0.51012, -0.23834,  17.07954,  229.90386
delay:
0.02
2.208
0.325
50, -0.23133,  0.53526,  0.50979, -0.23843,  2.40591,  247.21619
delay:
0.02
2.182
0.329
51, -0.23108,  0.53561,  0.50972, -0.23802,  3.87385,  233.11798
delay:
0.02
2.171
0.334
52, -0.23082,  0.53546,  0.50964, -0.23788,  5.79752,  221.36832
delay:
0.02
2.156
0.342
53, -0.23059,  0.53556,  0.50956, -0.23756,  8.24307,  225.52859
delay:
0.02
2.133
0.354
54, -0.23033,  0.53566,  0.50947, -0.23740,  10.69681,  225.63061
delay:
0.019
2.111
0.371
55, -0.23012,  0.53546,  0.50940, -0.23721,  14.83249,  229.39462
delay:
0.019
2.08
0.396
56, -0.22994,  0.53541,  0.50933, -0.23699,  16.61186,  227.26640
delay:
0.019
2.053
0.426
57, -0.22970,  0.53520,  0.50927, -0.23664,  19.43713,  224.71640
delay:
0.019
2.024
0.46
58, -0.22946,  0.53531,  0.50921, -0.23644,  22.00690,  232.46221
delay:
0.019
2.0
0.492
59, -0.22923,  0.53531,  0.50917, -0.23631,  18.20324,  234.46704
delay:
0.019
1.973
0.516
60, -0.22908,  0.53520,  0.50912, -0.23609,  15.50147,  235.88557
delay:
0.018
1.952
0.527
61, -0.23014,  0.53449,  0.50915, -0.23588,  88.80221,  229.36442
delay:
0.018
1.952
0.527
62, -0.22993,  0.53480,  0.50914, -0.23552,  88.80221,  240.87564
delay:
0.018
1.952
0.527
63, -0.22972,  0.53469,  0.50910, -0.23522,  88.80221,  232.19602
delay:
0.018
1.952
0.527
64, -0.22950,  0.53515,  0.50906, -0.23510,  88.80221,  228.12886
delay:
0.018
1.952
0.527
65, -0.22928,  0.53500,  0.50903, -0.23484,  88.80221,  227.94894
delay:
0.018
1.952
0.527
66, -0.22911,  0.53531,  0.50901, -0.23473,  88.80221,  228.38679
delay:
0.018
1.952
0.527
67, -0.22889,  0.53541,  0.50896, -0.23439,  88.80221,  229.41188
delay:
0.018
1.952
0.527
68, -0.22867,  0.53536,  0.50895, -0.23415,  88.80221,  221.72479
delay:
0.018
1.952
0.527
69, -0.22847,  0.53546,  0.50893, -0.23389,  88.80221,  232.68609
delay:
0.018
1.952
0.527
70, -0.22831,  0.53510,  0.50889, -0.23365,  88.80221,  230.39425
delay:
0.018
1.952
0.527
71, -0.22657,  0.53526,  0.50873, -0.23352,  29.30834,  226.60923
delay:
0.018
1.951
0.499
72, -0.22650,  0.53495,  0.50871, -0.23348,  26.11025,  232.13140
delay:
0.017
1.944
0.47
73, -0.22643,  0.53505,  0.50869, -0.23332,  24.63580,  221.49086
delay:
0.017
1.941
0.445
74, -0.22634,  0.53500,  0.50866, -0.23332,  22.45403,  227.71671
delay:
0.017
1.932
0.423
75, -0.22627,  0.53515,  0.50864, -0.23316,  19.97621,  220.58764
delay:
0.016
1.925
0.405
76, -0.22617,  0.53500,  0.50862, -0.23312,  17.99892,  240.42151
delay:
0.016
1.921
0.39
77, -0.22606,  0.53505,  0.50860, -0.23295,  17.36637,  225.88839
delay:
0.016
1.91
0.379
78, -0.22598,  0.53531,  0.50858, -0.23303,  16.10950,  230.24665
delay:
0.016
1.896
0.368
79, -0.22591,  0.53546,  0.50856, -0.23283,  14.88690,  225.99722
delay:
0.015
1.888
0.359
80, -0.22577,  0.53551,  0.50854, -0.23277,  17.01807,  222.27565
delay:
0.015
1.877
0.353
81, -0.22577,  0.53541,  0.50853, -0.23256,  11.52259,  228.78179
delay:
0.015
1.874
0.351
82, -0.22574,  0.53541,  0.50852, -0.23273,  15.31859,  228.41677
delay:
0.015
1.871
0.349
83, -0.22565,  0.53536,  0.50851, -0.23262,  16.98742,  228.82597
delay:
0.015
1.866
0.347
84, -0.22564,  0.53531,  0.50851, -0.23251,  16.01381,  221.25695
delay:
0.014
1.862
0.345
85, -0.22561,  0.53531,  0.50850, -0.23254,  18.82822,  224.87866
delay:
0.014
1.854
0.343
86, -0.22553,  0.53531,  0.50849, -0.23248,  14.77260,  232.90924
delay:
0.014
1.849
0.342
87, -0.22549,  0.53531,  0.50848, -0.23240,  15.49512,  233.57035
delay:
0.014
1.843
0.34
88, -0.22544,  0.53526,  0.50847, -0.23234,  14.68972,  217.73003
delay:
0.014
1.838
0.339
89, -0.22542,  0.53526,  0.50846, -0.23238,  16.15766,  219.85969
delay:
0.014
1.832
0.338
90, -0.22535,  0.53526,  0.50845, -0.23241,  14.78845,  226.90986
delay:
0.014
1.826
0.338
91, -0.22715,  0.53520,  0.50880, -0.23229,  19.37498,  234.93586
delay:
0.014
1.826
0.338
92, -0.22703,  0.53510,  0.50881, -0.23222,  19.37498,  220.06560
delay:
0.014
1.826
0.338
93, -0.22693,  0.53510,  0.50881, -0.23203,  19.37498,  222.66922
delay:
0.014
1.826
0.338
94, -0.22681,  0.53515,  0.50882, -0.23182,  19.37498,  222.82688
delay:
0.014
1.826
0.338
95, -0.22666,  0.53526,  0.50882, -0.23174,  19.37498,  221.11747
delay:
0.014
1.826
0.338
96, -0.22663,  0.53515,  0.50882, -0.23168,  19.37498,  220.71509
delay:
0.014
1.826
0.338
97, -0.22648,  0.53531,  0.50883, -0.23147,  19.37498,  225.03119
delay:
0.014
1.826
0.338
98, -0.22640,  0.53526,  0.50883, -0.23135,  19.37498,  236.58792
delay:
0.014
1.826
0.338
99, -0.22630,  0.53526,  0.50884, -0.23133,  19.37498,  223.44909
delay:
0.014
1.826
0.338
100, -0.22443,  0.53531,  0.50832, -0.23120,  19.37498,  299.44126
delay:
0.014
1.826
0.338
