Namespace(data='data/toy_one/3dim_5000seq_50ev/', epoch=100, batch_size=64, d_model=16, d_rnn=8, d_inner_hid=32, d_k=16, d_v=16, n_head=1, n_layers=1, dropout=0.1, lr=0.0001, smooth=0.1, log='data/toy_one/3dim_5000seq_50ev/100_10_90_input3_hidden32_softplus_batch128_grad.txt', num_events=50, lr_delay=0.0001, n_hidden=32, n_input=3, device=device(type='cpu'))
Epoch, Log-likelihood-Test, Accuracy, RMSE, Log-likelihood-Train, Gradient_Masker, Gradient_THP
1, -0.73807,  0.49403,  0.85345, -0.75857,  0.00000,  2869.28882
delay:
0.0
0.0
0.0
2, -0.70428,  0.49403,  0.74378, -0.72498,  0.00000,  2689.13429
delay:
0.0
0.0
0.0
3, -0.66759,  0.49403,  0.65031, -0.69059,  0.00000,  2551.56922
delay:
0.0
0.0
0.0
4, -0.62792,  0.49403,  0.60555, -0.65269,  0.00000,  2420.46615
delay:
0.0
0.0
0.0
5, -0.58705,  0.49398,  0.57791, -0.61289,  0.00000,  2291.21435
delay:
0.0
0.0
0.0
6, -0.54433,  0.49393,  0.54465, -0.57147,  0.00000,  2162.88920
delay:
0.0
0.0
0.0
7, -0.49463,  0.49434,  0.52436, -0.52628,  0.00000,  2034.31484
delay:
0.0
0.0
0.0
8, -0.44022,  0.49964,  0.53929, -0.47351,  0.00000,  1890.01561
delay:
0.0
0.0
0.0
9, -0.39460,  0.51571,  0.54158, -0.42327,  0.00000,  1718.61231
delay:
0.0
0.0
0.0
10, -0.35711,  0.52694,  0.53346, -0.38175,  0.00000,  1536.40880
delay:
0.0
0.0
0.0
11, -0.32863,  0.53138,  0.52897, -0.34895,  18.83375,  1352.30257
delay:
1.74
0.967
2.351
12, -0.30566,  0.53362,  0.52550, -0.32298,  10.50156,  1172.79669
delay:
2.024
0.748
2.504
13, -0.28789,  0.53189,  0.52466, -0.30246,  7.25798,  993.23471
delay:
2.329
0.593
2.66
14, -0.27452,  0.53245,  0.52416, -0.28698,  4.83651,  822.51174
delay:
2.632
0.489
2.819
15, -0.26509,  0.53306,  0.52305, -0.27570,  3.89014,  687.09797
delay:
2.998
0.412
2.949
16, -0.25839,  0.53378,  0.52128, -0.26768,  3.00833,  565.22865
delay:
3.505
0.357
3.08
17, -0.25335,  0.53398,  0.51940, -0.26189,  2.17876,  475.43517
delay:
3.857
0.317
3.183
18, -0.24957,  0.53418,  0.51799, -0.25757,  1.81601,  409.69926
delay:
4.119
0.287
3.319
19, -0.24649,  0.53536,  0.51690, -0.25412,  1.32459,  373.89543
delay:
4.332
0.268
3.428
20, -0.24403,  0.53633,  0.51616, -0.25134,  1.21382,  334.74226
delay:
4.479
0.254
3.527
21, -0.24296,  0.53633,  0.51571, -0.24958,  1.14638,  305.64591
delay:
4.548
0.246
3.59
22, -0.24201,  0.53628,  0.51542, -0.24852,  1.27788,  310.52322
delay:
4.604
0.241
3.65
23, -0.24109,  0.53638,  0.51512, -0.24767,  1.21318,  301.14148
delay:
4.655
0.237
3.692
24, -0.24029,  0.53638,  0.51469, -0.24675,  1.33779,  292.72749
delay:
4.697
0.235
3.731
25, -0.23951,  0.53633,  0.51427, -0.24606,  1.21765,  296.14019
delay:
4.742
0.236
3.772
26, -0.23875,  0.53638,  0.51404, -0.24531,  1.26419,  275.70032
delay:
4.782
0.237
3.836
27, -0.23804,  0.53628,  0.51387, -0.24459,  1.36605,  298.71369
delay:
4.797
0.24
3.871
28, -0.23738,  0.53607,  0.51377, -0.24387,  1.62823,  277.64647
delay:
4.831
0.25
3.943
29, -0.23674,  0.53628,  0.51343, -0.24320,  1.88891,  281.34765
delay:
4.861
0.26
3.985
30, -0.23612,  0.53541,  0.51330, -0.24267,  1.66146,  267.98745
delay:
4.895
0.278
4.044
31, -0.23577,  0.53571,  0.51326, -0.24216,  1.81660,  264.81631
delay:
4.902
0.288
4.089
32, -0.23540,  0.53566,  0.51328, -0.24176,  1.67379,  261.32081
delay:
4.919
0.297
4.122
33, -0.23504,  0.53546,  0.51325, -0.24144,  1.91638,  278.07025
delay:
4.946
0.31
4.166
34, -0.23478,  0.53541,  0.51317, -0.24114,  2.09405,  263.23248
delay:
4.96
0.321
4.205
35, -0.23441,  0.53536,  0.51313, -0.24077,  1.98447,  268.69159
delay:
4.971
0.336
4.244
36, -0.23403,  0.53520,  0.51318, -0.24049,  2.13446,  270.96576
delay:
4.992
0.351
4.273
37, -0.23369,  0.53505,  0.51313, -0.24018,  2.03577,  269.78912
delay:
5.009
0.37
4.311
38, -0.23338,  0.53505,  0.51309, -0.23976,  2.19201,  277.16226
delay:
5.012
0.387
4.327
39, -0.23306,  0.53541,  0.51302, -0.23949,  2.40986,  270.73417
delay:
5.032
0.41
4.368
40, -0.23265,  0.53505,  0.51308, -0.23903,  2.37277,  274.06823
delay:
5.046
0.434
4.395
41, -0.23250,  0.53510,  0.51302, -0.23880,  2.40915,  297.23748
delay:
5.058
0.445
4.415
42, -0.23232,  0.53500,  0.51298, -0.23867,  2.72755,  264.95722
delay:
5.065
0.459
4.43
43, -0.23212,  0.53505,  0.51300, -0.23852,  2.11852,  279.42601
delay:
5.07
0.47
4.44
44, -0.23193,  0.53505,  0.51300, -0.23830,  2.32970,  261.64856
delay:
5.078
0.481
4.454
45, -0.23175,  0.53510,  0.51298, -0.23811,  2.50380,  266.99744
delay:
5.091
0.492
4.467
46, -0.23159,  0.53510,  0.51297, -0.23794,  2.47604,  268.67409
delay:
5.103
0.505
4.487
47, -0.23140,  0.53536,  0.51293, -0.23777,  2.65768,  265.22844
delay:
5.116
0.515
4.5
48, -0.23122,  0.53485,  0.51293, -0.23764,  2.50179,  274.90013
delay:
5.132
0.53
4.517
49, -0.23099,  0.53500,  0.51295, -0.23745,  2.88186,  272.13144
delay:
5.145
0.541
4.537
50, -0.23062,  0.53515,  0.51270, -0.23709,  1.57482,  266.82260
delay:
5.159
0.555
4.553
51, -0.23048,  0.53490,  0.51276, -0.23688,  2.22904,  263.00276
delay:
5.169
0.565
4.567
52, -0.23042,  0.53474,  0.51281, -0.23676,  2.76238,  273.19350
delay:
5.177
0.579
4.584
53, -0.23031,  0.53480,  0.51284, -0.23683,  2.85335,  266.93103
delay:
5.183
0.594
4.601
54, -0.23023,  0.53495,  0.51288, -0.23658,  2.97203,  263.82865
delay:
5.19
0.61
4.619
55, -0.23014,  0.53500,  0.51290, -0.23654,  3.02917,  269.63469
delay:
5.198
0.625
4.635
56, -0.23006,  0.53500,  0.51291, -0.23650,  3.15447,  275.67007
delay:
5.206
0.641
4.652
57, -0.22996,  0.53490,  0.51294, -0.23635,  3.17866,  265.03903
delay:
5.21
0.655
4.668
58, -0.22989,  0.53485,  0.51293, -0.23625,  3.32414,  286.09341
delay:
5.219
0.669
4.684
59, -0.22977,  0.53505,  0.51294, -0.23622,  2.90503,  274.14750
delay:
5.224
0.68
4.699
60, -0.22972,  0.53490,  0.51295, -0.23614,  3.31838,  273.88665
delay:
5.231
0.692
4.713
61, -0.22965,  0.53490,  0.51297, -0.23604,  2.85661,  270.84941
delay:
5.234
0.696
4.718
62, -0.22960,  0.53495,  0.51297, -0.23609,  2.85039,  265.88346
delay:
5.238
0.7
4.726
63, -0.22957,  0.53500,  0.51297, -0.23604,  2.85113,  253.24452
delay:
5.243
0.703
4.733
64, -0.22952,  0.53490,  0.51297, -0.23585,  3.60383,  263.44522
delay:
5.247
0.707
4.739
65, -0.22948,  0.53490,  0.51298, -0.23590,  3.09590,  277.16008
delay:
5.252
0.707
4.744
66, -0.22944,  0.53485,  0.51297, -0.23583,  3.19918,  280.74415
delay:
5.257
0.708
4.749
67, -0.22940,  0.53480,  0.51297, -0.23578,  3.89605,  288.99995
delay:
5.261
0.709
4.754
68, -0.22933,  0.53485,  0.51297, -0.23571,  3.52516,  270.30313
delay:
5.267
0.71
4.76
69, -0.22933,  0.53485,  0.51298, -0.23578,  3.65627,  272.20353
delay:
5.272
0.71
4.765
70, -0.22929,  0.53490,  0.51297, -0.23576,  3.79633,  281.53977
delay:
5.278
0.712
4.771
71, -0.22925,  0.53485,  0.51297, -0.23578,  3.53555,  266.65270
delay:
5.28
0.712
4.774
72, -0.22924,  0.53490,  0.51297, -0.23561,  3.36285,  278.54007
delay:
5.283
0.712
4.776
73, -0.22920,  0.53495,  0.51297, -0.23568,  3.91824,  271.55380
delay:
5.285
0.712
4.778
74, -0.22918,  0.53490,  0.51297, -0.23563,  3.88133,  267.07501
delay:
5.288
0.713
4.781
75, -0.22917,  0.53490,  0.51297, -0.23562,  3.94989,  272.00823
delay:
5.29
0.714
4.784
76, -0.22917,  0.53490,  0.51296, -0.23549,  3.72227,  279.50146
delay:
5.294
0.714
4.787
77, -0.22912,  0.53490,  0.51296, -0.23545,  4.12666,  274.39782
delay:
5.296
0.713
4.79
78, -0.22912,  0.53490,  0.51296, -0.23549,  3.99308,  275.09521
delay:
5.299
0.714
4.793
79, -0.22907,  0.53490,  0.51295, -0.23548,  3.24033,  275.79299
delay:
5.302
0.713
4.795
80, -0.22904,  0.53495,  0.51295, -0.23543,  3.88207,  268.44131
delay:
5.304
0.714
4.798
81, -0.22904,  0.53490,  0.51295, -0.23541,  4.80096,  272.57222
delay:
5.305
0.714
4.799
82, -0.22902,  0.53500,  0.51295, -0.23545,  3.97057,  283.12384
delay:
5.307
0.714
4.801
83, -0.22901,  0.53500,  0.51295, -0.23554,  3.43489,  275.26673
delay:
5.309
0.714
4.802
84, -0.22901,  0.53495,  0.51295, -0.23530,  4.12305,  278.02725
delay:
5.31
0.714
4.804
85, -0.22898,  0.53500,  0.51294, -0.23544,  4.07494,  277.23818
delay:
5.311
0.714
4.805
86, -0.22896,  0.53500,  0.51294, -0.23547,  2.92775,  272.84800
delay:
5.313
0.714
4.806
87, -0.22897,  0.53500,  0.51294, -0.23521,  4.28888,  277.68161
delay:
5.314
0.714
4.808
88, -0.22893,  0.53500,  0.51294, -0.23532,  3.46959,  264.28734
delay:
5.316
0.714
4.81
89, -0.22892,  0.53500,  0.51294, -0.23536,  3.76473,  270.79157
delay:
5.317
0.714
4.811
90, -0.22891,  0.53500,  0.51294, -0.23532,  3.87466,  260.86595
delay:
5.319
0.714
4.813
91, -0.22888,  0.53500,  0.51294, -0.23530,  4.05537,  270.60971
delay:
5.319
0.714
4.814
92, -0.22888,  0.53500,  0.51294, -0.23526,  3.53452,  279.24326
delay:
5.32
0.714
4.815
93, -0.22890,  0.53500,  0.51294, -0.23537,  3.33663,  247.68025
delay:
5.321
0.714
4.816
94, -0.22890,  0.53500,  0.51294, -0.23531,  3.78369,  275.18583
delay:
5.322
0.715
4.817
95, -0.22888,  0.53500,  0.51294, -0.23539,  3.51553,  269.94561
delay:
5.323
0.715
4.817
96, -0.22885,  0.53500,  0.51294, -0.23532,  3.61948,  280.13927
delay:
5.323
0.715
4.818
97, -0.22887,  0.53500,  0.51294, -0.23516,  4.14391,  268.18384
delay:
5.324
0.715
4.819
98, -0.22883,  0.53500,  0.51294, -0.23529,  3.87920,  274.94859
delay:
5.325
0.715
4.82
99, -0.22886,  0.53500,  0.51294, -0.23518,  3.19204,  274.43611
delay:
5.326
0.715
4.821
100, -0.22864,  0.53485,  0.51258, -0.23514,  2.26380,  266.97479
delay:
5.326
0.715
4.822
