Namespace(data='data/toy_one/3dim_5000seq_50ev/', epoch=100, batch_size=64, d_model=16, d_rnn=8, d_inner_hid=32, d_k=16, d_v=16, n_head=1, n_layers=1, dropout=0.1, lr=0.0001, smooth=0.1, log='data/toy_one/3dim_5000seq_50ev/100_20_input3_hidden32_softplus_batch64_grad.txt', num_events=50, lr_delay=0.001, n_hidden=32, n_input=3, device=device(type='cpu'))
Epoch, Log-likelihood-Test, Accuracy, RMSE, Log-likelihood-Train, Gradient_Masker, Gradient_THP
1, -0.60948,  0.24372,  1.01111, -0.63734,  0.00000,  2682.24183
delay:
0.0
0.0
0.0
2, -0.56172,  0.46026,  0.99706, -0.59274,  0.00000,  2453.63050
delay:
0.0
0.0
0.0
3, -0.51476,  0.49403,  0.94414, -0.54591,  0.00000,  2185.66647
delay:
0.0
0.0
0.0
4, -0.47203,  0.49403,  0.86774, -0.50131,  0.00000,  1912.95916
delay:
0.0
0.0
0.0
5, -0.43450,  0.49403,  0.79651, -0.46141,  0.00000,  1699.41993
delay:
0.0
0.0
0.0
6, -0.40187,  0.49403,  0.73920, -0.42645,  0.00000,  1532.38339
delay:
0.0
0.0
0.0
7, -0.37334,  0.49403,  0.69511, -0.39591,  0.00000,  1391.91541
delay:
0.0
0.0
0.0
8, -0.34857,  0.49403,  0.66257, -0.36913,  0.00000,  1267.92158
delay:
0.0
0.0
0.0
9, -0.32725,  0.49403,  0.63875, -0.34589,  0.00000,  1154.58528
delay:
0.0
0.0
0.0
10, -0.30916,  0.49403,  0.62131, -0.32595,  0.00000,  1045.86369
delay:
0.0
0.0
0.0
11, -0.30130,  0.49403,  0.61389, -0.31288,  0.00000,  967.60283
delay:
0.0
0.0
0.0
12, -0.29411,  0.49403,  0.60758, -0.30520,  0.00000,  917.31640
delay:
0.0
0.0
0.0
13, -0.28757,  0.49403,  0.60205, -0.29831,  0.00000,  867.13327
delay:
0.0
0.0
0.0
14, -0.28165,  0.49403,  0.59695, -0.29201,  0.00000,  820.00215
delay:
0.0
0.0
0.0
15, -0.27630,  0.49403,  0.59241, -0.28628,  0.00000,  774.71484
delay:
0.0
0.0
0.0
16, -0.27150,  0.49403,  0.58834, -0.28117,  0.00000,  725.78015
delay:
0.0
0.0
0.0
17, -0.26724,  0.49403,  0.58500, -0.27653,  0.00000,  686.37559
delay:
0.0
0.0
0.0
18, -0.26342,  0.49403,  0.58169, -0.27244,  0.00000,  644.12361
delay:
0.0
0.0
0.0
19, -0.25998,  0.49403,  0.57873, -0.26878,  0.00000,  614.53617
delay:
0.0
0.0
0.0
20, -0.25697,  0.49393,  0.57630, -0.26548,  0.00000,  575.41053
delay:
0.0
0.0
0.0
21, -0.24975,  0.49474,  0.56678, -0.26023,  2.99061,  507.40085
delay:
3.44
0.019
0.005
22, -0.24504,  0.50673,  0.55962, -0.25404,  0.99288,  428.64257
delay:
4.01
0.008
0.003
23, -0.24179,  0.52378,  0.55316, -0.24992,  0.90425,  379.15785
delay:
4.016
0.004
0.002
24, -0.23959,  0.53276,  0.54630, -0.24718,  0.67551,  348.37112
delay:
5.129
0.003
0.002
25, -0.23795,  0.53276,  0.53935, -0.24509,  0.35936,  314.42206
delay:
5.832
0.002
0.001
26, -0.23658,  0.53393,  0.53311, -0.24355,  0.23240,  295.95039
delay:
6.595
0.001
0.001
27, -0.23535,  0.53286,  0.52748, -0.24226,  0.14428,  300.27551
delay:
7.499
0.001
0.002
28, -0.23415,  0.53209,  0.52312, -0.24105,  0.13867,  280.04207
delay:
8.267
0.001
0.004
29, -0.23281,  0.53133,  0.51967, -0.23979,  2.88676,  265.08532
delay:
8.605
0.001
0.245
30, -0.23147,  0.53240,  0.51679, -0.23842,  6.68973,  258.89146
delay:
8.879
0.001
0.292
31, -0.23059,  0.53173,  0.51621, -0.23747,  8.45158,  255.96027
delay:
8.975
0.0
0.319
32, -0.22981,  0.53163,  0.51561, -0.23655,  10.07936,  258.45660
delay:
9.028
0.0
0.362
33, -0.22906,  0.53245,  0.51486, -0.23585,  12.54295,  236.85436
delay:
9.078
0.0
0.32
34, -0.22828,  0.53291,  0.51442, -0.23502,  14.74312,  240.70222
delay:
9.088
0.0
0.285
35, -0.22735,  0.53265,  0.51432, -0.23419,  16.73277,  250.09174
delay:
9.113
0.0
0.266
36, -0.22650,  0.53281,  0.51452, -0.23332,  18.88741,  257.35902
delay:
9.138
0.0
0.306
37, -0.22561,  0.53291,  0.51475, -0.23244,  23.38078,  245.46445
delay:
9.127
0.0
0.274
38, -0.22484,  0.53321,  0.51475, -0.23174,  27.87534,  241.22721
delay:
9.124
0.0
0.246
39, -0.22406,  0.53347,  0.51511, -0.23093,  23.47536,  242.91620
delay:
9.146
0.0
0.287
40, -0.22325,  0.53393,  0.51571, -0.23028,  28.38525,  245.13602
delay:
9.156
0.0
0.308
41, -0.23165,  0.53276,  0.53022, -0.22964,  32.45901,  246.79439
delay:
9.156
0.0
0.308
42, -0.23158,  0.53276,  0.53052, -0.22962,  32.45901,  247.40943
delay:
9.156
0.0
0.308
43, -0.23154,  0.53296,  0.53105, -0.22911,  32.45901,  228.32067
delay:
9.156
0.0
0.308
44, -0.23147,  0.53265,  0.53113, -0.22895,  32.45901,  235.89916
delay:
9.156
0.0
0.308
45, -0.23141,  0.53321,  0.53130, -0.22886,  32.45901,  242.54231
delay:
9.156
0.0
0.308
46, -0.23127,  0.53281,  0.53136, -0.22842,  32.45901,  230.34950
delay:
9.156
0.0
0.308
47, -0.23118,  0.53311,  0.53157, -0.22834,  32.45901,  244.11154
delay:
9.156
0.0
0.308
48, -0.23110,  0.53306,  0.53181, -0.22797,  32.45901,  230.97372
delay:
9.156
0.0
0.308
49, -0.23109,  0.53357,  0.53216, -0.22766,  32.45901,  237.00036
delay:
9.156
0.0
0.308
50, -0.22759,  0.53367,  0.52889, -0.22996,  32.45901,  235.73896
delay:
9.156
0.0
0.308
51, -0.22914,  0.53337,  0.53243, -0.22969,  32.45901,  235.17317
delay:
9.156
0.0
0.308
52, -0.23012,  0.53378,  0.53472, -0.22921,  32.45901,  234.68679
delay:
9.156
0.0
0.308
53, -0.23059,  0.53423,  0.53590, -0.22894,  32.45901,  250.16989
delay:
9.156
0.0
0.308
54, -0.23092,  0.53429,  0.53676, -0.22869,  32.45901,  225.73660
delay:
9.156
0.0
0.308
55, -0.23112,  0.53434,  0.53738, -0.22837,  32.45901,  230.07210
delay:
9.156
0.0
0.308
56, -0.23126,  0.53418,  0.53782, -0.22807,  32.45901,  238.94388
delay:
9.156
0.0
0.308
57, -0.23134,  0.53439,  0.53818, -0.22784,  32.45901,  230.22449
delay:
9.156
0.0
0.308
58, -0.23136,  0.53418,  0.53813, -0.22763,  32.45901,  230.12495
delay:
9.156
0.0
0.308
59, -0.23135,  0.53398,  0.53813, -0.22737,  32.45901,  246.22316
delay:
9.156
0.0
0.308
60, -0.23129,  0.53429,  0.53801, -0.22720,  32.45901,  224.41080
delay:
9.156
0.0
0.308
61, -0.21988,  0.53449,  0.51687, -0.22662,  40.89279,  244.49597
delay:
9.157
0.0
0.312
62, -0.21945,  0.53449,  0.51717, -0.22625,  43.76436,  248.84896
delay:
9.169
0.0
0.351
63, -0.21899,  0.53500,  0.51733, -0.22607,  47.22364,  240.35828
delay:
9.167
0.0
0.347
64, -0.21860,  0.53510,  0.51718, -0.22539,  40.21387,  228.27730
delay:
9.157
0.0
0.316
65, -0.21818,  0.53520,  0.51779, -0.22507,  41.72782,  231.38147
delay:
9.165
0.0
0.343
66, -0.21781,  0.53505,  0.51749, -0.22475,  47.33570,  244.41805
delay:
9.153
0.0
0.308
67, -0.21740,  0.53531,  0.51761, -0.22435,  43.32631,  236.50398
delay:
9.145
0.0
0.29
68, -0.21705,  0.53510,  0.51759, -0.22390,  45.60346,  242.68706
delay:
9.141
0.0
0.278
69, -0.21662,  0.53485,  0.51781, -0.22368,  43.70679,  239.50729
delay:
9.136
0.0
0.265
70, -0.21619,  0.53536,  0.51796, -0.22313,  42.97899,  233.29152
delay:
9.136
0.0
0.264
71, -0.21597,  0.53536,  0.51817, -0.22294,  49.74130,  225.87470
delay:
9.139
0.0
0.272
72, -0.21580,  0.53536,  0.51813, -0.22277,  46.89532,  226.60851
delay:
9.136
0.0
0.262
73, -0.21558,  0.53541,  0.51807, -0.22246,  41.14397,  239.95439
delay:
9.13
0.0
0.244
74, -0.21539,  0.53566,  0.51799, -0.22237,  42.35970,  247.59554
delay:
9.126
0.0
0.232
75, -0.21515,  0.53531,  0.51817, -0.22192,  47.59087,  239.64540
delay:
9.129
0.0
0.237
76, -0.21501,  0.53536,  0.51820, -0.22197,  44.43758,  226.85820
delay:
9.131
0.0
0.24
77, -0.21484,  0.53510,  0.51826, -0.22166,  45.40485,  233.11647
delay:
9.13
0.0
0.237
78, -0.21466,  0.53541,  0.51804, -0.22163,  49.13939,  236.08227
delay:
9.126
0.0
0.226
79, -0.21451,  0.53526,  0.51814, -0.22133,  47.45116,  236.77071
delay:
9.127
0.0
0.226
80, -0.21433,  0.53531,  0.51817, -0.22119,  40.05533,  232.53159
delay:
9.128
0.0
0.227
81, -0.22939,  0.53403,  0.53585, -0.22112,  47.17642,  236.35486
delay:
9.128
0.0
0.227
82, -0.22939,  0.53393,  0.53589, -0.22119,  47.17642,  237.89172
delay:
9.128
0.0
0.227
83, -0.22939,  0.53403,  0.53605, -0.22110,  47.17642,  227.96559
delay:
9.128
0.0
0.227
84, -0.22940,  0.53403,  0.53614, -0.22093,  47.17642,  235.52632
delay:
9.128
0.0
0.227
85, -0.22944,  0.53403,  0.53619, -0.22097,  47.17642,  235.97588
delay:
9.128
0.0
0.227
86, -0.22942,  0.53398,  0.53624, -0.22090,  47.17642,  236.88204
delay:
9.128
0.0
0.227
87, -0.22935,  0.53393,  0.53622, -0.22100,  47.17642,  235.26683
delay:
9.128
0.0
0.227
88, -0.22936,  0.53393,  0.53628, -0.22062,  47.17642,  237.89727
delay:
9.128
0.0
0.227
89, -0.22935,  0.53383,  0.53624, -0.22071,  47.17642,  234.58932
delay:
9.128
0.0
0.227
90, -0.22941,  0.53388,  0.53635, -0.22062,  47.17642,  227.56301
delay:
9.128
0.0
0.227
91, -0.22935,  0.53393,  0.53635, -0.22062,  47.17642,  236.51607
delay:
9.128
0.0
0.227
92, -0.22932,  0.53383,  0.53634, -0.22063,  47.17642,  227.79928
delay:
9.128
0.0
0.227
93, -0.22935,  0.53393,  0.53633, -0.22043,  47.17642,  232.77231
delay:
9.128
0.0
0.227
94, -0.22932,  0.53372,  0.53635, -0.22040,  47.17642,  245.69160
delay:
9.128
0.0
0.227
95, -0.22935,  0.53378,  0.53638, -0.22039,  47.17642,  237.45295
delay:
9.128
0.0
0.227
96, -0.22934,  0.53398,  0.53636, -0.22045,  47.17642,  229.19255
delay:
9.128
0.0
0.227
97, -0.22931,  0.53393,  0.53636, -0.22028,  47.17642,  236.63812
delay:
9.128
0.0
0.227
98, -0.22931,  0.53388,  0.53638, -0.22031,  47.17642,  234.18083
delay:
9.128
0.0
0.227
99, -0.22936,  0.53393,  0.53640, -0.22021,  47.17642,  237.45567
delay:
9.128
0.0
0.227
100, -0.22414,  0.53469,  0.53282, -0.22340,  47.17642,  249.66906
delay:
9.128
0.0
0.227
