Namespace(data='data/toy_one/3dim_5000seq_50ev/', epoch=100, batch_size=128, d_model=16, d_rnn=8, d_inner_hid=32, d_k=16, d_v=16, n_head=1, n_layers=1, dropout=0.1, lr=0.0001, smooth=0.1, log='data/toy_one/3dim_5000seq_50ev/100_10_20_input16_hidden64_softplus_batch128_grad.txt', num_events=64, lr_delay=0.001, n_hidden=64, n_input=16, device=device(type='cpu'))
Epoch, Log-likelihood-Test, Accuracy, RMSE, Log-likelihood-Train, Gradient_Masker, Gradient_THP
1, -0.82484,  0.33204,  0.57434, -0.83636,  0.00000,  7003.55155
delay:
0.0
0.0
0.0
2, -0.80440,  0.43077,  0.55532, -0.81787,  0.00000,  6666.42450
delay:
0.0
0.0
0.0
3, -0.78012,  0.47056,  0.54220, -0.79634,  0.00000,  6375.51619
delay:
0.0
0.0
0.0
4, -0.75245,  0.48699,  0.53535, -0.77121,  0.00000,  6099.57768
delay:
0.0
0.0
0.0
5, -0.72233,  0.49117,  0.53219, -0.74337,  0.00000,  5822.57384
delay:
0.0
0.0
0.0
6, -0.69088,  0.49352,  0.53067, -0.71361,  0.00000,  5540.93431
delay:
0.0
0.0
0.0
7, -0.66017,  0.49398,  0.53006, -0.68349,  0.00000,  5272.78803
delay:
0.0
0.0
0.0
8, -0.63005,  0.49403,  0.53056, -0.65406,  0.00000,  5037.64227
delay:
0.0
0.0
0.0
9, -0.59924,  0.49403,  0.53311, -0.62455,  0.00000,  4834.07162
delay:
0.0
0.0
0.0
10, -0.56649,  0.49403,  0.53858, -0.59364,  0.00000,  4638.12733
delay:
0.0
0.0
0.0
11, -0.54031,  0.49403,  0.54285, -0.56558,  139.81821,  4466.41648
delay:
0.046
0.022
0.004
12, -0.51364,  0.49403,  0.54754, -0.53719,  4.03878,  4285.03666
delay:
0.018
0.012
0.002
13, -0.48736,  0.49403,  0.55133, -0.51043,  2.61609,  4095.16049
delay:
0.012
0.01
0.002
14, -0.46190,  0.49403,  0.55345, -0.48423,  1.87964,  3892.43198
delay:
0.01
0.01
0.001
15, -0.43798,  0.49403,  0.55421, -0.45927,  1.38099,  3680.38540
delay:
0.008
0.009
0.001
16, -0.41612,  0.49403,  0.55424, -0.43606,  1.00834,  3464.46986
delay:
0.006
0.009
0.001
17, -0.39629,  0.49403,  0.55377, -0.41486,  0.74879,  3254.99676
delay:
0.005
0.008
0.001
18, -0.37853,  0.49403,  0.55372, -0.39590,  0.56348,  3047.26976
delay:
0.005
0.008
0.001
19, -0.36281,  0.49393,  0.55465, -0.37883,  0.42645,  2846.86677
delay:
0.004
0.008
0.001
20, -0.34855,  0.49403,  0.55584, -0.36384,  0.32853,  2657.74499
delay:
0.004
0.008
0.001
21, -0.34214,  0.49474,  0.55721, -0.35326,  0.26688,  2515.21078
delay:
0.003
0.008
0.001
22, -0.33605,  0.49582,  0.55875, -0.34700,  0.24779,  2428.08389
delay:
0.003
0.008
0.001
23, -0.33033,  0.49781,  0.56062, -0.34106,  0.21531,  2342.11607
delay:
0.003
0.007
0.001
24, -0.32491,  0.50133,  0.56251, -0.33536,  0.18745,  2258.86913
delay:
0.003
0.007
0.001
25, -0.31984,  0.50480,  0.56472, -0.33008,  0.16793,  2174.12827
delay:
0.003
0.007
0.001
26, -0.31501,  0.50949,  0.56702, -0.32505,  0.14184,  2100.15636
delay:
0.003
0.007
0.001
27, -0.31051,  0.51597,  0.56944, -0.32038,  0.13029,  2019.34638
delay:
0.002
0.007
0.001
28, -0.30630,  0.52301,  0.57208, -0.31589,  0.11105,  1949.31937
delay:
0.002
0.007
0.001
29, -0.30230,  0.52668,  0.57449, -0.31172,  0.09720,  1875.36448
delay:
0.002
0.007
0.001
30, -0.29854,  0.53128,  0.57688, -0.30777,  0.08718,  1813.26543
delay:
0.002
0.007
0.001
31, -0.29611,  0.53480,  0.57270, -0.30312,  0.17524,  1725.97006
delay:
0.002
0.007
0.001
32, -0.29192,  0.53709,  0.57390, -0.29861,  0.17524,  1644.85107
delay:
0.002
0.007
0.001
33, -0.28819,  0.53730,  0.57475, -0.29479,  0.17524,  1564.35089
delay:
0.002
0.007
0.001
34, -0.28488,  0.53730,  0.57574, -0.29142,  0.17524,  1497.72413
delay:
0.002
0.007
0.001
35, -0.28187,  0.53740,  0.57635, -0.28838,  0.17524,  1435.35934
delay:
0.002
0.007
0.001
36, -0.27910,  0.53755,  0.57685, -0.28563,  0.17524,  1378.56819
delay:
0.002
0.007
0.001
37, -0.27656,  0.53770,  0.57719, -0.28302,  0.17524,  1327.03336
delay:
0.002
0.007
0.001
38, -0.27420,  0.53755,  0.57714, -0.28062,  0.17524,  1271.73306
delay:
0.002
0.007
0.001
39, -0.27201,  0.53776,  0.57699, -0.27843,  0.17524,  1226.95690
delay:
0.002
0.007
0.001
40, -0.27000,  0.53765,  0.57663, -0.27637,  0.17524,  1171.32235
delay:
0.002
0.007
0.001
41, -0.26777,  0.53796,  0.58041, -0.27500,  0.06261,  1144.44869
delay:
0.002
0.007
0.001
42, -0.26705,  0.53786,  0.58019, -0.27422,  0.06159,  1125.51093
delay:
0.002
0.007
0.001
43, -0.26632,  0.53776,  0.58008, -0.27342,  0.06368,  1104.78748
delay:
0.002
0.006
0.001
44, -0.26559,  0.53786,  0.57983, -0.27264,  0.06316,  1088.76387
delay:
0.002
0.006
0.001
45, -0.26487,  0.53806,  0.57948, -0.27190,  0.06103,  1075.12343
delay:
0.002
0.006
0.001
46, -0.26417,  0.53791,  0.57923, -0.27124,  0.06453,  1053.70044
delay:
0.002
0.006
0.001
47, -0.26347,  0.53806,  0.57882, -0.27054,  0.06183,  1039.47018
delay:
0.002
0.006
0.001
48, -0.26281,  0.53821,  0.57847, -0.26980,  0.06493,  1020.53991
delay:
0.002
0.006
0.001
49, -0.26212,  0.53770,  0.57803, -0.26917,  0.05991,  1000.59206
delay:
0.002
0.006
0.001
50, -0.26121,  0.53755,  0.57749, -0.26816,  0.03494,  975.07002
delay:
0.002
0.006
0.001
51, -0.26090,  0.53816,  0.57735, -0.26781,  0.03037,  973.89741
delay:
0.002
0.006
0.001
52, -0.26060,  0.53781,  0.57713, -0.26749,  0.02921,  962.77225
delay:
0.002
0.006
0.001
53, -0.26031,  0.53770,  0.57687, -0.26718,  0.02870,  953.15609
delay:
0.002
0.006
0.001
54, -0.26000,  0.53745,  0.57659, -0.26675,  0.02726,  944.65970
delay:
0.002
0.006
0.001
55, -0.25971,  0.53750,  0.57630, -0.26652,  0.02866,  936.72843
delay:
0.002
0.006
0.001
56, -0.25944,  0.53740,  0.57600, -0.26621,  0.02817,  919.36896
delay:
0.002
0.006
0.001
57, -0.25915,  0.53765,  0.57569, -0.26596,  0.02972,  924.29171
delay:
0.002
0.006
0.001
58, -0.25884,  0.53806,  0.57539, -0.26564,  0.03059,  909.09737
delay:
0.002
0.006
0.001
59, -0.25855,  0.53801,  0.57510, -0.26531,  0.03225,  904.10754
delay:
0.002
0.006
0.001
60, -0.25827,  0.53806,  0.57480, -0.26507,  0.03190,  884.26907
delay:
0.002
0.006
0.001
61, -0.25847,  0.53735,  0.57129, -0.26456,  0.04124,  877.34934
delay:
0.002
0.006
0.001
62, -0.25792,  0.53714,  0.57018, -0.26402,  0.04124,  863.32882
delay:
0.002
0.006
0.001
63, -0.25739,  0.53699,  0.56909, -0.26343,  0.04124,  842.79231
delay:
0.002
0.006
0.001
64, -0.25688,  0.53745,  0.56806, -0.26299,  0.04124,  823.20783
delay:
0.002
0.006
0.001
65, -0.25635,  0.53806,  0.56700, -0.26253,  0.04124,  811.29046
delay:
0.002
0.006
0.001
66, -0.25585,  0.53755,  0.56595, -0.26198,  0.04124,  812.79284
delay:
0.002
0.006
0.001
67, -0.25538,  0.53735,  0.56489, -0.26150,  0.04124,  789.21550
delay:
0.002
0.006
0.001
68, -0.25490,  0.53745,  0.56388, -0.26102,  0.04124,  769.12630
delay:
0.002
0.006
0.001
69, -0.25445,  0.53740,  0.56281, -0.26058,  0.04124,  751.48554
delay:
0.002
0.006
0.001
70, -0.25399,  0.53714,  0.56178, -0.26014,  0.04124,  738.21391
delay:
0.002
0.006
0.001
71, -0.25331,  0.53587,  0.56336, -0.25988,  0.05233,  732.44299
delay:
0.002
0.006
0.001
72, -0.25322,  0.53587,  0.56313, -0.25973,  0.05502,  720.72968
delay:
0.002
0.006
0.001
73, -0.25314,  0.53607,  0.56288, -0.25969,  0.05798,  717.92866
delay:
0.002
0.006
0.001
74, -0.25303,  0.53597,  0.56266, -0.25960,  0.05696,  717.44220
delay:
0.002
0.006
0.001
75, -0.25294,  0.53612,  0.56245, -0.25956,  0.06078,  714.08668
delay:
0.002
0.006
0.001
76, -0.25286,  0.53607,  0.56221, -0.25939,  0.05906,  703.22835
delay:
0.002
0.006
0.001
77, -0.25273,  0.53612,  0.56198, -0.25924,  0.05873,  704.72308
delay:
0.002
0.006
0.001
78, -0.25263,  0.53633,  0.56175, -0.25922,  0.06012,  703.19401
delay:
0.002
0.006
0.001
79, -0.25256,  0.53663,  0.56152, -0.25913,  0.06166,  718.60664
delay:
0.002
0.006
0.001
80, -0.25244,  0.53658,  0.56129, -0.25902,  0.06140,  708.10324
delay:
0.002
0.006
0.001
81, -0.25240,  0.53668,  0.56118, -0.25892,  0.06065,  693.59363
delay:
0.002
0.006
0.001
82, -0.25236,  0.53679,  0.56106, -0.25891,  0.05957,  700.03002
delay:
0.002
0.006
0.001
83, -0.25229,  0.53689,  0.56095, -0.25883,  0.06204,  692.66409
delay:
0.002
0.006
0.001
84, -0.25225,  0.53668,  0.56084, -0.25870,  0.05888,  691.31981
delay:
0.002
0.006
0.001
85, -0.25220,  0.53689,  0.56073, -0.25878,  0.06020,  696.78362
delay:
0.002
0.006
0.001
86, -0.25214,  0.53704,  0.56061, -0.25865,  0.06290,  685.85428
delay:
0.002
0.006
0.001
87, -0.25208,  0.53694,  0.56050, -0.25855,  0.06270,  695.01215
delay:
0.002
0.006
0.001
88, -0.25202,  0.53684,  0.56039, -0.25854,  0.06085,  696.54572
delay:
0.002
0.006
0.001
89, -0.25197,  0.53673,  0.56028, -0.25860,  0.05955,  673.50611
delay:
0.002
0.006
0.001
90, -0.25192,  0.53689,  0.56017, -0.25849,  0.06250,  680.55802
delay:
0.002
0.006
0.001
91, -0.25223,  0.53582,  0.55801, -0.25833,  0.09532,  676.98455
delay:
0.002
0.006
0.001
92, -0.25205,  0.53617,  0.55749, -0.25814,  0.09532,  669.45792
delay:
0.002
0.006
0.001
93, -0.25186,  0.53602,  0.55695, -0.25793,  0.09532,  668.29745
delay:
0.002
0.006
0.001
94, -0.25167,  0.53617,  0.55642, -0.25778,  0.09532,  657.19541
delay:
0.002
0.006
0.001
95, -0.25150,  0.53612,  0.55587, -0.25758,  0.09532,  664.79425
delay:
0.002
0.006
0.001
96, -0.25130,  0.53689,  0.55536, -0.25737,  0.09532,  652.69671
delay:
0.002
0.006
0.001
97, -0.25112,  0.53663,  0.55483, -0.25714,  0.09532,  650.14675
delay:
0.002
0.006
0.001
98, -0.25094,  0.53689,  0.55431, -0.25710,  0.09532,  633.92750
delay:
0.002
0.006
0.001
99, -0.25077,  0.53689,  0.55377, -0.25688,  0.09532,  617.45577
delay:
0.002
0.006
0.001
100, -0.25007,  0.53587,  0.55354, -0.25646,  0.09532,  627.34938
delay:
0.002
0.006
0.001
