Namespace(batch_size=128, d_inner_hid=32, d_k=16, d_model=16, d_rnn=8, d_v=16, data='data/toy_one/3dim_5000seq_150ev/', device=device(type='cpu'), dropout=0.1, epoch=100, log='data/toy_one/3dim_5000seq_150ev/100_20_input3_hidden16_softplus_batch128_grad.txt', lr=0.001, lr_delay=0.001, n_head=1, n_hidden=16, n_input=3, n_layers=1, num_events=150, smooth=0.1)
Epoch, Log-likelihood-Test, Accuracy, RMSE, Log-likelihood-Train, Gradient_Masker, Gradient_THP
1, -0.10533,  0.39419,  0.60767, -0.27281,  0.00000,  19741.82514
delay:
0.0
0.0
0.0
2,  0.23115,  0.62668,  0.75860,  0.04982,  0.00000,  16476.97109
delay:
0.0
0.0
0.0
3,  0.54876,  0.62837,  0.64722,  0.38485,  0.00000,  14549.41973
delay:
0.0
0.0
0.0
4,  0.82850,  0.63116,  0.41369,  0.69100,  0.00000,  11582.40940
delay:
0.0
0.0
0.0
5,  0.95970,  0.67748,  0.20123,  0.90242,  0.00000,  7916.84295
delay:
0.0
0.0
0.0
6,  1.02203,  0.69119,  0.17507,  0.99434,  0.00000,  5470.22655
delay:
0.0
0.0
0.0
7,  1.05955,  0.69143,  0.16504,  1.04460,  0.00000,  3904.72798
delay:
0.0
0.0
0.0
8,  1.08170,  0.69149,  0.16856,  1.07402,  0.00000,  2953.31003
delay:
0.0
0.0
0.0
9,  1.09554,  0.69119,  0.17086,  1.09248,  0.00000,  2566.06637
delay:
0.0
0.0
0.0
10,  1.10471,  0.69136,  0.17135,  1.10448,  0.00000,  2223.60796
delay:
0.0
0.0
0.0
11,  1.10804,  0.69149,  0.16997,  1.11078,  0.00000,  1695.89524
delay:
0.0
0.0
0.0
12,  1.11082,  0.69146,  0.16852,  1.11399,  0.00000,  1631.30754
delay:
0.0
0.0
0.0
13,  1.11321,  0.69146,  0.16759,  1.11661,  0.00000,  1492.59946
delay:
0.0
0.0
0.0
14,  1.11534,  0.69149,  0.16732,  1.11902,  0.00000,  1342.54282
delay:
0.0
0.0
0.0
15,  1.11721,  0.69149,  0.16775,  1.12112,  0.00000,  1332.69911
delay:
0.0
0.0
0.0
16,  1.11888,  0.69139,  0.16926,  1.12295,  0.00000,  1103.74696
delay:
0.0
0.0
0.0
17,  1.12041,  0.69139,  0.17110,  1.12460,  0.00000,  1207.78024
delay:
0.0
0.0
0.0
18,  1.12181,  0.69141,  0.17346,  1.12605,  0.00000,  1089.95790
delay:
0.0
0.0
0.0
19,  1.12307,  0.69139,  0.17411,  1.12751,  0.00000,  925.29224
delay:
0.0
0.0
0.0
20,  1.12431,  0.69144,  0.17594,  1.12880,  0.00000,  978.73353
delay:
0.0
0.0
0.0
21,  1.13014,  0.69131,  0.18251,  1.13236,  0.39799,  1529.37098
delay:
0.008
0.826
0.018
22,  1.13836,  0.69156,  0.18847,  1.13902,  0.61442,  1155.64770
delay:
0.002
1.749
0.004
23,  1.14788,  0.69169,  0.20383,  1.14807,  2.59561,  1012.19639
delay:
0.001
3.062
0.002
24,  1.16166,  0.69176,  0.20203,  1.15912,  6.16129,  1089.81660
delay:
0.0
3.034
0.001
25,  1.17503,  0.69178,  0.19214,  1.17214,  9.88760,  981.11459
delay:
0.0
3.041
0.001
26,  1.18476,  0.69171,  0.20139,  1.18330,  8.02124,  1067.56634
delay:
0.0
3.098
0.0
27,  1.19298,  0.69178,  0.19522,  1.19169,  11.37089,  1117.54939
delay:
0.0
4.207
0.0
28,  1.19920,  0.69178,  0.19040,  1.19861,  16.97542,  902.88164
delay:
0.0
5.383
0.0
29,  1.20535,  0.69181,  0.18840,  1.20463,  14.25406,  1015.44889
delay:
0.0
5.081
0.0
30,  1.21152,  0.69151,  0.18408,  1.21024,  10.89007,  1245.13838
delay:
0.0
5.001
0.0
31,  1.21487,  0.69161,  0.18638,  1.21483,  15.85244,  1022.05538
delay:
0.0
5.146
0.0
32,  1.21794,  0.69154,  0.18787,  1.21762,  16.71590,  945.82100
delay:
0.0
5.231
0.0
33,  1.22094,  0.69149,  0.18863,  1.22034,  12.49641,  977.89148
delay:
0.0
5.267
0.0
34,  1.22392,  0.69154,  0.18931,  1.22317,  16.13429,  1045.59128
delay:
0.0
5.236
0.0
35,  1.22727,  0.69146,  0.19034,  1.22605,  17.00247,  1215.16384
delay:
0.0
5.199
0.0
36,  1.23041,  0.69163,  0.19151,  1.22870,  16.54829,  1100.78324
delay:
0.0
5.264
0.0
37,  1.23356,  0.69169,  0.19134,  1.23163,  20.53280,  1149.86858
delay:
0.0
5.306
0.0
38,  1.23708,  0.69168,  0.19212,  1.23505,  20.02781,  1333.49811
delay:
0.0
5.332
0.0
39,  1.24128,  0.69176,  0.19197,  1.23822,  24.32196,  1311.58036
delay:
0.0
5.136
0.0
40,  1.24634,  0.69185,  0.19155,  1.24160,  30.81988,  1480.05644
delay:
0.0
4.923
0.0
41,  1.24802,  0.69173,  0.19164,  1.24491,  119.87120,  1498.58215
delay:
0.0
4.923
0.0
42,  1.25053,  0.69178,  0.19165,  1.24705,  119.87120,  1329.11301
delay:
0.0
4.923
0.0
43,  1.25296,  0.69168,  0.19094,  1.24887,  119.87120,  1310.34143
delay:
0.0
4.923
0.0
44,  1.25629,  0.69158,  0.19126,  1.25177,  119.87120,  1351.03067
delay:
0.0
4.923
0.0
45,  1.25958,  0.69153,  0.19156,  1.25415,  119.87120,  1379.96256
delay:
0.0
4.923
0.0
46,  1.26441,  0.69156,  0.19125,  1.25732,  119.87120,  1856.88748
delay:
0.0
4.923
0.0
47,  1.26880,  0.69156,  0.19119,  1.26075,  119.87120,  1749.46734
delay:
0.0
4.923
0.0
48,  1.27324,  0.69148,  0.19143,  1.26475,  119.87120,  1566.87068
delay:
0.0
4.923
0.0
49,  1.27894,  0.69149,  0.19075,  1.26923,  119.87120,  1584.00895
delay:
0.0
4.923
0.0
50,  1.26462,  0.69144,  0.19228,  1.23680,  119.87120,  10910.96108
delay:
0.0
4.923
0.0
51,  1.27384,  0.69133,  0.19021,  1.26711,  119.87120,  4250.92631
delay:
0.0
4.923
0.0
52,  1.28036,  0.69138,  0.18879,  1.27411,  119.87120,  3054.71244
delay:
0.0
4.923
0.0
53,  1.28573,  0.69141,  0.18770,  1.27916,  119.87120,  2441.47756
delay:
0.0
4.923
0.0
54,  1.28982,  0.69139,  0.18712,  1.28307,  119.87120,  2078.98845
delay:
0.0
4.923
0.0
55,  1.29317,  0.69146,  0.18656,  1.28642,  119.87120,  1998.98677
delay:
0.0
4.923
0.0
56,  1.29732,  0.69144,  0.18645,  1.28934,  119.87120,  1606.53744
delay:
0.0
4.923
0.0
57,  1.29998,  0.69144,  0.18641,  1.29190,  119.87120,  1827.17056
delay:
0.0
4.923
0.0
58,  1.30307,  0.69146,  0.18656,  1.29387,  119.87120,  1791.32892
delay:
0.0
4.923
0.0
59,  1.30490,  0.69138,  0.18654,  1.29577,  119.87120,  1912.21829
delay:
0.0
4.923
0.0
60,  1.30792,  0.69136,  0.18659,  1.29772,  119.87120,  1490.13928
delay:
0.0
4.923
0.0
61,  1.31888,  0.69139,  0.18527,  1.30269,  14.92770,  2496.79025
delay:
0.0
5.202
0.0
62,  1.32688,  0.69151,  0.18421,  1.31185,  13.77145,  2740.67228
delay:
0.0
5.331
0.001
63,  1.32779,  0.69148,  0.18287,  1.31918,  15.43676,  3999.89753
delay:
0.0
5.357
0.007
64,  1.33732,  0.69163,  0.18179,  1.32635,  11.44988,  2216.41112
delay:
0.0
5.38
0.066
65,  1.34159,  0.69153,  0.18043,  1.33215,  15.64038,  2274.21972
delay:
0.0
5.437
0.521
66,  1.34751,  0.69159,  0.17915,  1.33796,  15.82503,  3676.41238
delay:
0.0
5.409
1.399
67,  1.34719,  0.69154,  0.17801,  1.34268,  20.21882,  4265.03313
delay:
0.0
5.349
1.552
68,  1.35406,  0.69156,  0.17676,  1.34725,  24.10750,  3252.48704
delay:
0.0
5.259
1.725
69,  1.35045,  0.69168,  0.17587,  1.35148,  24.49992,  3648.67873
delay:
0.001
5.056
1.746
70,  1.35516,  0.69161,  0.17516,  1.35583,  27.54659,  2538.66355
delay:
0.015
4.891
1.681
71,  1.35632,  0.69164,  0.17489,  1.35878,  70.27313,  3324.91165
delay:
0.071
4.809
1.55
72,  1.35861,  0.69168,  0.17464,  1.36084,  121.62275,  2809.41147
delay:
0.264
4.781
1.409
73,  1.35801,  0.69173,  0.17393,  1.36262,  61.94098,  3044.96113
delay:
0.363
4.785
1.394
74,  1.35785,  0.69168,  0.17366,  1.36404,  68.60585,  2764.22261
delay:
0.336
4.83
1.38
75,  1.35483,  0.69168,  0.17341,  1.36568,  99.14085,  3079.78409
delay:
0.34
4.86
1.288
76,  1.36263,  0.69166,  0.17290,  1.36761,  105.77557,  2779.58600
delay:
0.319
4.897
1.187
77,  1.35829,  0.69166,  0.17250,  1.36990,  83.70043,  2626.20807
delay:
0.297
4.852
1.051
78,  1.36342,  0.69166,  0.17206,  1.37196,  107.17038,  2646.83333
delay:
0.266
4.873
1.019
79,  1.36207,  0.69168,  0.17195,  1.37391,  101.69042,  2993.76290
delay:
0.255
4.858
0.91
80,  1.36081,  0.69169,  0.17156,  1.37569,  135.34262,  2560.01287
delay:
0.24
4.839
0.859
81,  1.34134,  0.69174,  0.17183,  1.37760,  260.16857,  2445.98258
delay:
0.24
4.839
0.859
82,  1.34209,  0.69173,  0.17173,  1.37795,  260.16857,  2738.05978
delay:
0.24
4.839
0.859
83,  1.33996,  0.69173,  0.17170,  1.37890,  260.16857,  2522.42565
delay:
0.24
4.839
0.859
84,  1.34266,  0.69173,  0.17158,  1.37968,  260.16857,  2614.51164
delay:
0.24
4.839
0.859
85,  1.33744,  0.69171,  0.17150,  1.38052,  260.16857,  3101.84652
delay:
0.24
4.839
0.859
86,  1.33834,  0.69176,  0.17148,  1.38116,  260.16857,  2827.02681
delay:
0.24
4.839
0.859
87,  1.34053,  0.69173,  0.17151,  1.38168,  260.16857,  2430.29357
delay:
0.24
4.839
0.859
88,  1.33895,  0.69173,  0.17142,  1.38282,  260.16857,  2752.74238
delay:
0.24
4.839
0.859
89,  1.33610,  0.69174,  0.17140,  1.38289,  260.16857,  2159.21631
delay:
0.24
4.839
0.859
90,  1.33530,  0.69174,  0.17131,  1.38414,  260.16857,  2669.52653
delay:
0.24
4.839
0.859
91,  1.33884,  0.69174,  0.17122,  1.38418,  260.16857,  3001.30196
delay:
0.24
4.839
0.859
92,  1.33836,  0.69171,  0.17117,  1.38460,  260.16857,  2686.89190
delay:
0.24
4.839
0.859
93,  1.33592,  0.69176,  0.17120,  1.38530,  260.16857,  2429.33237
delay:
0.24
4.839
0.859
94,  1.33849,  0.69178,  0.17112,  1.38558,  260.16857,  2529.60089
delay:
0.24
4.839
0.859
95,  1.33522,  0.69178,  0.17112,  1.38589,  260.16857,  2784.48828
delay:
0.24
4.839
0.859
96,  1.33527,  0.69178,  0.17107,  1.38605,  260.16857,  2632.28049
delay:
0.24
4.839
0.859
97,  1.33639,  0.69171,  0.17099,  1.38688,  260.16857,  2476.21268
delay:
0.24
4.839
0.859
98,  1.33696,  0.69176,  0.17089,  1.38702,  260.16857,  2262.23840
delay:
0.24
4.839
0.859
99,  1.33392,  0.69180,  0.17094,  1.38740,  260.16857,  2125.24418
delay:
0.24
4.839
0.859
100,  1.09260,  0.69074,  0.17731,  0.77705,  260.16857,  116915.08047
delay:
0.24
4.839
0.859
