Namespace(data='data/toy/3dim_20000seq_32ev/', epoch=100, batch_size=32, d_model=16, d_rnn=8, d_inner_hid=64, d_k=16, d_v=16, n_head=1, n_layers=1, dropout=0.1, lr=0.001, smooth=0.1, log='data/toy/3dim_20000seq_32ev/100_25_1opt.txt', num_events=32, lr_delay=0.01, device=device(type='cpu'))
Epoch, Log-likelihood, Accuracy, RMSE, Gradient_Masker, Gradient_THP
1,  0.27476,  0.71695,  0.61612,  0.07776,  0.00000,  378.93047
delay:
[0. 0. 0.]
[0. 0. 0.]
[0. 0. 0.]
2,  0.42098,  0.71863,  0.61312,  0.36134,  0.00000,  574.06349
delay:
[0. 0. 0.]
[0. 0. 0.]
[0. 0. 0.]
3,  0.52712,  0.71890,  0.61697,  0.46902,  0.00000,  696.22472
delay:
[0. 0. 0.]
[0. 0. 0.]
[0. 0. 0.]
4,  0.62019,  0.71884,  0.61025,  0.55401,  0.00000,  778.82641
delay:
[0. 0. 0.]
[0. 0. 0.]
[0. 0. 0.]
5,  0.69798,  0.71861,  0.60218,  0.63207,  0.00000,  775.77215
delay:
[0. 0. 0.]
[0. 0. 0.]
[0. 0. 0.]
6,  0.73353,  0.71897,  0.59919,  0.67682,  0.00000,  762.72572
delay:
[0. 0. 0.]
[0. 0. 0.]
[0. 0. 0.]
7,  0.75719,  0.71898,  0.59822,  0.70157,  0.00000,  780.48518
delay:
[0. 0. 0.]
[0. 0. 0.]
[0. 0. 0.]
8,  0.77475,  0.71897,  0.59755,  0.72168,  0.00000,  762.78310
delay:
[0. 0. 0.]
[0. 0. 0.]
[0. 0. 0.]
9,  0.79003,  0.71887,  0.59645,  0.73761,  0.00000,  762.10747
delay:
[0. 0. 0.]
[0. 0. 0.]
[0. 0. 0.]
10,  0.80238,  0.71897,  0.59606,  0.75189,  0.00000,  753.37300
delay:
[0. 0. 0.]
[0. 0. 0.]
[0. 0. 0.]
11,  0.81055,  0.71898,  0.59590,  0.76397,  0.00000,  686.62092
delay:
[0. 0. 0.]
[0. 0. 0.]
[0. 0. 0.]
12,  0.81274,  0.71885,  0.59599,  0.77022,  0.00000,  709.20406
delay:
[0. 0. 0.]
[0. 0. 0.]
[0. 0. 0.]
13,  0.81964,  0.71889,  0.59558,  0.77580,  0.00000,  701.21712
delay:
[0. 0. 0.]
[0. 0. 0.]
[0. 0. 0.]
14,  0.82714,  0.71881,  0.59564,  0.78186,  0.00000,  718.00240
delay:
[0. 0. 0.]
[0. 0. 0.]
[0. 0. 0.]
15,  0.83146,  0.71892,  0.59541,  0.78764,  0.00000,  707.90037
delay:
[0. 0. 0.]
[0. 0. 0.]
[0. 0. 0.]
16,  0.83555,  0.71976,  0.59543,  0.79402,  0.00000,  719.29827
delay:
[0. 0. 0.]
[0. 0. 0.]
[0. 0. 0.]
17,  0.84199,  0.71919,  0.59508,  0.79986,  0.00000,  702.50537
delay:
[0. 0. 0.]
[0. 0. 0.]
[0. 0. 0.]
18,  0.84801,  0.71977,  0.59506,  0.80470,  0.00000,  720.93772
delay:
[0. 0. 0.]
[0. 0. 0.]
[0. 0. 0.]
19,  0.85187,  0.71969,  0.59493,  0.81065,  0.00000,  745.01344
delay:
[0. 0. 0.]
[0. 0. 0.]
[0. 0. 0.]
20,  0.85165,  0.71979,  0.59514,  0.81617,  0.00000,  710.35194
delay:
[0. 0. 0.]
[0. 0. 0.]
[0. 0. 0.]
21,  0.85845,  0.71927,  0.59478,  0.82116,  0.00000,  653.47594
delay:
[0. 0. 0.]
[0. 0. 0.]
[0. 0. 0.]
22,  0.86058,  0.71958,  0.59492,  0.82321,  0.00000,  665.29493
delay:
[0. 0. 0.]
[0. 0. 0.]
[0. 0. 0.]
23,  0.86437,  0.71947,  0.59488,  0.82648,  0.00000,  668.10402
delay:
[0. 0. 0.]
[0. 0. 0.]
[0. 0. 0.]
24,  0.86601,  0.71944,  0.59511,  0.82889,  0.00000,  678.49083
delay:
[0. 0. 0.]
[0. 0. 0.]
[0. 0. 0.]
25,  0.86792,  0.71968,  0.59491,  0.83114,  0.00000,  675.86761
delay:
[0. 0. 0.]
[0. 0. 0.]
[0. 0. 0.]
26,  0.68652,  0.71908,  0.59985,  0.73112,  328.05894,  610.82634
delay:
[0.178 0.21  0.014 0.205 0.262 0.031 0.189 0.188 0.449]
[0.239 0.244 0.069 0.226 0.277 0.027 0.192 0.225 0.181]
[0.2   0.241 0.01  0.221 0.275 0.021 0.213 0.206 0.55 ]
[0.183 0.228 0.014 0.202 0.261 0.018 0.192 0.195 0.469]
[0.279 0.302 0.02  0.264 0.306 0.016 0.241 0.256 0.414]
[0.216 0.248 0.028 0.174 0.247 0.021 0.208 0.232 0.259]
[0.219 0.216 0.064 0.195 0.253 0.014 0.17  0.216 0.1  ]
[0.19  0.213 0.038 0.195 0.249 0.028 0.192 0.197 0.323]
[0.203 0.238 0.017 0.215 0.26  0.015 0.202 0.208 0.472]
[0.219 0.245 0.036 0.192 0.273 0.012 0.201 0.229 0.294]
[0.213 0.26  0.027 0.182 0.27  0.023 0.218 0.232 0.346]
[0.225 0.254 0.036 0.204 0.269 0.004 0.189 0.228 0.204]
[0.192 0.235 0.042 0.184 0.269 0.001 0.199 0.21  0.327]
[0.213 0.24  0.021 0.215 0.253 0.018 0.194 0.214 0.293]
[0.258 0.267 0.038 0.247 0.287 0.025 0.236 0.241 0.417]
[0.216 0.252 0.026 0.198 0.266 0.005 0.209 0.226 0.328]
[0.163 0.217 0.013 0.151 0.238 0.014 0.174 0.195 0.264]
[0.276 0.281 0.094 0.225 0.298 0.014 0.215 0.265 0.115]
[0.239 0.246 0.055 0.206 0.26  0.006 0.204 0.235 0.198]
[0.219 0.239 0.027 0.22  0.269 0.019 0.209 0.218 0.392]
[0.246 0.274 0.043 0.22  0.297 0.002 0.206 0.24  0.263]
[0.182 0.227 0.038 0.186 0.254 0.016 0.202 0.199 0.348]
[0.227 0.239 0.068 0.211 0.271 0.007 0.189 0.226 0.174]
[0.262 0.28  0.017 0.247 0.292 0.004 0.216 0.248 0.349]
[0.242 0.257 0.008 0.237 0.281 0.008 0.217 0.235 0.438]
[0.201 0.221 0.05  0.201 0.256 0.021 0.192 0.206 0.277]
[0.216 0.243 0.05  0.202 0.279 0.003 0.21  0.226 0.345]
[0.26  0.295 0.016 0.245 0.303 0.001 0.231 0.249 0.494]
[0.21  0.231 0.035 0.187 0.265 0.002 0.177 0.216 0.206]
[0.214 0.243 0.05  0.201 0.271 0.01  0.2   0.218 0.27 ]
[0.261 0.283 0.038 0.249 0.298 0.018 0.237 0.245 0.405]
[0.205 0.246 0.004 0.213 0.272 0.017 0.201 0.209 0.412]
27,  0.57838,  0.71906,  0.60031,  0.86389,  266.71580,  526.22742
delay:
[0.154 0.242 0.19  0.202 0.235 0.239 0.158 0.186 0.01 ]
[0.143 0.225 0.177 0.189 0.227 0.219 0.15  0.179 0.04 ]
[0.165 0.258 0.203 0.215 0.242 0.259 0.166 0.192 0.02 ]
[0.178 0.277 0.217 0.23  0.25  0.281 0.174 0.198 0.053]
[0.168 0.263 0.206 0.219 0.244 0.264 0.168 0.193 0.028]
[0.184 0.285 0.223 0.237 0.254 0.292 0.178 0.202 0.069]
[0.148 0.233 0.183 0.195 0.231 0.228 0.153 0.182 0.026]
[0.177 0.276 0.216 0.229 0.25  0.28  0.174 0.198 0.051]
[0.163 0.254 0.199 0.212 0.24  0.254 0.163 0.19  0.012]
[0.168 0.263 0.206 0.219 0.244 0.264 0.168 0.193 0.028]
[0.166 0.259 0.203 0.215 0.242 0.259 0.166 0.192 0.02 ]
[0.184 0.285 0.223 0.236 0.254 0.291 0.178 0.201 0.068]
[0.174 0.271 0.213 0.226 0.248 0.275 0.172 0.196 0.044]
[0.158 0.247 0.194 0.206 0.237 0.245 0.16  0.188 0.001]
[0.139 0.22  0.173 0.185 0.225 0.212 0.147 0.178 0.05 ]
[0.163 0.255 0.2   0.212 0.24  0.254 0.164 0.19  0.013]
[0.142 0.224 0.176 0.188 0.227 0.217 0.149 0.179 0.043]
[0.155 0.243 0.191 0.203 0.235 0.24  0.158 0.186 0.009]
[0.165 0.258 0.203 0.215 0.242 0.259 0.166 0.192 0.02 ]
[0.147 0.231 0.182 0.193 0.23  0.226 0.152 0.182 0.03 ]
[0.169 0.263 0.207 0.219 0.244 0.265 0.168 0.193 0.029]
[0.179 0.278 0.218 0.231 0.251 0.282 0.175 0.199 0.055]
[0.145 0.229 0.18  0.192 0.229 0.223 0.151 0.181 0.034]
[0.171 0.267 0.209 0.222 0.246 0.27  0.17  0.195 0.036]
[0.162 0.254 0.199 0.212 0.24  0.254 0.163 0.19  0.012]
[0.159 0.248 0.195 0.207 0.238 0.247 0.161 0.188 0.002]
[0.152 0.239 0.188 0.2   0.233 0.235 0.156 0.185 0.015]
[0.171 0.266 0.209 0.221 0.246 0.268 0.169 0.194 0.034]
[0.169 0.263 0.207 0.219 0.244 0.265 0.168 0.193 0.029]
[0.165 0.258 0.202 0.215 0.242 0.258 0.165 0.191 0.019]
[0.15  0.236 0.186 0.197 0.232 0.232 0.155 0.183 0.02 ]
[0.177 0.276 0.216 0.229 0.25  0.28  0.174 0.198 0.052]
28,  0.54792,  0.71824,  0.59988,  0.89194,  172.35568,  512.52052
delay:
[0.189 0.272 0.296 0.228 0.238 0.272 0.204 0.202 0.001]
[0.181 0.26  0.277 0.217 0.236 0.254 0.195 0.198 0.03 ]
[0.178 0.256 0.27  0.214 0.236 0.249 0.191 0.197 0.04 ]
[0.173 0.249 0.261 0.208 0.235 0.24  0.187 0.195 0.055]
[0.176 0.253 0.266 0.211 0.235 0.244 0.189 0.196 0.048]
[0.182 0.262 0.28  0.219 0.237 0.258 0.196 0.199 0.025]
[0.175 0.252 0.265 0.211 0.235 0.244 0.189 0.196 0.049]
[0.167 0.24  0.246 0.2   0.233 0.227 0.18  0.193 0.078]
[0.187 0.268 0.29  0.225 0.238 0.266 0.201 0.201 0.01 ]
[0.175 0.251 0.263 0.21  0.235 0.242 0.188 0.196 0.051]
[0.181 0.261 0.278 0.218 0.237 0.256 0.195 0.198 0.028]
[0.192 0.275 0.301 0.231 0.239 0.276 0.206 0.203 0.007]
[0.168 0.242 0.25  0.202 0.234 0.23  0.182 0.193 0.072]
[0.171 0.246 0.255 0.205 0.234 0.235 0.184 0.194 0.064]
[0.171 0.246 0.256 0.206 0.234 0.235 0.184 0.194 0.063]
[0.176 0.253 0.266 0.211 0.235 0.245 0.189 0.196 0.047]
[0.188 0.269 0.292 0.226 0.238 0.268 0.202 0.201 0.007]
[0.178 0.256 0.271 0.214 0.236 0.249 0.192 0.197 0.039]
[0.186 0.268 0.289 0.224 0.238 0.266 0.2   0.2   0.011]
[0.183 0.263 0.282 0.221 0.237 0.259 0.197 0.199 0.022]
[0.191 0.275 0.3   0.23  0.239 0.275 0.206 0.202 0.005]
[0.184 0.264 0.284 0.221 0.237 0.26  0.198 0.199 0.02 ]
[0.185 0.266 0.286 0.223 0.237 0.263 0.199 0.2   0.016]
[0.186 0.267 0.289 0.224 0.238 0.265 0.2   0.2   0.012]
[0.174 0.251 0.263 0.21  0.235 0.242 0.188 0.196 0.052]
[0.174 0.25  0.261 0.209 0.235 0.24  0.187 0.195 0.054]
[0.183 0.263 0.281 0.22  0.237 0.258 0.197 0.199 0.024]
[0.183 0.263 0.282 0.22  0.237 0.259 0.197 0.199 0.023]
[0.184 0.264 0.284 0.221 0.237 0.261 0.198 0.199 0.02 ]
[0.194 0.278 0.306 0.233 0.239 0.28  0.208 0.203 0.014]
[0.173 0.248 0.259 0.208 0.235 0.238 0.186 0.195 0.058]
[0.179 0.257 0.273 0.216 0.236 0.251 0.193 0.198 0.036]
29,  0.56311,  0.71910,  0.60367,  0.90644,  120.79331,  533.94823
delay:
[0.17  0.228 0.241 0.19  0.213 0.247 0.156 0.181 0.019]
[0.17  0.228 0.241 0.19  0.213 0.247 0.156 0.181 0.019]
[0.17  0.228 0.241 0.19  0.213 0.247 0.156 0.181 0.019]
[0.17  0.228 0.241 0.19  0.213 0.247 0.156 0.181 0.019]
[0.17  0.228 0.241 0.19  0.213 0.247 0.156 0.181 0.019]
[0.17  0.228 0.241 0.19  0.213 0.247 0.156 0.181 0.019]
[0.17  0.228 0.241 0.19  0.213 0.247 0.156 0.181 0.019]
[0.17  0.228 0.241 0.19  0.213 0.247 0.156 0.181 0.019]
[0.17  0.228 0.241 0.19  0.213 0.247 0.156 0.181 0.019]
[0.17  0.228 0.241 0.19  0.213 0.247 0.156 0.181 0.019]
[0.17  0.228 0.241 0.19  0.213 0.247 0.156 0.181 0.019]
[0.17  0.228 0.241 0.19  0.213 0.247 0.156 0.181 0.019]
[0.17  0.228 0.241 0.19  0.213 0.247 0.156 0.181 0.019]
[0.17  0.228 0.241 0.19  0.213 0.247 0.156 0.181 0.019]
[0.17  0.228 0.241 0.19  0.213 0.247 0.156 0.181 0.019]
[0.17  0.228 0.241 0.19  0.213 0.247 0.156 0.181 0.019]
[0.17  0.228 0.241 0.19  0.213 0.247 0.156 0.181 0.019]
[0.17  0.228 0.241 0.19  0.213 0.247 0.156 0.181 0.019]
[0.17  0.228 0.241 0.19  0.213 0.247 0.156 0.181 0.019]
[0.17  0.228 0.241 0.19  0.213 0.247 0.156 0.181 0.019]
[0.17  0.228 0.241 0.19  0.213 0.247 0.156 0.181 0.019]
[0.17  0.228 0.241 0.19  0.213 0.247 0.156 0.181 0.019]
[0.17  0.228 0.241 0.19  0.213 0.247 0.156 0.181 0.019]
[0.17  0.228 0.241 0.19  0.213 0.247 0.156 0.181 0.019]
[0.17  0.228 0.241 0.19  0.213 0.247 0.156 0.181 0.019]
[0.17  0.228 0.241 0.19  0.213 0.247 0.156 0.181 0.019]
[0.17  0.228 0.241 0.19  0.213 0.247 0.156 0.181 0.019]
[0.17  0.228 0.241 0.19  0.213 0.247 0.156 0.181 0.019]
[0.17  0.228 0.241 0.19  0.213 0.247 0.156 0.181 0.019]
[0.17  0.228 0.241 0.19  0.213 0.247 0.156 0.181 0.019]
[0.17  0.228 0.241 0.19  0.213 0.247 0.156 0.181 0.019]
[0.17  0.228 0.241 0.19  0.213 0.247 0.156 0.181 0.019]
30,  0.54081,  0.71879,  0.60121,  0.91653,  64.90221,  542.88241
delay:
[0.161 0.22  0.243 0.184 0.197 0.228 0.163 0.164 0.003]
[0.161 0.22  0.243 0.184 0.197 0.228 0.163 0.164 0.003]
[0.161 0.22  0.243 0.184 0.197 0.228 0.163 0.164 0.003]
[0.161 0.22  0.243 0.184 0.197 0.228 0.163 0.164 0.003]
[0.161 0.22  0.243 0.184 0.197 0.228 0.163 0.164 0.003]
[0.161 0.22  0.243 0.184 0.197 0.228 0.163 0.164 0.003]
[0.161 0.22  0.243 0.184 0.197 0.228 0.163 0.164 0.003]
[0.161 0.22  0.243 0.184 0.197 0.228 0.163 0.164 0.003]
[0.161 0.22  0.243 0.184 0.197 0.228 0.163 0.164 0.003]
[0.161 0.22  0.243 0.184 0.197 0.228 0.163 0.164 0.003]
[0.161 0.22  0.243 0.184 0.197 0.228 0.163 0.164 0.003]
[0.161 0.22  0.243 0.184 0.197 0.228 0.163 0.164 0.003]
[0.161 0.22  0.243 0.184 0.197 0.228 0.163 0.164 0.003]
[0.161 0.22  0.243 0.184 0.197 0.228 0.163 0.164 0.003]
[0.161 0.22  0.243 0.184 0.197 0.228 0.163 0.164 0.003]
[0.161 0.22  0.243 0.184 0.197 0.228 0.163 0.164 0.003]
[0.161 0.22  0.243 0.184 0.197 0.228 0.163 0.164 0.003]
[0.161 0.22  0.243 0.184 0.197 0.228 0.163 0.164 0.003]
[0.161 0.22  0.243 0.184 0.197 0.228 0.163 0.164 0.003]
[0.161 0.22  0.243 0.184 0.197 0.228 0.163 0.164 0.003]
[0.161 0.22  0.243 0.184 0.197 0.228 0.163 0.164 0.003]
[0.161 0.22  0.243 0.184 0.197 0.228 0.163 0.164 0.003]
[0.161 0.22  0.243 0.184 0.197 0.228 0.163 0.164 0.003]
[0.161 0.22  0.243 0.184 0.197 0.228 0.163 0.164 0.003]
[0.161 0.22  0.243 0.184 0.197 0.228 0.163 0.164 0.003]
[0.161 0.22  0.243 0.184 0.197 0.228 0.163 0.164 0.003]
[0.161 0.22  0.243 0.184 0.197 0.228 0.163 0.164 0.003]
[0.161 0.22  0.243 0.184 0.197 0.228 0.163 0.164 0.003]
[0.161 0.22  0.243 0.184 0.197 0.228 0.163 0.164 0.003]
[0.161 0.22  0.243 0.184 0.197 0.228 0.163 0.164 0.003]
[0.161 0.22  0.243 0.184 0.197 0.228 0.163 0.164 0.003]
[0.161 0.22  0.243 0.184 0.197 0.228 0.163 0.164 0.003]
31,  0.55010,  0.71852,  0.60291,  0.92348,  64.68323,  515.10713
delay:
[0.149 0.207 0.23  0.176 0.19  0.224 0.148 0.158 0.005]
[0.149 0.207 0.23  0.176 0.19  0.224 0.148 0.158 0.005]
[0.149 0.207 0.23  0.176 0.19  0.224 0.148 0.158 0.005]
[0.149 0.207 0.23  0.176 0.19  0.224 0.148 0.158 0.005]
[0.149 0.207 0.23  0.176 0.19  0.224 0.148 0.158 0.005]
[0.149 0.207 0.23  0.176 0.19  0.224 0.148 0.158 0.005]
[0.149 0.207 0.23  0.176 0.19  0.224 0.148 0.158 0.005]
[0.149 0.207 0.23  0.176 0.19  0.224 0.148 0.158 0.005]
[0.149 0.207 0.23  0.176 0.19  0.224 0.148 0.158 0.005]
[0.149 0.207 0.23  0.176 0.19  0.224 0.148 0.158 0.005]
[0.149 0.207 0.23  0.176 0.19  0.224 0.148 0.158 0.005]
[0.149 0.207 0.23  0.176 0.19  0.224 0.148 0.158 0.005]
[0.149 0.207 0.23  0.176 0.19  0.224 0.148 0.158 0.005]
[0.149 0.207 0.23  0.176 0.19  0.224 0.148 0.158 0.005]
[0.149 0.207 0.23  0.176 0.19  0.224 0.148 0.158 0.005]
[0.149 0.207 0.23  0.176 0.19  0.224 0.148 0.158 0.005]
[0.149 0.207 0.23  0.176 0.19  0.224 0.148 0.158 0.005]
[0.149 0.207 0.23  0.176 0.19  0.224 0.148 0.158 0.005]
[0.149 0.207 0.23  0.176 0.19  0.224 0.148 0.158 0.005]
[0.149 0.207 0.23  0.176 0.19  0.224 0.148 0.158 0.005]
[0.149 0.207 0.23  0.176 0.19  0.224 0.148 0.158 0.005]
[0.149 0.207 0.23  0.176 0.19  0.224 0.148 0.158 0.005]
[0.149 0.207 0.23  0.176 0.19  0.224 0.148 0.158 0.005]
[0.149 0.207 0.23  0.176 0.19  0.224 0.148 0.158 0.005]
[0.149 0.207 0.23  0.176 0.19  0.224 0.148 0.158 0.005]
[0.149 0.207 0.23  0.176 0.19  0.224 0.148 0.158 0.005]
[0.149 0.207 0.23  0.176 0.19  0.224 0.148 0.158 0.005]
[0.149 0.207 0.23  0.176 0.19  0.224 0.148 0.158 0.005]
[0.149 0.207 0.23  0.176 0.19  0.224 0.148 0.158 0.005]
[0.149 0.207 0.23  0.176 0.19  0.224 0.148 0.158 0.005]
[0.149 0.207 0.23  0.176 0.19  0.224 0.148 0.158 0.005]
[0.149 0.207 0.23  0.176 0.19  0.224 0.148 0.158 0.005]
32,  0.56003,  0.71932,  0.60346,  0.92689,  65.93342,  519.05186
delay:
[0.142 0.196 0.216 0.172 0.187 0.207 0.146 0.155 0.003]
[0.142 0.196 0.216 0.172 0.187 0.207 0.146 0.155 0.003]
[0.142 0.196 0.216 0.172 0.187 0.207 0.146 0.155 0.003]
[0.142 0.196 0.216 0.172 0.187 0.207 0.146 0.155 0.003]
[0.142 0.196 0.216 0.172 0.187 0.207 0.146 0.155 0.003]
[0.142 0.196 0.216 0.172 0.187 0.207 0.146 0.155 0.003]
[0.142 0.196 0.216 0.172 0.187 0.207 0.146 0.155 0.003]
[0.142 0.196 0.216 0.172 0.187 0.207 0.146 0.155 0.003]
[0.142 0.196 0.216 0.172 0.187 0.207 0.146 0.155 0.003]
[0.142 0.196 0.216 0.172 0.187 0.207 0.146 0.155 0.003]
[0.142 0.196 0.216 0.172 0.187 0.207 0.146 0.155 0.003]
[0.142 0.196 0.216 0.172 0.187 0.207 0.146 0.155 0.003]
[0.142 0.196 0.216 0.172 0.187 0.207 0.146 0.155 0.003]
[0.142 0.196 0.216 0.172 0.187 0.207 0.146 0.155 0.003]
[0.142 0.196 0.216 0.172 0.187 0.207 0.146 0.155 0.003]
[0.142 0.196 0.216 0.172 0.187 0.207 0.146 0.155 0.003]
[0.142 0.196 0.216 0.172 0.187 0.207 0.146 0.155 0.003]
[0.142 0.196 0.216 0.172 0.187 0.207 0.146 0.155 0.003]
[0.142 0.196 0.216 0.172 0.187 0.207 0.146 0.155 0.003]
[0.142 0.196 0.216 0.172 0.187 0.207 0.146 0.155 0.003]
[0.142 0.196 0.216 0.172 0.187 0.207 0.146 0.155 0.003]
[0.142 0.196 0.216 0.172 0.187 0.207 0.146 0.155 0.003]
[0.142 0.196 0.216 0.172 0.187 0.207 0.146 0.155 0.003]
[0.142 0.196 0.216 0.172 0.187 0.207 0.146 0.155 0.003]
[0.142 0.196 0.216 0.172 0.187 0.207 0.146 0.155 0.003]
[0.142 0.196 0.216 0.172 0.187 0.207 0.146 0.155 0.003]
[0.142 0.196 0.216 0.172 0.187 0.207 0.146 0.155 0.003]
[0.142 0.196 0.216 0.172 0.187 0.207 0.146 0.155 0.003]
[0.142 0.196 0.216 0.172 0.187 0.207 0.146 0.155 0.003]
[0.142 0.196 0.216 0.172 0.187 0.207 0.146 0.155 0.003]
[0.142 0.196 0.216 0.172 0.187 0.207 0.146 0.155 0.003]
[0.142 0.196 0.216 0.172 0.187 0.207 0.146 0.155 0.003]
33,  0.55685,  0.71892,  0.60373,  0.93001,  74.47860,  539.97087
delay:
[0.143 0.186 0.21  0.163 0.178 0.214 0.138 0.151 0.002]
[0.143 0.186 0.21  0.163 0.178 0.214 0.138 0.151 0.002]
[0.143 0.186 0.21  0.163 0.178 0.214 0.138 0.151 0.002]
[0.143 0.186 0.21  0.163 0.178 0.214 0.138 0.151 0.002]
[0.143 0.186 0.21  0.163 0.178 0.214 0.138 0.151 0.002]
[0.143 0.186 0.21  0.163 0.178 0.214 0.138 0.151 0.002]
[0.143 0.186 0.21  0.163 0.178 0.214 0.138 0.151 0.002]
[0.143 0.186 0.21  0.163 0.178 0.214 0.138 0.151 0.002]
[0.143 0.186 0.21  0.163 0.178 0.214 0.138 0.151 0.002]
[0.143 0.186 0.21  0.163 0.178 0.214 0.138 0.151 0.002]
[0.143 0.186 0.21  0.163 0.178 0.214 0.138 0.151 0.002]
[0.143 0.186 0.21  0.163 0.178 0.214 0.138 0.151 0.002]
[0.143 0.186 0.21  0.163 0.178 0.214 0.138 0.151 0.002]
[0.143 0.186 0.21  0.163 0.178 0.214 0.138 0.151 0.002]
[0.143 0.186 0.21  0.163 0.178 0.214 0.138 0.151 0.002]
[0.143 0.186 0.21  0.163 0.178 0.214 0.138 0.151 0.002]
[0.143 0.186 0.21  0.163 0.178 0.214 0.138 0.151 0.002]
[0.143 0.186 0.21  0.163 0.178 0.214 0.138 0.151 0.002]
[0.143 0.186 0.21  0.163 0.178 0.214 0.138 0.151 0.002]
[0.143 0.186 0.21  0.163 0.178 0.214 0.138 0.151 0.002]
[0.143 0.186 0.21  0.163 0.178 0.214 0.138 0.151 0.002]
[0.143 0.186 0.21  0.163 0.178 0.214 0.138 0.151 0.002]
[0.143 0.186 0.21  0.163 0.178 0.214 0.138 0.151 0.002]
[0.143 0.186 0.21  0.163 0.178 0.214 0.138 0.151 0.002]
[0.143 0.186 0.21  0.163 0.178 0.214 0.138 0.151 0.002]
[0.143 0.186 0.21  0.163 0.178 0.214 0.138 0.151 0.002]
[0.143 0.186 0.21  0.163 0.178 0.214 0.138 0.151 0.002]
[0.143 0.186 0.21  0.163 0.178 0.214 0.138 0.151 0.002]
[0.143 0.186 0.21  0.163 0.178 0.214 0.138 0.151 0.002]
[0.143 0.186 0.21  0.163 0.178 0.214 0.138 0.151 0.002]
[0.143 0.186 0.21  0.163 0.178 0.214 0.138 0.151 0.002]
[0.143 0.186 0.21  0.163 0.178 0.214 0.138 0.151 0.002]
34,  0.56348,  0.71900,  0.60353,  0.93326,  74.92245,  537.43349
delay:
[0.139 0.189 0.204 0.165 0.175 0.212 0.132 0.147 0.002]
[0.139 0.189 0.204 0.165 0.175 0.212 0.132 0.147 0.002]
[0.139 0.189 0.204 0.165 0.175 0.212 0.132 0.147 0.002]
[0.139 0.189 0.204 0.165 0.175 0.212 0.132 0.147 0.002]
[0.139 0.189 0.204 0.165 0.175 0.212 0.132 0.147 0.002]
[0.139 0.189 0.204 0.165 0.175 0.212 0.132 0.147 0.002]
[0.139 0.189 0.204 0.165 0.175 0.212 0.132 0.147 0.002]
[0.139 0.189 0.204 0.165 0.175 0.212 0.132 0.147 0.002]
[0.139 0.189 0.204 0.165 0.175 0.212 0.132 0.147 0.002]
[0.139 0.189 0.204 0.165 0.175 0.212 0.132 0.147 0.002]
[0.139 0.189 0.204 0.165 0.175 0.212 0.132 0.147 0.002]
[0.139 0.189 0.204 0.165 0.175 0.212 0.132 0.147 0.002]
[0.139 0.189 0.204 0.165 0.175 0.212 0.132 0.147 0.002]
[0.139 0.189 0.204 0.165 0.175 0.212 0.132 0.147 0.002]
[0.139 0.189 0.204 0.165 0.175 0.212 0.132 0.147 0.002]
[0.139 0.189 0.204 0.165 0.175 0.212 0.132 0.147 0.002]
[0.139 0.189 0.204 0.165 0.175 0.212 0.132 0.147 0.002]
[0.139 0.189 0.204 0.165 0.175 0.212 0.132 0.147 0.002]
[0.139 0.189 0.204 0.165 0.175 0.212 0.132 0.147 0.002]
[0.139 0.189 0.204 0.165 0.175 0.212 0.132 0.147 0.002]
[0.139 0.189 0.204 0.165 0.175 0.212 0.132 0.147 0.002]
[0.139 0.189 0.204 0.165 0.175 0.212 0.132 0.147 0.002]
[0.139 0.189 0.204 0.165 0.175 0.212 0.132 0.147 0.002]
[0.139 0.189 0.204 0.165 0.175 0.212 0.132 0.147 0.002]
[0.139 0.189 0.204 0.165 0.175 0.212 0.132 0.147 0.002]
[0.139 0.189 0.204 0.165 0.175 0.212 0.132 0.147 0.002]
[0.139 0.189 0.204 0.165 0.175 0.212 0.132 0.147 0.002]
[0.139 0.189 0.204 0.165 0.175 0.212 0.132 0.147 0.002]
[0.139 0.189 0.204 0.165 0.175 0.212 0.132 0.147 0.002]
[0.139 0.189 0.204 0.165 0.175 0.212 0.132 0.147 0.002]
[0.139 0.189 0.204 0.165 0.175 0.212 0.132 0.147 0.002]
[0.139 0.189 0.204 0.165 0.175 0.212 0.132 0.147 0.002]
35,  0.55997,  0.71873,  0.60453,  0.93665,  76.29956,  528.18846
delay:
[0.141 0.186 0.202 0.163 0.17  0.207 0.127 0.146 0.   ]
[0.141 0.186 0.202 0.163 0.17  0.207 0.127 0.146 0.   ]
[0.141 0.186 0.202 0.163 0.17  0.207 0.127 0.146 0.   ]
[0.141 0.186 0.202 0.163 0.17  0.207 0.127 0.146 0.   ]
[0.141 0.186 0.202 0.163 0.17  0.207 0.127 0.146 0.   ]
[0.141 0.186 0.202 0.163 0.17  0.207 0.127 0.146 0.   ]
[0.141 0.186 0.202 0.163 0.17  0.207 0.127 0.146 0.   ]
[0.141 0.186 0.202 0.163 0.17  0.207 0.127 0.146 0.   ]
[0.141 0.186 0.202 0.163 0.17  0.207 0.127 0.146 0.   ]
[0.141 0.186 0.202 0.163 0.17  0.207 0.127 0.146 0.   ]
[0.141 0.186 0.202 0.163 0.17  0.207 0.127 0.146 0.   ]
[0.141 0.186 0.202 0.163 0.17  0.207 0.127 0.146 0.   ]
[0.141 0.186 0.202 0.163 0.17  0.207 0.127 0.146 0.   ]
[0.141 0.186 0.202 0.163 0.17  0.207 0.127 0.146 0.   ]
[0.141 0.186 0.202 0.163 0.17  0.207 0.127 0.146 0.   ]
[0.141 0.186 0.202 0.163 0.17  0.207 0.127 0.146 0.   ]
[0.141 0.186 0.202 0.163 0.17  0.207 0.127 0.146 0.   ]
[0.141 0.186 0.202 0.163 0.17  0.207 0.127 0.146 0.   ]
[0.141 0.186 0.202 0.163 0.17  0.207 0.127 0.146 0.   ]
[0.141 0.186 0.202 0.163 0.17  0.207 0.127 0.146 0.   ]
[0.141 0.186 0.202 0.163 0.17  0.207 0.127 0.146 0.   ]
[0.141 0.186 0.202 0.163 0.17  0.207 0.127 0.146 0.   ]
[0.141 0.186 0.202 0.163 0.17  0.207 0.127 0.146 0.   ]
[0.141 0.186 0.202 0.163 0.17  0.207 0.127 0.146 0.   ]
[0.141 0.186 0.202 0.163 0.17  0.207 0.127 0.146 0.   ]
[0.141 0.186 0.202 0.163 0.17  0.207 0.127 0.146 0.   ]
[0.141 0.186 0.202 0.163 0.17  0.207 0.127 0.146 0.   ]
[0.141 0.186 0.202 0.163 0.17  0.207 0.127 0.146 0.   ]
[0.141 0.186 0.202 0.163 0.17  0.207 0.127 0.146 0.   ]
[0.141 0.186 0.202 0.163 0.17  0.207 0.127 0.146 0.   ]
[0.141 0.186 0.202 0.163 0.17  0.207 0.127 0.146 0.   ]
[0.141 0.186 0.202 0.163 0.17  0.207 0.127 0.146 0.   ]
36,  0.55390,  0.71866,  0.60587,  0.93996,  77.57875,  543.48428
delay:
[0.135 0.18  0.206 0.159 0.164 0.202 0.136 0.143 0.005]
[0.135 0.18  0.206 0.159 0.164 0.202 0.136 0.143 0.005]
[0.135 0.18  0.206 0.159 0.164 0.202 0.136 0.143 0.005]
[0.135 0.18  0.206 0.159 0.164 0.202 0.136 0.143 0.005]
[0.135 0.18  0.206 0.159 0.164 0.202 0.136 0.143 0.005]
[0.135 0.18  0.206 0.159 0.164 0.202 0.136 0.143 0.005]
[0.135 0.18  0.206 0.159 0.164 0.202 0.136 0.143 0.005]
[0.135 0.18  0.206 0.159 0.164 0.202 0.136 0.143 0.005]
[0.135 0.18  0.206 0.159 0.164 0.202 0.136 0.143 0.005]
[0.135 0.18  0.206 0.159 0.164 0.202 0.136 0.143 0.005]
[0.135 0.18  0.206 0.159 0.164 0.202 0.136 0.143 0.005]
[0.135 0.18  0.206 0.159 0.164 0.202 0.136 0.143 0.005]
[0.135 0.18  0.206 0.159 0.164 0.202 0.136 0.143 0.005]
[0.135 0.18  0.206 0.159 0.164 0.202 0.136 0.143 0.005]
[0.135 0.18  0.206 0.159 0.164 0.202 0.136 0.143 0.005]
[0.135 0.18  0.206 0.159 0.164 0.202 0.136 0.143 0.005]
[0.135 0.18  0.206 0.159 0.164 0.202 0.136 0.143 0.005]
[0.135 0.18  0.206 0.159 0.164 0.202 0.136 0.143 0.005]
[0.135 0.18  0.206 0.159 0.164 0.202 0.136 0.143 0.005]
[0.135 0.18  0.206 0.159 0.164 0.202 0.136 0.143 0.005]
[0.135 0.18  0.206 0.159 0.164 0.202 0.136 0.143 0.005]
[0.135 0.18  0.206 0.159 0.164 0.202 0.136 0.143 0.005]
[0.135 0.18  0.206 0.159 0.164 0.202 0.136 0.143 0.005]
[0.135 0.18  0.206 0.159 0.164 0.202 0.136 0.143 0.005]
[0.135 0.18  0.206 0.159 0.164 0.202 0.136 0.143 0.005]
[0.135 0.18  0.206 0.159 0.164 0.202 0.136 0.143 0.005]
[0.135 0.18  0.206 0.159 0.164 0.202 0.136 0.143 0.005]
[0.135 0.18  0.206 0.159 0.164 0.202 0.136 0.143 0.005]
[0.135 0.18  0.206 0.159 0.164 0.202 0.136 0.143 0.005]
[0.135 0.18  0.206 0.159 0.164 0.202 0.136 0.143 0.005]
[0.135 0.18  0.206 0.159 0.164 0.202 0.136 0.143 0.005]
[0.135 0.18  0.206 0.159 0.164 0.202 0.136 0.143 0.005]
37,  0.55958,  0.71868,  0.60632,  0.94236,  79.60986,  537.46658
delay:
[0.129 0.176 0.197 0.156 0.164 0.203 0.137 0.142 0.   ]
[0.129 0.176 0.197 0.156 0.164 0.203 0.137 0.142 0.   ]
[0.129 0.176 0.197 0.156 0.164 0.203 0.137 0.142 0.   ]
[0.129 0.176 0.197 0.156 0.164 0.203 0.137 0.142 0.   ]
[0.129 0.176 0.197 0.156 0.164 0.203 0.137 0.142 0.   ]
[0.129 0.176 0.197 0.156 0.164 0.203 0.137 0.142 0.   ]
[0.129 0.176 0.197 0.156 0.164 0.203 0.137 0.142 0.   ]
[0.129 0.176 0.197 0.156 0.164 0.203 0.137 0.142 0.   ]
[0.129 0.176 0.197 0.156 0.164 0.203 0.137 0.142 0.   ]
[0.129 0.176 0.197 0.156 0.164 0.203 0.137 0.142 0.   ]
[0.129 0.176 0.197 0.156 0.164 0.203 0.137 0.142 0.   ]
[0.129 0.176 0.197 0.156 0.164 0.203 0.137 0.142 0.   ]
[0.129 0.176 0.197 0.156 0.164 0.203 0.137 0.142 0.   ]
[0.129 0.176 0.197 0.156 0.164 0.203 0.137 0.142 0.   ]
[0.129 0.176 0.197 0.156 0.164 0.203 0.137 0.142 0.   ]
[0.129 0.176 0.197 0.156 0.164 0.203 0.137 0.142 0.   ]
[0.129 0.176 0.197 0.156 0.164 0.203 0.137 0.142 0.   ]
[0.129 0.176 0.197 0.156 0.164 0.203 0.137 0.142 0.   ]
[0.129 0.176 0.197 0.156 0.164 0.203 0.137 0.142 0.   ]
[0.129 0.176 0.197 0.156 0.164 0.203 0.137 0.142 0.   ]
[0.129 0.176 0.197 0.156 0.164 0.203 0.137 0.142 0.   ]
[0.129 0.176 0.197 0.156 0.164 0.203 0.137 0.142 0.   ]
[0.129 0.176 0.197 0.156 0.164 0.203 0.137 0.142 0.   ]
[0.129 0.176 0.197 0.156 0.164 0.203 0.137 0.142 0.   ]
[0.129 0.176 0.197 0.156 0.164 0.203 0.137 0.142 0.   ]
[0.129 0.176 0.197 0.156 0.164 0.203 0.137 0.142 0.   ]
[0.129 0.176 0.197 0.156 0.164 0.203 0.137 0.142 0.   ]
[0.129 0.176 0.197 0.156 0.164 0.203 0.137 0.142 0.   ]
[0.129 0.176 0.197 0.156 0.164 0.203 0.137 0.142 0.   ]
[0.129 0.176 0.197 0.156 0.164 0.203 0.137 0.142 0.   ]
[0.129 0.176 0.197 0.156 0.164 0.203 0.137 0.142 0.   ]
[0.129 0.176 0.197 0.156 0.164 0.203 0.137 0.142 0.   ]
38,  0.56389,  0.71863,  0.60669,  0.94453,  81.63618,  537.85204
delay:
[0.123 0.168 0.189 0.149 0.159 0.197 0.127 0.141 0.   ]
[0.123 0.168 0.189 0.149 0.159 0.197 0.127 0.141 0.   ]
[0.123 0.168 0.189 0.149 0.159 0.197 0.127 0.141 0.   ]
[0.123 0.168 0.189 0.149 0.159 0.197 0.127 0.141 0.   ]
[0.123 0.168 0.189 0.149 0.159 0.197 0.127 0.141 0.   ]
[0.123 0.168 0.189 0.149 0.159 0.197 0.127 0.141 0.   ]
[0.123 0.168 0.189 0.149 0.159 0.197 0.127 0.141 0.   ]
[0.123 0.168 0.189 0.149 0.159 0.197 0.127 0.141 0.   ]
[0.123 0.168 0.189 0.149 0.159 0.197 0.127 0.141 0.   ]
[0.123 0.168 0.189 0.149 0.159 0.197 0.127 0.141 0.   ]
[0.123 0.168 0.189 0.149 0.159 0.197 0.127 0.141 0.   ]
[0.123 0.168 0.189 0.149 0.159 0.197 0.127 0.141 0.   ]
[0.123 0.168 0.189 0.149 0.159 0.197 0.127 0.141 0.   ]
[0.123 0.168 0.189 0.149 0.159 0.197 0.127 0.141 0.   ]
[0.123 0.168 0.189 0.149 0.159 0.197 0.127 0.141 0.   ]
[0.123 0.168 0.189 0.149 0.159 0.197 0.127 0.141 0.   ]
[0.123 0.168 0.189 0.149 0.159 0.197 0.127 0.141 0.   ]
[0.123 0.168 0.189 0.149 0.159 0.197 0.127 0.141 0.   ]
[0.123 0.168 0.189 0.149 0.159 0.197 0.127 0.141 0.   ]
[0.123 0.168 0.189 0.149 0.159 0.197 0.127 0.141 0.   ]
[0.123 0.168 0.189 0.149 0.159 0.197 0.127 0.141 0.   ]
[0.123 0.168 0.189 0.149 0.159 0.197 0.127 0.141 0.   ]
[0.123 0.168 0.189 0.149 0.159 0.197 0.127 0.141 0.   ]
[0.123 0.168 0.189 0.149 0.159 0.197 0.127 0.141 0.   ]
[0.123 0.168 0.189 0.149 0.159 0.197 0.127 0.141 0.   ]
[0.123 0.168 0.189 0.149 0.159 0.197 0.127 0.141 0.   ]
[0.123 0.168 0.189 0.149 0.159 0.197 0.127 0.141 0.   ]
[0.123 0.168 0.189 0.149 0.159 0.197 0.127 0.141 0.   ]
[0.123 0.168 0.189 0.149 0.159 0.197 0.127 0.141 0.   ]
[0.123 0.168 0.189 0.149 0.159 0.197 0.127 0.141 0.   ]
[0.123 0.168 0.189 0.149 0.159 0.197 0.127 0.141 0.   ]
[0.123 0.168 0.189 0.149 0.159 0.197 0.127 0.141 0.   ]
39,  0.57195,  0.71879,  0.60733,  0.94692,  87.82769,  546.19880
delay:
[0.119 0.167 0.185 0.145 0.156 0.198 0.126 0.14  0.001]
[0.119 0.167 0.185 0.145 0.156 0.198 0.126 0.14  0.001]
[0.119 0.167 0.185 0.145 0.156 0.198 0.126 0.14  0.001]
[0.119 0.167 0.185 0.145 0.156 0.198 0.126 0.14  0.001]
[0.119 0.167 0.185 0.145 0.156 0.198 0.126 0.14  0.001]
[0.119 0.167 0.185 0.145 0.156 0.198 0.126 0.14  0.001]
[0.119 0.167 0.185 0.145 0.156 0.198 0.126 0.14  0.001]
[0.119 0.167 0.185 0.145 0.156 0.198 0.126 0.14  0.001]
[0.119 0.167 0.185 0.145 0.156 0.198 0.126 0.14  0.001]
[0.119 0.167 0.185 0.145 0.156 0.198 0.126 0.14  0.001]
[0.119 0.167 0.185 0.145 0.156 0.198 0.126 0.14  0.001]
[0.119 0.167 0.185 0.145 0.156 0.198 0.126 0.14  0.001]
[0.119 0.167 0.185 0.145 0.156 0.198 0.126 0.14  0.001]
[0.119 0.167 0.185 0.145 0.156 0.198 0.126 0.14  0.001]
[0.119 0.167 0.185 0.145 0.156 0.198 0.126 0.14  0.001]
[0.119 0.167 0.185 0.145 0.156 0.198 0.126 0.14  0.001]
[0.119 0.167 0.185 0.145 0.156 0.198 0.126 0.14  0.001]
[0.119 0.167 0.185 0.145 0.156 0.198 0.126 0.14  0.001]
[0.119 0.167 0.185 0.145 0.156 0.198 0.126 0.14  0.001]
[0.119 0.167 0.185 0.145 0.156 0.198 0.126 0.14  0.001]
[0.119 0.167 0.185 0.145 0.156 0.198 0.126 0.14  0.001]
[0.119 0.167 0.185 0.145 0.156 0.198 0.126 0.14  0.001]
[0.119 0.167 0.185 0.145 0.156 0.198 0.126 0.14  0.001]
[0.119 0.167 0.185 0.145 0.156 0.198 0.126 0.14  0.001]
[0.119 0.167 0.185 0.145 0.156 0.198 0.126 0.14  0.001]
[0.119 0.167 0.185 0.145 0.156 0.198 0.126 0.14  0.001]
[0.119 0.167 0.185 0.145 0.156 0.198 0.126 0.14  0.001]
[0.119 0.167 0.185 0.145 0.156 0.198 0.126 0.14  0.001]
[0.119 0.167 0.185 0.145 0.156 0.198 0.126 0.14  0.001]
[0.119 0.167 0.185 0.145 0.156 0.198 0.126 0.14  0.001]
[0.119 0.167 0.185 0.145 0.156 0.198 0.126 0.14  0.001]
[0.119 0.167 0.185 0.145 0.156 0.198 0.126 0.14  0.001]
40,  0.55417,  0.71869,  0.60775,  0.94964,  85.73139,  536.66234
delay:
[0.123 0.16  0.19  0.143 0.153 0.196 0.126 0.129 0.001]
[0.123 0.16  0.19  0.143 0.153 0.196 0.126 0.129 0.001]
[0.123 0.16  0.19  0.143 0.153 0.196 0.126 0.129 0.001]
[0.123 0.16  0.19  0.143 0.153 0.196 0.126 0.129 0.001]
[0.123 0.16  0.19  0.143 0.153 0.196 0.126 0.129 0.001]
[0.123 0.16  0.19  0.143 0.153 0.196 0.126 0.129 0.001]
[0.123 0.16  0.19  0.143 0.153 0.196 0.126 0.129 0.001]
[0.123 0.16  0.19  0.143 0.153 0.196 0.126 0.129 0.001]
[0.123 0.16  0.19  0.143 0.153 0.196 0.126 0.129 0.001]
[0.123 0.16  0.19  0.143 0.153 0.196 0.126 0.129 0.001]
[0.123 0.16  0.19  0.143 0.153 0.196 0.126 0.129 0.001]
[0.123 0.16  0.19  0.143 0.153 0.196 0.126 0.129 0.001]
[0.123 0.16  0.19  0.143 0.153 0.196 0.126 0.129 0.001]
[0.123 0.16  0.19  0.143 0.153 0.196 0.126 0.129 0.001]
[0.123 0.16  0.19  0.143 0.153 0.196 0.126 0.129 0.001]
[0.123 0.16  0.19  0.143 0.153 0.196 0.126 0.129 0.001]
[0.123 0.16  0.19  0.143 0.153 0.196 0.126 0.129 0.001]
[0.123 0.16  0.19  0.143 0.153 0.196 0.126 0.129 0.001]
[0.123 0.16  0.19  0.143 0.153 0.196 0.126 0.129 0.001]
[0.123 0.16  0.19  0.143 0.153 0.196 0.126 0.129 0.001]
[0.123 0.16  0.19  0.143 0.153 0.196 0.126 0.129 0.001]
[0.123 0.16  0.19  0.143 0.153 0.196 0.126 0.129 0.001]
[0.123 0.16  0.19  0.143 0.153 0.196 0.126 0.129 0.001]
[0.123 0.16  0.19  0.143 0.153 0.196 0.126 0.129 0.001]
[0.123 0.16  0.19  0.143 0.153 0.196 0.126 0.129 0.001]
[0.123 0.16  0.19  0.143 0.153 0.196 0.126 0.129 0.001]
[0.123 0.16  0.19  0.143 0.153 0.196 0.126 0.129 0.001]
[0.123 0.16  0.19  0.143 0.153 0.196 0.126 0.129 0.001]
[0.123 0.16  0.19  0.143 0.153 0.196 0.126 0.129 0.001]
[0.123 0.16  0.19  0.143 0.153 0.196 0.126 0.129 0.001]
[0.123 0.16  0.19  0.143 0.153 0.196 0.126 0.129 0.001]
[0.123 0.16  0.19  0.143 0.153 0.196 0.126 0.129 0.001]
41,  0.56522,  0.71860,  0.60827,  0.95156,  78.37823,  498.88571
delay:
[0.12  0.16  0.187 0.143 0.151 0.183 0.128 0.131 0.001]
[0.12  0.16  0.187 0.143 0.151 0.183 0.128 0.131 0.001]
[0.12  0.16  0.187 0.143 0.151 0.183 0.128 0.131 0.001]
[0.12  0.16  0.187 0.143 0.151 0.183 0.128 0.131 0.001]
[0.12  0.16  0.187 0.143 0.151 0.183 0.128 0.131 0.001]
[0.12  0.16  0.187 0.143 0.151 0.183 0.128 0.131 0.001]
[0.12  0.16  0.187 0.143 0.151 0.183 0.128 0.131 0.001]
[0.12  0.16  0.187 0.143 0.151 0.183 0.128 0.131 0.001]
[0.12  0.16  0.187 0.143 0.151 0.183 0.128 0.131 0.001]
[0.12  0.16  0.187 0.143 0.151 0.183 0.128 0.131 0.001]
[0.12  0.16  0.187 0.143 0.151 0.183 0.128 0.131 0.001]
[0.12  0.16  0.187 0.143 0.151 0.183 0.128 0.131 0.001]
[0.12  0.16  0.187 0.143 0.151 0.183 0.128 0.131 0.001]
[0.12  0.16  0.187 0.143 0.151 0.183 0.128 0.131 0.001]
[0.12  0.16  0.187 0.143 0.151 0.183 0.128 0.131 0.001]
[0.12  0.16  0.187 0.143 0.151 0.183 0.128 0.131 0.001]
[0.12  0.16  0.187 0.143 0.151 0.183 0.128 0.131 0.001]
[0.12  0.16  0.187 0.143 0.151 0.183 0.128 0.131 0.001]
[0.12  0.16  0.187 0.143 0.151 0.183 0.128 0.131 0.001]
[0.12  0.16  0.187 0.143 0.151 0.183 0.128 0.131 0.001]
[0.12  0.16  0.187 0.143 0.151 0.183 0.128 0.131 0.001]
[0.12  0.16  0.187 0.143 0.151 0.183 0.128 0.131 0.001]
[0.12  0.16  0.187 0.143 0.151 0.183 0.128 0.131 0.001]
[0.12  0.16  0.187 0.143 0.151 0.183 0.128 0.131 0.001]
[0.12  0.16  0.187 0.143 0.151 0.183 0.128 0.131 0.001]
[0.12  0.16  0.187 0.143 0.151 0.183 0.128 0.131 0.001]
[0.12  0.16  0.187 0.143 0.151 0.183 0.128 0.131 0.001]
[0.12  0.16  0.187 0.143 0.151 0.183 0.128 0.131 0.001]
[0.12  0.16  0.187 0.143 0.151 0.183 0.128 0.131 0.001]
[0.12  0.16  0.187 0.143 0.151 0.183 0.128 0.131 0.001]
[0.12  0.16  0.187 0.143 0.151 0.183 0.128 0.131 0.001]
[0.12  0.16  0.187 0.143 0.151 0.183 0.128 0.131 0.001]
42,  0.56076,  0.71839,  0.60882,  0.95276,  80.10996,  505.75059
delay:
[0.117 0.159 0.179 0.14  0.148 0.184 0.125 0.128 0.003]
[0.117 0.159 0.179 0.14  0.148 0.184 0.125 0.128 0.003]
[0.117 0.159 0.179 0.14  0.148 0.184 0.125 0.128 0.003]
[0.117 0.159 0.179 0.14  0.148 0.184 0.125 0.128 0.003]
[0.117 0.159 0.179 0.14  0.148 0.184 0.125 0.128 0.003]
[0.117 0.159 0.179 0.14  0.148 0.184 0.125 0.128 0.003]
[0.117 0.159 0.179 0.14  0.148 0.184 0.125 0.128 0.003]
[0.117 0.159 0.179 0.14  0.148 0.184 0.125 0.128 0.003]
[0.117 0.159 0.179 0.14  0.148 0.184 0.125 0.128 0.003]
[0.117 0.159 0.179 0.14  0.148 0.184 0.125 0.128 0.003]
[0.117 0.159 0.179 0.14  0.148 0.184 0.125 0.128 0.003]
[0.117 0.159 0.179 0.14  0.148 0.184 0.125 0.128 0.003]
[0.117 0.159 0.179 0.14  0.148 0.184 0.125 0.128 0.003]
[0.117 0.159 0.179 0.14  0.148 0.184 0.125 0.128 0.003]
[0.117 0.159 0.179 0.14  0.148 0.184 0.125 0.128 0.003]
[0.117 0.159 0.179 0.14  0.148 0.184 0.125 0.128 0.003]
[0.117 0.159 0.179 0.14  0.148 0.184 0.125 0.128 0.003]
[0.117 0.159 0.179 0.14  0.148 0.184 0.125 0.128 0.003]
[0.117 0.159 0.179 0.14  0.148 0.184 0.125 0.128 0.003]
[0.117 0.159 0.179 0.14  0.148 0.184 0.125 0.128 0.003]
[0.117 0.159 0.179 0.14  0.148 0.184 0.125 0.128 0.003]
[0.117 0.159 0.179 0.14  0.148 0.184 0.125 0.128 0.003]
[0.117 0.159 0.179 0.14  0.148 0.184 0.125 0.128 0.003]
[0.117 0.159 0.179 0.14  0.148 0.184 0.125 0.128 0.003]
[0.117 0.159 0.179 0.14  0.148 0.184 0.125 0.128 0.003]
[0.117 0.159 0.179 0.14  0.148 0.184 0.125 0.128 0.003]
[0.117 0.159 0.179 0.14  0.148 0.184 0.125 0.128 0.003]
[0.117 0.159 0.179 0.14  0.148 0.184 0.125 0.128 0.003]
[0.117 0.159 0.179 0.14  0.148 0.184 0.125 0.128 0.003]
[0.117 0.159 0.179 0.14  0.148 0.184 0.125 0.128 0.003]
[0.117 0.159 0.179 0.14  0.148 0.184 0.125 0.128 0.003]
[0.117 0.159 0.179 0.14  0.148 0.184 0.125 0.128 0.003]
43,  0.56134,  0.71860,  0.60958,  0.95376,  86.47771,  529.90709
delay:
[0.116 0.155 0.19  0.141 0.147 0.18  0.123 0.131 0.001]
[0.116 0.155 0.19  0.141 0.147 0.18  0.123 0.131 0.001]
[0.116 0.155 0.19  0.141 0.147 0.18  0.123 0.131 0.001]
[0.116 0.155 0.19  0.141 0.147 0.18  0.123 0.131 0.001]
[0.116 0.155 0.19  0.141 0.147 0.18  0.123 0.131 0.001]
[0.116 0.155 0.19  0.141 0.147 0.18  0.123 0.131 0.001]
[0.116 0.155 0.19  0.141 0.147 0.18  0.123 0.131 0.001]
[0.116 0.155 0.19  0.141 0.147 0.18  0.123 0.131 0.001]
[0.116 0.155 0.19  0.141 0.147 0.18  0.123 0.131 0.001]
[0.116 0.155 0.19  0.141 0.147 0.18  0.123 0.131 0.001]
[0.116 0.155 0.19  0.141 0.147 0.18  0.123 0.131 0.001]
[0.116 0.155 0.19  0.141 0.147 0.18  0.123 0.131 0.001]
[0.116 0.155 0.19  0.141 0.147 0.18  0.123 0.131 0.001]
[0.116 0.155 0.19  0.141 0.147 0.18  0.123 0.131 0.001]
[0.116 0.155 0.19  0.141 0.147 0.18  0.123 0.131 0.001]
[0.116 0.155 0.19  0.141 0.147 0.18  0.123 0.131 0.001]
[0.116 0.155 0.19  0.141 0.147 0.18  0.123 0.131 0.001]
[0.116 0.155 0.19  0.141 0.147 0.18  0.123 0.131 0.001]
[0.116 0.155 0.19  0.141 0.147 0.18  0.123 0.131 0.001]
[0.116 0.155 0.19  0.141 0.147 0.18  0.123 0.131 0.001]
[0.116 0.155 0.19  0.141 0.147 0.18  0.123 0.131 0.001]
[0.116 0.155 0.19  0.141 0.147 0.18  0.123 0.131 0.001]
[0.116 0.155 0.19  0.141 0.147 0.18  0.123 0.131 0.001]
[0.116 0.155 0.19  0.141 0.147 0.18  0.123 0.131 0.001]
[0.116 0.155 0.19  0.141 0.147 0.18  0.123 0.131 0.001]
[0.116 0.155 0.19  0.141 0.147 0.18  0.123 0.131 0.001]
[0.116 0.155 0.19  0.141 0.147 0.18  0.123 0.131 0.001]
[0.116 0.155 0.19  0.141 0.147 0.18  0.123 0.131 0.001]
[0.116 0.155 0.19  0.141 0.147 0.18  0.123 0.131 0.001]
[0.116 0.155 0.19  0.141 0.147 0.18  0.123 0.131 0.001]
[0.116 0.155 0.19  0.141 0.147 0.18  0.123 0.131 0.001]
[0.116 0.155 0.19  0.141 0.147 0.18  0.123 0.131 0.001]
44,  0.56284,  0.71835,  0.60935,  0.95513,  83.07222,  514.37310
delay:
[0.118 0.158 0.182 0.139 0.145 0.181 0.116 0.128 0.001]
[0.118 0.158 0.182 0.139 0.145 0.181 0.116 0.128 0.001]
[0.118 0.158 0.182 0.139 0.145 0.181 0.116 0.128 0.001]
[0.118 0.158 0.182 0.139 0.145 0.181 0.116 0.128 0.001]
[0.118 0.158 0.182 0.139 0.145 0.181 0.116 0.128 0.001]
[0.118 0.158 0.182 0.139 0.145 0.181 0.116 0.128 0.001]
[0.118 0.158 0.182 0.139 0.145 0.181 0.116 0.128 0.001]
[0.118 0.158 0.182 0.139 0.145 0.181 0.116 0.128 0.001]
[0.118 0.158 0.182 0.139 0.145 0.181 0.116 0.128 0.001]
[0.118 0.158 0.182 0.139 0.145 0.181 0.116 0.128 0.001]
[0.118 0.158 0.182 0.139 0.145 0.181 0.116 0.128 0.001]
[0.118 0.158 0.182 0.139 0.145 0.181 0.116 0.128 0.001]
[0.118 0.158 0.182 0.139 0.145 0.181 0.116 0.128 0.001]
[0.118 0.158 0.182 0.139 0.145 0.181 0.116 0.128 0.001]
[0.118 0.158 0.182 0.139 0.145 0.181 0.116 0.128 0.001]
[0.118 0.158 0.182 0.139 0.145 0.181 0.116 0.128 0.001]
[0.118 0.158 0.182 0.139 0.145 0.181 0.116 0.128 0.001]
[0.118 0.158 0.182 0.139 0.145 0.181 0.116 0.128 0.001]
[0.118 0.158 0.182 0.139 0.145 0.181 0.116 0.128 0.001]
[0.118 0.158 0.182 0.139 0.145 0.181 0.116 0.128 0.001]
[0.118 0.158 0.182 0.139 0.145 0.181 0.116 0.128 0.001]
[0.118 0.158 0.182 0.139 0.145 0.181 0.116 0.128 0.001]
[0.118 0.158 0.182 0.139 0.145 0.181 0.116 0.128 0.001]
[0.118 0.158 0.182 0.139 0.145 0.181 0.116 0.128 0.001]
[0.118 0.158 0.182 0.139 0.145 0.181 0.116 0.128 0.001]
[0.118 0.158 0.182 0.139 0.145 0.181 0.116 0.128 0.001]
[0.118 0.158 0.182 0.139 0.145 0.181 0.116 0.128 0.001]
[0.118 0.158 0.182 0.139 0.145 0.181 0.116 0.128 0.001]
[0.118 0.158 0.182 0.139 0.145 0.181 0.116 0.128 0.001]
[0.118 0.158 0.182 0.139 0.145 0.181 0.116 0.128 0.001]
[0.118 0.158 0.182 0.139 0.145 0.181 0.116 0.128 0.001]
[0.118 0.158 0.182 0.139 0.145 0.181 0.116 0.128 0.001]
45,  0.56308,  0.71824,  0.60978,  0.95592,  84.66933,  526.75860
delay:
[0.116 0.151 0.172 0.135 0.143 0.18  0.117 0.128 0.   ]
[0.116 0.151 0.172 0.135 0.143 0.18  0.117 0.128 0.   ]
[0.116 0.151 0.172 0.135 0.143 0.18  0.117 0.128 0.   ]
[0.116 0.151 0.172 0.135 0.143 0.18  0.117 0.128 0.   ]
[0.116 0.151 0.172 0.135 0.143 0.18  0.117 0.128 0.   ]
[0.116 0.151 0.172 0.135 0.143 0.18  0.117 0.128 0.   ]
[0.116 0.151 0.172 0.135 0.143 0.18  0.117 0.128 0.   ]
[0.116 0.151 0.172 0.135 0.143 0.18  0.117 0.128 0.   ]
[0.116 0.151 0.172 0.135 0.143 0.18  0.117 0.128 0.   ]
[0.116 0.151 0.172 0.135 0.143 0.18  0.117 0.128 0.   ]
[0.116 0.151 0.172 0.135 0.143 0.18  0.117 0.128 0.   ]
[0.116 0.151 0.172 0.135 0.143 0.18  0.117 0.128 0.   ]
[0.116 0.151 0.172 0.135 0.143 0.18  0.117 0.128 0.   ]
[0.116 0.151 0.172 0.135 0.143 0.18  0.117 0.128 0.   ]
[0.116 0.151 0.172 0.135 0.143 0.18  0.117 0.128 0.   ]
[0.116 0.151 0.172 0.135 0.143 0.18  0.117 0.128 0.   ]
[0.116 0.151 0.172 0.135 0.143 0.18  0.117 0.128 0.   ]
[0.116 0.151 0.172 0.135 0.143 0.18  0.117 0.128 0.   ]
[0.116 0.151 0.172 0.135 0.143 0.18  0.117 0.128 0.   ]
[0.116 0.151 0.172 0.135 0.143 0.18  0.117 0.128 0.   ]
[0.116 0.151 0.172 0.135 0.143 0.18  0.117 0.128 0.   ]
[0.116 0.151 0.172 0.135 0.143 0.18  0.117 0.128 0.   ]
[0.116 0.151 0.172 0.135 0.143 0.18  0.117 0.128 0.   ]
[0.116 0.151 0.172 0.135 0.143 0.18  0.117 0.128 0.   ]
[0.116 0.151 0.172 0.135 0.143 0.18  0.117 0.128 0.   ]
[0.116 0.151 0.172 0.135 0.143 0.18  0.117 0.128 0.   ]
[0.116 0.151 0.172 0.135 0.143 0.18  0.117 0.128 0.   ]
[0.116 0.151 0.172 0.135 0.143 0.18  0.117 0.128 0.   ]
[0.116 0.151 0.172 0.135 0.143 0.18  0.117 0.128 0.   ]
[0.116 0.151 0.172 0.135 0.143 0.18  0.117 0.128 0.   ]
[0.116 0.151 0.172 0.135 0.143 0.18  0.117 0.128 0.   ]
[0.116 0.151 0.172 0.135 0.143 0.18  0.117 0.128 0.   ]
46,  0.56436,  0.71823,  0.60977,  0.95725,  84.15313,  514.09707
delay:
[0.112 0.148 0.175 0.135 0.144 0.176 0.116 0.128 0.   ]
[0.112 0.148 0.175 0.135 0.144 0.176 0.116 0.128 0.   ]
[0.112 0.148 0.175 0.135 0.144 0.176 0.116 0.128 0.   ]
[0.112 0.148 0.175 0.135 0.144 0.176 0.116 0.128 0.   ]
[0.112 0.148 0.175 0.135 0.144 0.176 0.116 0.128 0.   ]
[0.112 0.148 0.175 0.135 0.144 0.176 0.116 0.128 0.   ]
[0.112 0.148 0.175 0.135 0.144 0.176 0.116 0.128 0.   ]
[0.112 0.148 0.175 0.135 0.144 0.176 0.116 0.128 0.   ]
[0.112 0.148 0.175 0.135 0.144 0.176 0.116 0.128 0.   ]
[0.112 0.148 0.175 0.135 0.144 0.176 0.116 0.128 0.   ]
[0.112 0.148 0.175 0.135 0.144 0.176 0.116 0.128 0.   ]
[0.112 0.148 0.175 0.135 0.144 0.176 0.116 0.128 0.   ]
[0.112 0.148 0.175 0.135 0.144 0.176 0.116 0.128 0.   ]
[0.112 0.148 0.175 0.135 0.144 0.176 0.116 0.128 0.   ]
[0.112 0.148 0.175 0.135 0.144 0.176 0.116 0.128 0.   ]
[0.112 0.148 0.175 0.135 0.144 0.176 0.116 0.128 0.   ]
[0.112 0.148 0.175 0.135 0.144 0.176 0.116 0.128 0.   ]
[0.112 0.148 0.175 0.135 0.144 0.176 0.116 0.128 0.   ]
[0.112 0.148 0.175 0.135 0.144 0.176 0.116 0.128 0.   ]
[0.112 0.148 0.175 0.135 0.144 0.176 0.116 0.128 0.   ]
[0.112 0.148 0.175 0.135 0.144 0.176 0.116 0.128 0.   ]
[0.112 0.148 0.175 0.135 0.144 0.176 0.116 0.128 0.   ]
[0.112 0.148 0.175 0.135 0.144 0.176 0.116 0.128 0.   ]
[0.112 0.148 0.175 0.135 0.144 0.176 0.116 0.128 0.   ]
[0.112 0.148 0.175 0.135 0.144 0.176 0.116 0.128 0.   ]
[0.112 0.148 0.175 0.135 0.144 0.176 0.116 0.128 0.   ]
[0.112 0.148 0.175 0.135 0.144 0.176 0.116 0.128 0.   ]
[0.112 0.148 0.175 0.135 0.144 0.176 0.116 0.128 0.   ]
[0.112 0.148 0.175 0.135 0.144 0.176 0.116 0.128 0.   ]
[0.112 0.148 0.175 0.135 0.144 0.176 0.116 0.128 0.   ]
[0.112 0.148 0.175 0.135 0.144 0.176 0.116 0.128 0.   ]
[0.112 0.148 0.175 0.135 0.144 0.176 0.116 0.128 0.   ]
47,  0.56160,  0.71829,  0.61084,  0.95847,  86.13823,  508.62497
delay:
[0.111 0.148 0.177 0.136 0.141 0.178 0.118 0.125 0.001]
[0.111 0.148 0.177 0.136 0.141 0.178 0.118 0.125 0.001]
[0.111 0.148 0.177 0.136 0.141 0.178 0.118 0.125 0.001]
[0.111 0.148 0.177 0.136 0.141 0.178 0.118 0.125 0.001]
[0.111 0.148 0.177 0.136 0.141 0.178 0.118 0.125 0.001]
[0.111 0.148 0.177 0.136 0.141 0.178 0.118 0.125 0.001]
[0.111 0.148 0.177 0.136 0.141 0.178 0.118 0.125 0.001]
[0.111 0.148 0.177 0.136 0.141 0.178 0.118 0.125 0.001]
[0.111 0.148 0.177 0.136 0.141 0.178 0.118 0.125 0.001]
[0.111 0.148 0.177 0.136 0.141 0.178 0.118 0.125 0.001]
[0.111 0.148 0.177 0.136 0.141 0.178 0.118 0.125 0.001]
[0.111 0.148 0.177 0.136 0.141 0.178 0.118 0.125 0.001]
[0.111 0.148 0.177 0.136 0.141 0.178 0.118 0.125 0.001]
[0.111 0.148 0.177 0.136 0.141 0.178 0.118 0.125 0.001]
[0.111 0.148 0.177 0.136 0.141 0.178 0.118 0.125 0.001]
[0.111 0.148 0.177 0.136 0.141 0.178 0.118 0.125 0.001]
[0.111 0.148 0.177 0.136 0.141 0.178 0.118 0.125 0.001]
[0.111 0.148 0.177 0.136 0.141 0.178 0.118 0.125 0.001]
[0.111 0.148 0.177 0.136 0.141 0.178 0.118 0.125 0.001]
[0.111 0.148 0.177 0.136 0.141 0.178 0.118 0.125 0.001]
[0.111 0.148 0.177 0.136 0.141 0.178 0.118 0.125 0.001]
[0.111 0.148 0.177 0.136 0.141 0.178 0.118 0.125 0.001]
[0.111 0.148 0.177 0.136 0.141 0.178 0.118 0.125 0.001]
[0.111 0.148 0.177 0.136 0.141 0.178 0.118 0.125 0.001]
[0.111 0.148 0.177 0.136 0.141 0.178 0.118 0.125 0.001]
[0.111 0.148 0.177 0.136 0.141 0.178 0.118 0.125 0.001]
[0.111 0.148 0.177 0.136 0.141 0.178 0.118 0.125 0.001]
[0.111 0.148 0.177 0.136 0.141 0.178 0.118 0.125 0.001]
[0.111 0.148 0.177 0.136 0.141 0.178 0.118 0.125 0.001]
[0.111 0.148 0.177 0.136 0.141 0.178 0.118 0.125 0.001]
[0.111 0.148 0.177 0.136 0.141 0.178 0.118 0.125 0.001]
[0.111 0.148 0.177 0.136 0.141 0.178 0.118 0.125 0.001]
48,  0.56291,  0.71810,  0.61071,  0.95928,  85.59755,  512.54596
delay:
[0.109 0.149 0.18  0.129 0.138 0.181 0.117 0.124 0.001]
[0.109 0.149 0.18  0.129 0.138 0.181 0.117 0.124 0.001]
[0.109 0.149 0.18  0.129 0.138 0.181 0.117 0.124 0.001]
[0.109 0.149 0.18  0.129 0.138 0.181 0.117 0.124 0.001]
[0.109 0.149 0.18  0.129 0.138 0.181 0.117 0.124 0.001]
[0.109 0.149 0.18  0.129 0.138 0.181 0.117 0.124 0.001]
[0.109 0.149 0.18  0.129 0.138 0.181 0.117 0.124 0.001]
[0.109 0.149 0.18  0.129 0.138 0.181 0.117 0.124 0.001]
[0.109 0.149 0.18  0.129 0.138 0.181 0.117 0.124 0.001]
[0.109 0.149 0.18  0.129 0.138 0.181 0.117 0.124 0.001]
[0.109 0.149 0.18  0.129 0.138 0.181 0.117 0.124 0.001]
[0.109 0.149 0.18  0.129 0.138 0.181 0.117 0.124 0.001]
[0.109 0.149 0.18  0.129 0.138 0.181 0.117 0.124 0.001]
[0.109 0.149 0.18  0.129 0.138 0.181 0.117 0.124 0.001]
[0.109 0.149 0.18  0.129 0.138 0.181 0.117 0.124 0.001]
[0.109 0.149 0.18  0.129 0.138 0.181 0.117 0.124 0.001]
[0.109 0.149 0.18  0.129 0.138 0.181 0.117 0.124 0.001]
[0.109 0.149 0.18  0.129 0.138 0.181 0.117 0.124 0.001]
[0.109 0.149 0.18  0.129 0.138 0.181 0.117 0.124 0.001]
[0.109 0.149 0.18  0.129 0.138 0.181 0.117 0.124 0.001]
[0.109 0.149 0.18  0.129 0.138 0.181 0.117 0.124 0.001]
[0.109 0.149 0.18  0.129 0.138 0.181 0.117 0.124 0.001]
[0.109 0.149 0.18  0.129 0.138 0.181 0.117 0.124 0.001]
[0.109 0.149 0.18  0.129 0.138 0.181 0.117 0.124 0.001]
[0.109 0.149 0.18  0.129 0.138 0.181 0.117 0.124 0.001]
[0.109 0.149 0.18  0.129 0.138 0.181 0.117 0.124 0.001]
[0.109 0.149 0.18  0.129 0.138 0.181 0.117 0.124 0.001]
[0.109 0.149 0.18  0.129 0.138 0.181 0.117 0.124 0.001]
[0.109 0.149 0.18  0.129 0.138 0.181 0.117 0.124 0.001]
[0.109 0.149 0.18  0.129 0.138 0.181 0.117 0.124 0.001]
[0.109 0.149 0.18  0.129 0.138 0.181 0.117 0.124 0.001]
[0.109 0.149 0.18  0.129 0.138 0.181 0.117 0.124 0.001]
49,  0.56206,  0.71806,  0.61132,  0.96053,  87.61236,  523.52910
delay:
[0.108 0.147 0.177 0.132 0.138 0.174 0.115 0.123 0.   ]
[0.108 0.147 0.177 0.132 0.138 0.174 0.115 0.123 0.   ]
[0.108 0.147 0.177 0.132 0.138 0.174 0.115 0.123 0.   ]
[0.108 0.147 0.177 0.132 0.138 0.174 0.115 0.123 0.   ]
[0.108 0.147 0.177 0.132 0.138 0.174 0.115 0.123 0.   ]
[0.108 0.147 0.177 0.132 0.138 0.174 0.115 0.123 0.   ]
[0.108 0.147 0.177 0.132 0.138 0.174 0.115 0.123 0.   ]
[0.108 0.147 0.177 0.132 0.138 0.174 0.115 0.123 0.   ]
[0.108 0.147 0.177 0.132 0.138 0.174 0.115 0.123 0.   ]
[0.108 0.147 0.177 0.132 0.138 0.174 0.115 0.123 0.   ]
[0.108 0.147 0.177 0.132 0.138 0.174 0.115 0.123 0.   ]
[0.108 0.147 0.177 0.132 0.138 0.174 0.115 0.123 0.   ]
[0.108 0.147 0.177 0.132 0.138 0.174 0.115 0.123 0.   ]
[0.108 0.147 0.177 0.132 0.138 0.174 0.115 0.123 0.   ]
[0.108 0.147 0.177 0.132 0.138 0.174 0.115 0.123 0.   ]
[0.108 0.147 0.177 0.132 0.138 0.174 0.115 0.123 0.   ]
[0.108 0.147 0.177 0.132 0.138 0.174 0.115 0.123 0.   ]
[0.108 0.147 0.177 0.132 0.138 0.174 0.115 0.123 0.   ]
[0.108 0.147 0.177 0.132 0.138 0.174 0.115 0.123 0.   ]
[0.108 0.147 0.177 0.132 0.138 0.174 0.115 0.123 0.   ]
[0.108 0.147 0.177 0.132 0.138 0.174 0.115 0.123 0.   ]
[0.108 0.147 0.177 0.132 0.138 0.174 0.115 0.123 0.   ]
[0.108 0.147 0.177 0.132 0.138 0.174 0.115 0.123 0.   ]
[0.108 0.147 0.177 0.132 0.138 0.174 0.115 0.123 0.   ]
[0.108 0.147 0.177 0.132 0.138 0.174 0.115 0.123 0.   ]
[0.108 0.147 0.177 0.132 0.138 0.174 0.115 0.123 0.   ]
[0.108 0.147 0.177 0.132 0.138 0.174 0.115 0.123 0.   ]
[0.108 0.147 0.177 0.132 0.138 0.174 0.115 0.123 0.   ]
[0.108 0.147 0.177 0.132 0.138 0.174 0.115 0.123 0.   ]
[0.108 0.147 0.177 0.132 0.138 0.174 0.115 0.123 0.   ]
[0.108 0.147 0.177 0.132 0.138 0.174 0.115 0.123 0.   ]
[0.108 0.147 0.177 0.132 0.138 0.174 0.115 0.123 0.   ]
50,  0.52003,  0.70479,  0.62107,  0.87741,  30.53007,  704.35525
delay:
[0.119 0.15  0.172 0.135 0.142 0.141 0.07  0.085 0.   ]
[0.119 0.15  0.172 0.135 0.142 0.141 0.07  0.085 0.   ]
[0.119 0.15  0.172 0.135 0.142 0.141 0.07  0.085 0.   ]
[0.119 0.15  0.172 0.135 0.142 0.141 0.07  0.085 0.   ]
[0.119 0.15  0.172 0.135 0.142 0.141 0.07  0.085 0.   ]
[0.119 0.15  0.172 0.135 0.142 0.141 0.07  0.085 0.   ]
[0.119 0.15  0.172 0.135 0.142 0.141 0.07  0.085 0.   ]
[0.119 0.15  0.172 0.135 0.142 0.141 0.07  0.085 0.   ]
[0.119 0.15  0.172 0.135 0.142 0.141 0.07  0.085 0.   ]
[0.119 0.15  0.172 0.135 0.142 0.141 0.07  0.085 0.   ]
[0.119 0.15  0.172 0.135 0.142 0.141 0.07  0.085 0.   ]
[0.119 0.15  0.172 0.135 0.142 0.141 0.07  0.085 0.   ]
[0.119 0.15  0.172 0.135 0.142 0.141 0.07  0.085 0.   ]
[0.119 0.15  0.172 0.135 0.142 0.141 0.07  0.085 0.   ]
[0.119 0.15  0.172 0.135 0.142 0.141 0.07  0.085 0.   ]
[0.119 0.15  0.172 0.135 0.142 0.141 0.07  0.085 0.   ]
[0.119 0.15  0.172 0.135 0.142 0.141 0.07  0.085 0.   ]
[0.119 0.15  0.172 0.135 0.142 0.141 0.07  0.085 0.   ]
[0.119 0.15  0.172 0.135 0.142 0.141 0.07  0.085 0.   ]
[0.119 0.15  0.172 0.135 0.142 0.141 0.07  0.085 0.   ]
[0.119 0.15  0.172 0.135 0.142 0.141 0.07  0.085 0.   ]
[0.119 0.15  0.172 0.135 0.142 0.141 0.07  0.085 0.   ]
[0.119 0.15  0.172 0.135 0.142 0.141 0.07  0.085 0.   ]
[0.119 0.15  0.172 0.135 0.142 0.141 0.07  0.085 0.   ]
[0.119 0.15  0.172 0.135 0.142 0.141 0.07  0.085 0.   ]
[0.119 0.15  0.172 0.135 0.142 0.141 0.07  0.085 0.   ]
[0.119 0.15  0.172 0.135 0.142 0.141 0.07  0.085 0.   ]
[0.119 0.15  0.172 0.135 0.142 0.141 0.07  0.085 0.   ]
[0.119 0.15  0.172 0.135 0.142 0.141 0.07  0.085 0.   ]
[0.119 0.15  0.172 0.135 0.142 0.141 0.07  0.085 0.   ]
[0.119 0.15  0.172 0.135 0.142 0.141 0.07  0.085 0.   ]
[0.119 0.15  0.172 0.135 0.142 0.141 0.07  0.085 0.   ]
51,  0.83204,  0.71940,  0.59544,  0.72786,  0.00000,  1152.32421
delay:
[0. 0. 0.]
[0. 0. 0.]
[0. 0. 0.]
52,  0.84837,  0.71950,  0.59528,  0.80628,  0.00000,  778.97518
delay:
[0. 0. 0.]
[0. 0. 0.]
[0. 0. 0.]
53,  0.85460,  0.71950,  0.59518,  0.81728,  0.00000,  754.79150
delay:
[0. 0. 0.]
[0. 0. 0.]
[0. 0. 0.]
54,  0.86002,  0.71960,  0.59522,  0.82175,  0.00000,  748.27374
delay:
[0. 0. 0.]
[0. 0. 0.]
[0. 0. 0.]
55,  0.86336,  0.71969,  0.59524,  0.82541,  0.00000,  733.97603
delay:
[0. 0. 0.]
[0. 0. 0.]
[0. 0. 0.]
56,  0.86704,  0.71997,  0.59533,  0.82868,  0.00000,  727.38341
delay:
[0. 0. 0.]
[0. 0. 0.]
[0. 0. 0.]
57,  0.86935,  0.71966,  0.59537,  0.83159,  0.00000,  712.44102
delay:
[0. 0. 0.]
[0. 0. 0.]
[0. 0. 0.]
58,  0.87130,  0.71985,  0.59540,  0.83386,  0.00000,  712.13886
delay:
[0. 0. 0.]
[0. 0. 0.]
[0. 0. 0.]
59,  0.87374,  0.71974,  0.59554,  0.83597,  0.00000,  724.17664
delay:
[0. 0. 0.]
[0. 0. 0.]
[0. 0. 0.]
60,  0.87546,  0.71982,  0.59556,  0.83745,  0.00000,  709.14777
delay:
[0. 0. 0.]
[0. 0. 0.]
[0. 0. 0.]
61,  0.87685,  0.71994,  0.59554,  0.83951,  0.00000,  703.15704
delay:
[0. 0. 0.]
[0. 0. 0.]
[0. 0. 0.]
62,  0.87753,  0.71992,  0.59556,  0.84001,  0.00000,  707.02347
delay:
[0. 0. 0.]
[0. 0. 0.]
[0. 0. 0.]
63,  0.87814,  0.72000,  0.59559,  0.84069,  0.00000,  700.83370
delay:
[0. 0. 0.]
[0. 0. 0.]
[0. 0. 0.]
64,  0.87866,  0.71992,  0.59559,  0.84171,  0.00000,  697.22496
delay:
[0. 0. 0.]
[0. 0. 0.]
[0. 0. 0.]
65,  0.87934,  0.71997,  0.59565,  0.84157,  0.00000,  708.75603
delay:
[0. 0. 0.]
[0. 0. 0.]
[0. 0. 0.]
66,  0.88047,  0.71998,  0.59565,  0.84259,  0.00000,  701.37962
delay:
[0. 0. 0.]
[0. 0. 0.]
[0. 0. 0.]
67,  0.88055,  0.71984,  0.59565,  0.84333,  0.00000,  693.70503
delay:
[0. 0. 0.]
[0. 0. 0.]
[0. 0. 0.]
68,  0.88177,  0.72002,  0.59565,  0.84418,  0.00000,  721.41518
delay:
[0. 0. 0.]
[0. 0. 0.]
[0. 0. 0.]
69,  0.88207,  0.71994,  0.59564,  0.84449,  0.00000,  694.47487
delay:
[0. 0. 0.]
[0. 0. 0.]
[0. 0. 0.]
70,  0.88294,  0.71997,  0.59565,  0.84591,  0.00000,  693.59137
delay:
[0. 0. 0.]
[0. 0. 0.]
[0. 0. 0.]
71,  0.88318,  0.71989,  0.59566,  0.84558,  0.00000,  707.25594
delay:
[0. 0. 0.]
[0. 0. 0.]
[0. 0. 0.]
72,  0.88309,  0.71995,  0.59563,  0.84625,  0.00000,  687.02856
delay:
[0. 0. 0.]
[0. 0. 0.]
[0. 0. 0.]
73,  0.88346,  0.71994,  0.59564,  0.84644,  0.00000,  687.29503
delay:
[0. 0. 0.]
[0. 0. 0.]
[0. 0. 0.]
74,  0.88407,  0.72005,  0.59563,  0.84706,  0.00000,  701.84326
delay:
[0. 0. 0.]
[0. 0. 0.]
[0. 0. 0.]
75,  0.88449,  0.71992,  0.59563,  0.84664,  0.00000,  694.17855
delay:
[0. 0. 0.]
[0. 0. 0.]
[0. 0. 0.]
76,  0.77807,  0.71939,  0.60135,  0.86976,  371.86075,  1637.37407
delay:
[0.057 0.093 0.104 0.072 0.079 0.094 0.069 0.089 0.007]
[0.057 0.093 0.104 0.072 0.079 0.094 0.069 0.089 0.007]
[0.057 0.093 0.104 0.072 0.079 0.094 0.069 0.089 0.007]
[0.057 0.093 0.104 0.072 0.079 0.094 0.069 0.089 0.007]
[0.057 0.093 0.104 0.072 0.079 0.094 0.069 0.089 0.007]
[0.057 0.093 0.104 0.072 0.079 0.094 0.069 0.089 0.007]
[0.057 0.093 0.104 0.072 0.079 0.094 0.069 0.089 0.007]
[0.057 0.093 0.104 0.072 0.079 0.094 0.069 0.089 0.007]
[0.057 0.093 0.104 0.072 0.079 0.094 0.069 0.089 0.007]
[0.057 0.093 0.104 0.072 0.079 0.094 0.069 0.089 0.007]
[0.057 0.093 0.104 0.072 0.079 0.094 0.069 0.089 0.007]
[0.057 0.093 0.104 0.072 0.079 0.094 0.069 0.089 0.007]
[0.057 0.093 0.104 0.072 0.079 0.094 0.069 0.089 0.007]
[0.057 0.093 0.104 0.072 0.079 0.094 0.069 0.089 0.007]
[0.057 0.093 0.104 0.072 0.079 0.094 0.069 0.089 0.007]
[0.057 0.093 0.104 0.072 0.079 0.094 0.069 0.089 0.007]
[0.057 0.093 0.104 0.072 0.079 0.094 0.069 0.089 0.007]
[0.057 0.093 0.104 0.072 0.079 0.094 0.069 0.089 0.007]
[0.057 0.093 0.104 0.072 0.079 0.094 0.069 0.089 0.007]
[0.057 0.093 0.104 0.072 0.079 0.094 0.069 0.089 0.007]
[0.057 0.093 0.104 0.072 0.079 0.094 0.069 0.089 0.007]
[0.057 0.093 0.104 0.072 0.079 0.094 0.069 0.089 0.007]
[0.057 0.093 0.104 0.072 0.079 0.094 0.069 0.089 0.007]
[0.057 0.093 0.104 0.072 0.079 0.094 0.069 0.089 0.007]
[0.057 0.093 0.104 0.072 0.079 0.094 0.069 0.089 0.007]
[0.057 0.093 0.104 0.072 0.079 0.094 0.069 0.089 0.007]
[0.057 0.093 0.104 0.072 0.079 0.094 0.069 0.089 0.007]
[0.057 0.093 0.104 0.072 0.079 0.094 0.069 0.089 0.007]
[0.057 0.093 0.104 0.072 0.079 0.094 0.069 0.089 0.007]
[0.057 0.093 0.104 0.072 0.079 0.094 0.069 0.089 0.007]
[0.057 0.093 0.104 0.072 0.079 0.094 0.069 0.089 0.007]
[0.057 0.093 0.104 0.072 0.079 0.094 0.069 0.089 0.007]
77,  0.77325,  0.71876,  0.60087,  0.92079,  94.49734,  614.08493
delay:
[0.046 0.084 0.089 0.069 0.07  0.094 0.068 0.084 0.   ]
[0.046 0.084 0.089 0.069 0.07  0.094 0.068 0.084 0.   ]
[0.046 0.084 0.089 0.069 0.07  0.094 0.068 0.084 0.   ]
[0.046 0.084 0.089 0.069 0.07  0.094 0.068 0.084 0.   ]
[0.046 0.084 0.089 0.069 0.07  0.094 0.068 0.084 0.   ]
[0.046 0.084 0.089 0.069 0.07  0.094 0.068 0.084 0.   ]
[0.046 0.084 0.089 0.069 0.07  0.094 0.068 0.084 0.   ]
[0.046 0.084 0.089 0.069 0.07  0.094 0.068 0.084 0.   ]
[0.046 0.084 0.089 0.069 0.07  0.094 0.068 0.084 0.   ]
[0.046 0.084 0.089 0.069 0.07  0.094 0.068 0.084 0.   ]
[0.046 0.084 0.089 0.069 0.07  0.094 0.068 0.084 0.   ]
[0.046 0.084 0.089 0.069 0.07  0.094 0.068 0.084 0.   ]
[0.046 0.084 0.089 0.069 0.07  0.094 0.068 0.084 0.   ]
[0.046 0.084 0.089 0.069 0.07  0.094 0.068 0.084 0.   ]
[0.046 0.084 0.089 0.069 0.07  0.094 0.068 0.084 0.   ]
[0.046 0.084 0.089 0.069 0.07  0.094 0.068 0.084 0.   ]
[0.046 0.084 0.089 0.069 0.07  0.094 0.068 0.084 0.   ]
[0.046 0.084 0.089 0.069 0.07  0.094 0.068 0.084 0.   ]
[0.046 0.084 0.089 0.069 0.07  0.094 0.068 0.084 0.   ]
[0.046 0.084 0.089 0.069 0.07  0.094 0.068 0.084 0.   ]
[0.046 0.084 0.089 0.069 0.07  0.094 0.068 0.084 0.   ]
[0.046 0.084 0.089 0.069 0.07  0.094 0.068 0.084 0.   ]
[0.046 0.084 0.089 0.069 0.07  0.094 0.068 0.084 0.   ]
[0.046 0.084 0.089 0.069 0.07  0.094 0.068 0.084 0.   ]
[0.046 0.084 0.089 0.069 0.07  0.094 0.068 0.084 0.   ]
[0.046 0.084 0.089 0.069 0.07  0.094 0.068 0.084 0.   ]
[0.046 0.084 0.089 0.069 0.07  0.094 0.068 0.084 0.   ]
[0.046 0.084 0.089 0.069 0.07  0.094 0.068 0.084 0.   ]
[0.046 0.084 0.089 0.069 0.07  0.094 0.068 0.084 0.   ]
[0.046 0.084 0.089 0.069 0.07  0.094 0.068 0.084 0.   ]
[0.046 0.084 0.089 0.069 0.07  0.094 0.068 0.084 0.   ]
[0.046 0.084 0.089 0.069 0.07  0.094 0.068 0.084 0.   ]
78,  0.76449,  0.71884,  0.60087,  0.92908,  71.76648,  547.72093
delay:
[0.041 0.084 0.081 0.072 0.07  0.098 0.07  0.082 0.   ]
[0.041 0.084 0.081 0.072 0.07  0.098 0.07  0.082 0.   ]
[0.041 0.084 0.081 0.072 0.07  0.098 0.07  0.082 0.   ]
[0.041 0.084 0.081 0.072 0.07  0.098 0.07  0.082 0.   ]
[0.041 0.084 0.081 0.072 0.07  0.098 0.07  0.082 0.   ]
[0.041 0.084 0.081 0.072 0.07  0.098 0.07  0.082 0.   ]
[0.041 0.084 0.081 0.072 0.07  0.098 0.07  0.082 0.   ]
[0.041 0.084 0.081 0.072 0.07  0.098 0.07  0.082 0.   ]
[0.041 0.084 0.081 0.072 0.07  0.098 0.07  0.082 0.   ]
[0.041 0.084 0.081 0.072 0.07  0.098 0.07  0.082 0.   ]
[0.041 0.084 0.081 0.072 0.07  0.098 0.07  0.082 0.   ]
[0.041 0.084 0.081 0.072 0.07  0.098 0.07  0.082 0.   ]
[0.041 0.084 0.081 0.072 0.07  0.098 0.07  0.082 0.   ]
[0.041 0.084 0.081 0.072 0.07  0.098 0.07  0.082 0.   ]
[0.041 0.084 0.081 0.072 0.07  0.098 0.07  0.082 0.   ]
[0.041 0.084 0.081 0.072 0.07  0.098 0.07  0.082 0.   ]
[0.041 0.084 0.081 0.072 0.07  0.098 0.07  0.082 0.   ]
[0.041 0.084 0.081 0.072 0.07  0.098 0.07  0.082 0.   ]
[0.041 0.084 0.081 0.072 0.07  0.098 0.07  0.082 0.   ]
[0.041 0.084 0.081 0.072 0.07  0.098 0.07  0.082 0.   ]
[0.041 0.084 0.081 0.072 0.07  0.098 0.07  0.082 0.   ]
[0.041 0.084 0.081 0.072 0.07  0.098 0.07  0.082 0.   ]
[0.041 0.084 0.081 0.072 0.07  0.098 0.07  0.082 0.   ]
[0.041 0.084 0.081 0.072 0.07  0.098 0.07  0.082 0.   ]
[0.041 0.084 0.081 0.072 0.07  0.098 0.07  0.082 0.   ]
[0.041 0.084 0.081 0.072 0.07  0.098 0.07  0.082 0.   ]
[0.041 0.084 0.081 0.072 0.07  0.098 0.07  0.082 0.   ]
[0.041 0.084 0.081 0.072 0.07  0.098 0.07  0.082 0.   ]
[0.041 0.084 0.081 0.072 0.07  0.098 0.07  0.082 0.   ]
[0.041 0.084 0.081 0.072 0.07  0.098 0.07  0.082 0.   ]
[0.041 0.084 0.081 0.072 0.07  0.098 0.07  0.082 0.   ]
[0.041 0.084 0.081 0.072 0.07  0.098 0.07  0.082 0.   ]
79,  0.75112,  0.71882,  0.60135,  0.93409,  70.29409,  529.42142
delay:
[0.041 0.085 0.08  0.074 0.073 0.103 0.07  0.082 0.   ]
[0.041 0.085 0.08  0.074 0.073 0.103 0.07  0.082 0.   ]
[0.041 0.085 0.08  0.074 0.073 0.103 0.07  0.082 0.   ]
[0.041 0.085 0.08  0.074 0.073 0.103 0.07  0.082 0.   ]
[0.041 0.085 0.08  0.074 0.073 0.103 0.07  0.082 0.   ]
[0.041 0.085 0.08  0.074 0.073 0.103 0.07  0.082 0.   ]
[0.041 0.085 0.08  0.074 0.073 0.103 0.07  0.082 0.   ]
[0.041 0.085 0.08  0.074 0.073 0.103 0.07  0.082 0.   ]
[0.041 0.085 0.08  0.074 0.073 0.103 0.07  0.082 0.   ]
[0.041 0.085 0.08  0.074 0.073 0.103 0.07  0.082 0.   ]
[0.041 0.085 0.08  0.074 0.073 0.103 0.07  0.082 0.   ]
[0.041 0.085 0.08  0.074 0.073 0.103 0.07  0.082 0.   ]
[0.041 0.085 0.08  0.074 0.073 0.103 0.07  0.082 0.   ]
[0.041 0.085 0.08  0.074 0.073 0.103 0.07  0.082 0.   ]
[0.041 0.085 0.08  0.074 0.073 0.103 0.07  0.082 0.   ]
[0.041 0.085 0.08  0.074 0.073 0.103 0.07  0.082 0.   ]
[0.041 0.085 0.08  0.074 0.073 0.103 0.07  0.082 0.   ]
[0.041 0.085 0.08  0.074 0.073 0.103 0.07  0.082 0.   ]
[0.041 0.085 0.08  0.074 0.073 0.103 0.07  0.082 0.   ]
[0.041 0.085 0.08  0.074 0.073 0.103 0.07  0.082 0.   ]
[0.041 0.085 0.08  0.074 0.073 0.103 0.07  0.082 0.   ]
[0.041 0.085 0.08  0.074 0.073 0.103 0.07  0.082 0.   ]
[0.041 0.085 0.08  0.074 0.073 0.103 0.07  0.082 0.   ]
[0.041 0.085 0.08  0.074 0.073 0.103 0.07  0.082 0.   ]
[0.041 0.085 0.08  0.074 0.073 0.103 0.07  0.082 0.   ]
[0.041 0.085 0.08  0.074 0.073 0.103 0.07  0.082 0.   ]
[0.041 0.085 0.08  0.074 0.073 0.103 0.07  0.082 0.   ]
[0.041 0.085 0.08  0.074 0.073 0.103 0.07  0.082 0.   ]
[0.041 0.085 0.08  0.074 0.073 0.103 0.07  0.082 0.   ]
[0.041 0.085 0.08  0.074 0.073 0.103 0.07  0.082 0.   ]
[0.041 0.085 0.08  0.074 0.073 0.103 0.07  0.082 0.   ]
[0.041 0.085 0.08  0.074 0.073 0.103 0.07  0.082 0.   ]
80,  0.73516,  0.71889,  0.60221,  0.93789,  71.99686,  520.92165
delay:
[0.041 0.088 0.082 0.078 0.078 0.105 0.072 0.085 0.   ]
[0.041 0.088 0.082 0.078 0.078 0.105 0.072 0.085 0.   ]
[0.041 0.088 0.082 0.078 0.078 0.105 0.072 0.085 0.   ]
[0.041 0.088 0.082 0.078 0.078 0.105 0.072 0.085 0.   ]
[0.041 0.088 0.082 0.078 0.078 0.105 0.072 0.085 0.   ]
[0.041 0.088 0.082 0.078 0.078 0.105 0.072 0.085 0.   ]
[0.041 0.088 0.082 0.078 0.078 0.105 0.072 0.085 0.   ]
[0.041 0.088 0.082 0.078 0.078 0.105 0.072 0.085 0.   ]
[0.041 0.088 0.082 0.078 0.078 0.105 0.072 0.085 0.   ]
[0.041 0.088 0.082 0.078 0.078 0.105 0.072 0.085 0.   ]
[0.041 0.088 0.082 0.078 0.078 0.105 0.072 0.085 0.   ]
[0.041 0.088 0.082 0.078 0.078 0.105 0.072 0.085 0.   ]
[0.041 0.088 0.082 0.078 0.078 0.105 0.072 0.085 0.   ]
[0.041 0.088 0.082 0.078 0.078 0.105 0.072 0.085 0.   ]
[0.041 0.088 0.082 0.078 0.078 0.105 0.072 0.085 0.   ]
[0.041 0.088 0.082 0.078 0.078 0.105 0.072 0.085 0.   ]
[0.041 0.088 0.082 0.078 0.078 0.105 0.072 0.085 0.   ]
[0.041 0.088 0.082 0.078 0.078 0.105 0.072 0.085 0.   ]
[0.041 0.088 0.082 0.078 0.078 0.105 0.072 0.085 0.   ]
[0.041 0.088 0.082 0.078 0.078 0.105 0.072 0.085 0.   ]
[0.041 0.088 0.082 0.078 0.078 0.105 0.072 0.085 0.   ]
[0.041 0.088 0.082 0.078 0.078 0.105 0.072 0.085 0.   ]
[0.041 0.088 0.082 0.078 0.078 0.105 0.072 0.085 0.   ]
[0.041 0.088 0.082 0.078 0.078 0.105 0.072 0.085 0.   ]
[0.041 0.088 0.082 0.078 0.078 0.105 0.072 0.085 0.   ]
[0.041 0.088 0.082 0.078 0.078 0.105 0.072 0.085 0.   ]
[0.041 0.088 0.082 0.078 0.078 0.105 0.072 0.085 0.   ]
[0.041 0.088 0.082 0.078 0.078 0.105 0.072 0.085 0.   ]
[0.041 0.088 0.082 0.078 0.078 0.105 0.072 0.085 0.   ]
[0.041 0.088 0.082 0.078 0.078 0.105 0.072 0.085 0.   ]
[0.041 0.088 0.082 0.078 0.078 0.105 0.072 0.085 0.   ]
[0.041 0.088 0.082 0.078 0.078 0.105 0.072 0.085 0.   ]
81,  0.73014,  0.71882,  0.60241,  0.94066,  73.81878,  521.93941
delay:
[0.043 0.091 0.084 0.079 0.082 0.107 0.073 0.086 0.   ]
[0.043 0.091 0.084 0.079 0.082 0.107 0.073 0.086 0.   ]
[0.043 0.091 0.084 0.079 0.082 0.107 0.073 0.086 0.   ]
[0.043 0.091 0.084 0.079 0.082 0.107 0.073 0.086 0.   ]
[0.043 0.091 0.084 0.079 0.082 0.107 0.073 0.086 0.   ]
[0.043 0.091 0.084 0.079 0.082 0.107 0.073 0.086 0.   ]
[0.043 0.091 0.084 0.079 0.082 0.107 0.073 0.086 0.   ]
[0.043 0.091 0.084 0.079 0.082 0.107 0.073 0.086 0.   ]
[0.043 0.091 0.084 0.079 0.082 0.107 0.073 0.086 0.   ]
[0.043 0.091 0.084 0.079 0.082 0.107 0.073 0.086 0.   ]
[0.043 0.091 0.084 0.079 0.082 0.107 0.073 0.086 0.   ]
[0.043 0.091 0.084 0.079 0.082 0.107 0.073 0.086 0.   ]
[0.043 0.091 0.084 0.079 0.082 0.107 0.073 0.086 0.   ]
[0.043 0.091 0.084 0.079 0.082 0.107 0.073 0.086 0.   ]
[0.043 0.091 0.084 0.079 0.082 0.107 0.073 0.086 0.   ]
[0.043 0.091 0.084 0.079 0.082 0.107 0.073 0.086 0.   ]
[0.043 0.091 0.084 0.079 0.082 0.107 0.073 0.086 0.   ]
[0.043 0.091 0.084 0.079 0.082 0.107 0.073 0.086 0.   ]
[0.043 0.091 0.084 0.079 0.082 0.107 0.073 0.086 0.   ]
[0.043 0.091 0.084 0.079 0.082 0.107 0.073 0.086 0.   ]
[0.043 0.091 0.084 0.079 0.082 0.107 0.073 0.086 0.   ]
[0.043 0.091 0.084 0.079 0.082 0.107 0.073 0.086 0.   ]
[0.043 0.091 0.084 0.079 0.082 0.107 0.073 0.086 0.   ]
[0.043 0.091 0.084 0.079 0.082 0.107 0.073 0.086 0.   ]
[0.043 0.091 0.084 0.079 0.082 0.107 0.073 0.086 0.   ]
[0.043 0.091 0.084 0.079 0.082 0.107 0.073 0.086 0.   ]
[0.043 0.091 0.084 0.079 0.082 0.107 0.073 0.086 0.   ]
[0.043 0.091 0.084 0.079 0.082 0.107 0.073 0.086 0.   ]
[0.043 0.091 0.084 0.079 0.082 0.107 0.073 0.086 0.   ]
[0.043 0.091 0.084 0.079 0.082 0.107 0.073 0.086 0.   ]
[0.043 0.091 0.084 0.079 0.082 0.107 0.073 0.086 0.   ]
[0.043 0.091 0.084 0.079 0.082 0.107 0.073 0.086 0.   ]
82,  0.72340,  0.71881,  0.60276,  0.94223,  75.44325,  517.95057
delay:
[0.044 0.094 0.087 0.081 0.085 0.108 0.074 0.087 0.   ]
[0.044 0.094 0.087 0.081 0.085 0.108 0.074 0.087 0.   ]
[0.044 0.094 0.087 0.081 0.085 0.108 0.074 0.087 0.   ]
[0.044 0.094 0.087 0.081 0.085 0.108 0.074 0.087 0.   ]
[0.044 0.094 0.087 0.081 0.085 0.108 0.074 0.087 0.   ]
[0.044 0.094 0.087 0.081 0.085 0.108 0.074 0.087 0.   ]
[0.044 0.094 0.087 0.081 0.085 0.108 0.074 0.087 0.   ]
[0.044 0.094 0.087 0.081 0.085 0.108 0.074 0.087 0.   ]
[0.044 0.094 0.087 0.081 0.085 0.108 0.074 0.087 0.   ]
[0.044 0.094 0.087 0.081 0.085 0.108 0.074 0.087 0.   ]
[0.044 0.094 0.087 0.081 0.085 0.108 0.074 0.087 0.   ]
[0.044 0.094 0.087 0.081 0.085 0.108 0.074 0.087 0.   ]
[0.044 0.094 0.087 0.081 0.085 0.108 0.074 0.087 0.   ]
[0.044 0.094 0.087 0.081 0.085 0.108 0.074 0.087 0.   ]
[0.044 0.094 0.087 0.081 0.085 0.108 0.074 0.087 0.   ]
[0.044 0.094 0.087 0.081 0.085 0.108 0.074 0.087 0.   ]
[0.044 0.094 0.087 0.081 0.085 0.108 0.074 0.087 0.   ]
[0.044 0.094 0.087 0.081 0.085 0.108 0.074 0.087 0.   ]
[0.044 0.094 0.087 0.081 0.085 0.108 0.074 0.087 0.   ]
[0.044 0.094 0.087 0.081 0.085 0.108 0.074 0.087 0.   ]
[0.044 0.094 0.087 0.081 0.085 0.108 0.074 0.087 0.   ]
[0.044 0.094 0.087 0.081 0.085 0.108 0.074 0.087 0.   ]
[0.044 0.094 0.087 0.081 0.085 0.108 0.074 0.087 0.   ]
[0.044 0.094 0.087 0.081 0.085 0.108 0.074 0.087 0.   ]
[0.044 0.094 0.087 0.081 0.085 0.108 0.074 0.087 0.   ]
[0.044 0.094 0.087 0.081 0.085 0.108 0.074 0.087 0.   ]
[0.044 0.094 0.087 0.081 0.085 0.108 0.074 0.087 0.   ]
[0.044 0.094 0.087 0.081 0.085 0.108 0.074 0.087 0.   ]
[0.044 0.094 0.087 0.081 0.085 0.108 0.074 0.087 0.   ]
[0.044 0.094 0.087 0.081 0.085 0.108 0.074 0.087 0.   ]
[0.044 0.094 0.087 0.081 0.085 0.108 0.074 0.087 0.   ]
[0.044 0.094 0.087 0.081 0.085 0.108 0.074 0.087 0.   ]
83,  0.71786,  0.71871,  0.60316,  0.94337,  77.76188,  520.83208
delay:
[0.046 0.096 0.089 0.083 0.088 0.111 0.075 0.089 0.   ]
[0.046 0.096 0.089 0.083 0.088 0.111 0.075 0.089 0.   ]
[0.046 0.096 0.089 0.083 0.088 0.111 0.075 0.089 0.   ]
[0.046 0.096 0.089 0.083 0.088 0.111 0.075 0.089 0.   ]
[0.046 0.096 0.089 0.083 0.088 0.111 0.075 0.089 0.   ]
[0.046 0.096 0.089 0.083 0.088 0.111 0.075 0.089 0.   ]
[0.046 0.096 0.089 0.083 0.088 0.111 0.075 0.089 0.   ]
[0.046 0.096 0.089 0.083 0.088 0.111 0.075 0.089 0.   ]
[0.046 0.096 0.089 0.083 0.088 0.111 0.075 0.089 0.   ]
[0.046 0.096 0.089 0.083 0.088 0.111 0.075 0.089 0.   ]
[0.046 0.096 0.089 0.083 0.088 0.111 0.075 0.089 0.   ]
[0.046 0.096 0.089 0.083 0.088 0.111 0.075 0.089 0.   ]
[0.046 0.096 0.089 0.083 0.088 0.111 0.075 0.089 0.   ]
[0.046 0.096 0.089 0.083 0.088 0.111 0.075 0.089 0.   ]
[0.046 0.096 0.089 0.083 0.088 0.111 0.075 0.089 0.   ]
[0.046 0.096 0.089 0.083 0.088 0.111 0.075 0.089 0.   ]
[0.046 0.096 0.089 0.083 0.088 0.111 0.075 0.089 0.   ]
[0.046 0.096 0.089 0.083 0.088 0.111 0.075 0.089 0.   ]
[0.046 0.096 0.089 0.083 0.088 0.111 0.075 0.089 0.   ]
[0.046 0.096 0.089 0.083 0.088 0.111 0.075 0.089 0.   ]
[0.046 0.096 0.089 0.083 0.088 0.111 0.075 0.089 0.   ]
[0.046 0.096 0.089 0.083 0.088 0.111 0.075 0.089 0.   ]
[0.046 0.096 0.089 0.083 0.088 0.111 0.075 0.089 0.   ]
[0.046 0.096 0.089 0.083 0.088 0.111 0.075 0.089 0.   ]
[0.046 0.096 0.089 0.083 0.088 0.111 0.075 0.089 0.   ]
[0.046 0.096 0.089 0.083 0.088 0.111 0.075 0.089 0.   ]
[0.046 0.096 0.089 0.083 0.088 0.111 0.075 0.089 0.   ]
[0.046 0.096 0.089 0.083 0.088 0.111 0.075 0.089 0.   ]
[0.046 0.096 0.089 0.083 0.088 0.111 0.075 0.089 0.   ]
[0.046 0.096 0.089 0.083 0.088 0.111 0.075 0.089 0.   ]
[0.046 0.096 0.089 0.083 0.088 0.111 0.075 0.089 0.   ]
[0.046 0.096 0.089 0.083 0.088 0.111 0.075 0.089 0.   ]
84,  0.70998,  0.71871,  0.60339,  0.94488,  73.93955,  502.86482
delay:
[0.047 0.098 0.09  0.085 0.091 0.112 0.076 0.09  0.   ]
[0.047 0.098 0.09  0.085 0.091 0.112 0.076 0.09  0.   ]
[0.047 0.098 0.09  0.085 0.091 0.112 0.076 0.09  0.   ]
[0.047 0.098 0.09  0.085 0.091 0.112 0.076 0.09  0.   ]
[0.047 0.098 0.09  0.085 0.091 0.112 0.076 0.09  0.   ]
[0.047 0.098 0.09  0.085 0.091 0.112 0.076 0.09  0.   ]
[0.047 0.098 0.09  0.085 0.091 0.112 0.076 0.09  0.   ]
[0.047 0.098 0.09  0.085 0.091 0.112 0.076 0.09  0.   ]
[0.047 0.098 0.09  0.085 0.091 0.112 0.076 0.09  0.   ]
[0.047 0.098 0.09  0.085 0.091 0.112 0.076 0.09  0.   ]
[0.047 0.098 0.09  0.085 0.091 0.112 0.076 0.09  0.   ]
[0.047 0.098 0.09  0.085 0.091 0.112 0.076 0.09  0.   ]
[0.047 0.098 0.09  0.085 0.091 0.112 0.076 0.09  0.   ]
[0.047 0.098 0.09  0.085 0.091 0.112 0.076 0.09  0.   ]
[0.047 0.098 0.09  0.085 0.091 0.112 0.076 0.09  0.   ]
[0.047 0.098 0.09  0.085 0.091 0.112 0.076 0.09  0.   ]
[0.047 0.098 0.09  0.085 0.091 0.112 0.076 0.09  0.   ]
[0.047 0.098 0.09  0.085 0.091 0.112 0.076 0.09  0.   ]
[0.047 0.098 0.09  0.085 0.091 0.112 0.076 0.09  0.   ]
[0.047 0.098 0.09  0.085 0.091 0.112 0.076 0.09  0.   ]
[0.047 0.098 0.09  0.085 0.091 0.112 0.076 0.09  0.   ]
[0.047 0.098 0.09  0.085 0.091 0.112 0.076 0.09  0.   ]
[0.047 0.098 0.09  0.085 0.091 0.112 0.076 0.09  0.   ]
[0.047 0.098 0.09  0.085 0.091 0.112 0.076 0.09  0.   ]
[0.047 0.098 0.09  0.085 0.091 0.112 0.076 0.09  0.   ]
[0.047 0.098 0.09  0.085 0.091 0.112 0.076 0.09  0.   ]
[0.047 0.098 0.09  0.085 0.091 0.112 0.076 0.09  0.   ]
[0.047 0.098 0.09  0.085 0.091 0.112 0.076 0.09  0.   ]
[0.047 0.098 0.09  0.085 0.091 0.112 0.076 0.09  0.   ]
[0.047 0.098 0.09  0.085 0.091 0.112 0.076 0.09  0.   ]
[0.047 0.098 0.09  0.085 0.091 0.112 0.076 0.09  0.   ]
[0.047 0.098 0.09  0.085 0.091 0.112 0.076 0.09  0.   ]
85,  0.70453,  0.71869,  0.60379,  0.94591,  72.51908,  511.44975
delay:
[0.048 0.101 0.092 0.088 0.094 0.114 0.076 0.091 0.   ]
[0.048 0.101 0.092 0.088 0.094 0.114 0.076 0.091 0.   ]
[0.048 0.101 0.092 0.088 0.094 0.114 0.076 0.091 0.   ]
[0.048 0.101 0.092 0.088 0.094 0.114 0.076 0.091 0.   ]
[0.048 0.101 0.092 0.088 0.094 0.114 0.076 0.091 0.   ]
[0.048 0.101 0.092 0.088 0.094 0.114 0.076 0.091 0.   ]
[0.048 0.101 0.092 0.088 0.094 0.114 0.076 0.091 0.   ]
[0.048 0.101 0.092 0.088 0.094 0.114 0.076 0.091 0.   ]
[0.048 0.101 0.092 0.088 0.094 0.114 0.076 0.091 0.   ]
[0.048 0.101 0.092 0.088 0.094 0.114 0.076 0.091 0.   ]
[0.048 0.101 0.092 0.088 0.094 0.114 0.076 0.091 0.   ]
[0.048 0.101 0.092 0.088 0.094 0.114 0.076 0.091 0.   ]
[0.048 0.101 0.092 0.088 0.094 0.114 0.076 0.091 0.   ]
[0.048 0.101 0.092 0.088 0.094 0.114 0.076 0.091 0.   ]
[0.048 0.101 0.092 0.088 0.094 0.114 0.076 0.091 0.   ]
[0.048 0.101 0.092 0.088 0.094 0.114 0.076 0.091 0.   ]
[0.048 0.101 0.092 0.088 0.094 0.114 0.076 0.091 0.   ]
[0.048 0.101 0.092 0.088 0.094 0.114 0.076 0.091 0.   ]
[0.048 0.101 0.092 0.088 0.094 0.114 0.076 0.091 0.   ]
[0.048 0.101 0.092 0.088 0.094 0.114 0.076 0.091 0.   ]
[0.048 0.101 0.092 0.088 0.094 0.114 0.076 0.091 0.   ]
[0.048 0.101 0.092 0.088 0.094 0.114 0.076 0.091 0.   ]
[0.048 0.101 0.092 0.088 0.094 0.114 0.076 0.091 0.   ]
[0.048 0.101 0.092 0.088 0.094 0.114 0.076 0.091 0.   ]
[0.048 0.101 0.092 0.088 0.094 0.114 0.076 0.091 0.   ]
[0.048 0.101 0.092 0.088 0.094 0.114 0.076 0.091 0.   ]
[0.048 0.101 0.092 0.088 0.094 0.114 0.076 0.091 0.   ]
[0.048 0.101 0.092 0.088 0.094 0.114 0.076 0.091 0.   ]
[0.048 0.101 0.092 0.088 0.094 0.114 0.076 0.091 0.   ]
[0.048 0.101 0.092 0.088 0.094 0.114 0.076 0.091 0.   ]
[0.048 0.101 0.092 0.088 0.094 0.114 0.076 0.091 0.   ]
[0.048 0.101 0.092 0.088 0.094 0.114 0.076 0.091 0.   ]
86,  0.69933,  0.71866,  0.60408,  0.94669,  76.40090,  504.88963
delay:
[0.05  0.103 0.095 0.09  0.096 0.115 0.077 0.093 0.   ]
[0.05  0.103 0.095 0.09  0.096 0.115 0.077 0.093 0.   ]
[0.05  0.103 0.095 0.09  0.096 0.115 0.077 0.093 0.   ]
[0.05  0.103 0.095 0.09  0.096 0.115 0.077 0.093 0.   ]
[0.05  0.103 0.095 0.09  0.096 0.115 0.077 0.093 0.   ]
[0.05  0.103 0.095 0.09  0.096 0.115 0.077 0.093 0.   ]
[0.05  0.103 0.095 0.09  0.096 0.115 0.077 0.093 0.   ]
[0.05  0.103 0.095 0.09  0.096 0.115 0.077 0.093 0.   ]
[0.05  0.103 0.095 0.09  0.096 0.115 0.077 0.093 0.   ]
[0.05  0.103 0.095 0.09  0.096 0.115 0.077 0.093 0.   ]
[0.05  0.103 0.095 0.09  0.096 0.115 0.077 0.093 0.   ]
[0.05  0.103 0.095 0.09  0.096 0.115 0.077 0.093 0.   ]
[0.05  0.103 0.095 0.09  0.096 0.115 0.077 0.093 0.   ]
[0.05  0.103 0.095 0.09  0.096 0.115 0.077 0.093 0.   ]
[0.05  0.103 0.095 0.09  0.096 0.115 0.077 0.093 0.   ]
[0.05  0.103 0.095 0.09  0.096 0.115 0.077 0.093 0.   ]
[0.05  0.103 0.095 0.09  0.096 0.115 0.077 0.093 0.   ]
[0.05  0.103 0.095 0.09  0.096 0.115 0.077 0.093 0.   ]
[0.05  0.103 0.095 0.09  0.096 0.115 0.077 0.093 0.   ]
[0.05  0.103 0.095 0.09  0.096 0.115 0.077 0.093 0.   ]
[0.05  0.103 0.095 0.09  0.096 0.115 0.077 0.093 0.   ]
[0.05  0.103 0.095 0.09  0.096 0.115 0.077 0.093 0.   ]
[0.05  0.103 0.095 0.09  0.096 0.115 0.077 0.093 0.   ]
[0.05  0.103 0.095 0.09  0.096 0.115 0.077 0.093 0.   ]
[0.05  0.103 0.095 0.09  0.096 0.115 0.077 0.093 0.   ]
[0.05  0.103 0.095 0.09  0.096 0.115 0.077 0.093 0.   ]
[0.05  0.103 0.095 0.09  0.096 0.115 0.077 0.093 0.   ]
[0.05  0.103 0.095 0.09  0.096 0.115 0.077 0.093 0.   ]
[0.05  0.103 0.095 0.09  0.096 0.115 0.077 0.093 0.   ]
[0.05  0.103 0.095 0.09  0.096 0.115 0.077 0.093 0.   ]
[0.05  0.103 0.095 0.09  0.096 0.115 0.077 0.093 0.   ]
[0.05  0.103 0.095 0.09  0.096 0.115 0.077 0.093 0.   ]
87,  0.69402,  0.71855,  0.60421,  0.94754,  74.93779,  513.96964
delay:
[0.053 0.104 0.097 0.092 0.099 0.117 0.078 0.094 0.   ]
[0.053 0.104 0.097 0.092 0.099 0.117 0.078 0.094 0.   ]
[0.053 0.104 0.097 0.092 0.099 0.117 0.078 0.094 0.   ]
[0.053 0.104 0.097 0.092 0.099 0.117 0.078 0.094 0.   ]
[0.053 0.104 0.097 0.092 0.099 0.117 0.078 0.094 0.   ]
[0.053 0.104 0.097 0.092 0.099 0.117 0.078 0.094 0.   ]
[0.053 0.104 0.097 0.092 0.099 0.117 0.078 0.094 0.   ]
[0.053 0.104 0.097 0.092 0.099 0.117 0.078 0.094 0.   ]
[0.053 0.104 0.097 0.092 0.099 0.117 0.078 0.094 0.   ]
[0.053 0.104 0.097 0.092 0.099 0.117 0.078 0.094 0.   ]
[0.053 0.104 0.097 0.092 0.099 0.117 0.078 0.094 0.   ]
[0.053 0.104 0.097 0.092 0.099 0.117 0.078 0.094 0.   ]
[0.053 0.104 0.097 0.092 0.099 0.117 0.078 0.094 0.   ]
[0.053 0.104 0.097 0.092 0.099 0.117 0.078 0.094 0.   ]
[0.053 0.104 0.097 0.092 0.099 0.117 0.078 0.094 0.   ]
[0.053 0.104 0.097 0.092 0.099 0.117 0.078 0.094 0.   ]
[0.053 0.104 0.097 0.092 0.099 0.117 0.078 0.094 0.   ]
[0.053 0.104 0.097 0.092 0.099 0.117 0.078 0.094 0.   ]
[0.053 0.104 0.097 0.092 0.099 0.117 0.078 0.094 0.   ]
[0.053 0.104 0.097 0.092 0.099 0.117 0.078 0.094 0.   ]
[0.053 0.104 0.097 0.092 0.099 0.117 0.078 0.094 0.   ]
[0.053 0.104 0.097 0.092 0.099 0.117 0.078 0.094 0.   ]
[0.053 0.104 0.097 0.092 0.099 0.117 0.078 0.094 0.   ]
[0.053 0.104 0.097 0.092 0.099 0.117 0.078 0.094 0.   ]
[0.053 0.104 0.097 0.092 0.099 0.117 0.078 0.094 0.   ]
[0.053 0.104 0.097 0.092 0.099 0.117 0.078 0.094 0.   ]
[0.053 0.104 0.097 0.092 0.099 0.117 0.078 0.094 0.   ]
[0.053 0.104 0.097 0.092 0.099 0.117 0.078 0.094 0.   ]
[0.053 0.104 0.097 0.092 0.099 0.117 0.078 0.094 0.   ]
[0.053 0.104 0.097 0.092 0.099 0.117 0.078 0.094 0.   ]
[0.053 0.104 0.097 0.092 0.099 0.117 0.078 0.094 0.   ]
[0.053 0.104 0.097 0.092 0.099 0.117 0.078 0.094 0.   ]
88,  0.68859,  0.71874,  0.60447,  0.94843,  76.63629,  511.00703
delay:
[0.053 0.105 0.098 0.094 0.101 0.118 0.079 0.096 0.   ]
[0.053 0.105 0.098 0.094 0.101 0.118 0.079 0.096 0.   ]
[0.053 0.105 0.098 0.094 0.101 0.118 0.079 0.096 0.   ]
[0.053 0.105 0.098 0.094 0.101 0.118 0.079 0.096 0.   ]
[0.053 0.105 0.098 0.094 0.101 0.118 0.079 0.096 0.   ]
[0.053 0.105 0.098 0.094 0.101 0.118 0.079 0.096 0.   ]
[0.053 0.105 0.098 0.094 0.101 0.118 0.079 0.096 0.   ]
[0.053 0.105 0.098 0.094 0.101 0.118 0.079 0.096 0.   ]
[0.053 0.105 0.098 0.094 0.101 0.118 0.079 0.096 0.   ]
[0.053 0.105 0.098 0.094 0.101 0.118 0.079 0.096 0.   ]
[0.053 0.105 0.098 0.094 0.101 0.118 0.079 0.096 0.   ]
[0.053 0.105 0.098 0.094 0.101 0.118 0.079 0.096 0.   ]
[0.053 0.105 0.098 0.094 0.101 0.118 0.079 0.096 0.   ]
[0.053 0.105 0.098 0.094 0.101 0.118 0.079 0.096 0.   ]
[0.053 0.105 0.098 0.094 0.101 0.118 0.079 0.096 0.   ]
[0.053 0.105 0.098 0.094 0.101 0.118 0.079 0.096 0.   ]
[0.053 0.105 0.098 0.094 0.101 0.118 0.079 0.096 0.   ]
[0.053 0.105 0.098 0.094 0.101 0.118 0.079 0.096 0.   ]
[0.053 0.105 0.098 0.094 0.101 0.118 0.079 0.096 0.   ]
[0.053 0.105 0.098 0.094 0.101 0.118 0.079 0.096 0.   ]
[0.053 0.105 0.098 0.094 0.101 0.118 0.079 0.096 0.   ]
[0.053 0.105 0.098 0.094 0.101 0.118 0.079 0.096 0.   ]
[0.053 0.105 0.098 0.094 0.101 0.118 0.079 0.096 0.   ]
[0.053 0.105 0.098 0.094 0.101 0.118 0.079 0.096 0.   ]
[0.053 0.105 0.098 0.094 0.101 0.118 0.079 0.096 0.   ]
[0.053 0.105 0.098 0.094 0.101 0.118 0.079 0.096 0.   ]
[0.053 0.105 0.098 0.094 0.101 0.118 0.079 0.096 0.   ]
[0.053 0.105 0.098 0.094 0.101 0.118 0.079 0.096 0.   ]
[0.053 0.105 0.098 0.094 0.101 0.118 0.079 0.096 0.   ]
[0.053 0.105 0.098 0.094 0.101 0.118 0.079 0.096 0.   ]
[0.053 0.105 0.098 0.094 0.101 0.118 0.079 0.096 0.   ]
[0.053 0.105 0.098 0.094 0.101 0.118 0.079 0.096 0.   ]
89,  0.68476,  0.71876,  0.60464,  0.94899,  74.77308,  507.56952
delay:
[0.055 0.108 0.101 0.094 0.103 0.119 0.08  0.096 0.   ]
[0.055 0.108 0.101 0.094 0.103 0.119 0.08  0.096 0.   ]
[0.055 0.108 0.101 0.094 0.103 0.119 0.08  0.096 0.   ]
[0.055 0.108 0.101 0.094 0.103 0.119 0.08  0.096 0.   ]
[0.055 0.108 0.101 0.094 0.103 0.119 0.08  0.096 0.   ]
[0.055 0.108 0.101 0.094 0.103 0.119 0.08  0.096 0.   ]
[0.055 0.108 0.101 0.094 0.103 0.119 0.08  0.096 0.   ]
[0.055 0.108 0.101 0.094 0.103 0.119 0.08  0.096 0.   ]
[0.055 0.108 0.101 0.094 0.103 0.119 0.08  0.096 0.   ]
[0.055 0.108 0.101 0.094 0.103 0.119 0.08  0.096 0.   ]
[0.055 0.108 0.101 0.094 0.103 0.119 0.08  0.096 0.   ]
[0.055 0.108 0.101 0.094 0.103 0.119 0.08  0.096 0.   ]
[0.055 0.108 0.101 0.094 0.103 0.119 0.08  0.096 0.   ]
[0.055 0.108 0.101 0.094 0.103 0.119 0.08  0.096 0.   ]
[0.055 0.108 0.101 0.094 0.103 0.119 0.08  0.096 0.   ]
[0.055 0.108 0.101 0.094 0.103 0.119 0.08  0.096 0.   ]
[0.055 0.108 0.101 0.094 0.103 0.119 0.08  0.096 0.   ]
[0.055 0.108 0.101 0.094 0.103 0.119 0.08  0.096 0.   ]
[0.055 0.108 0.101 0.094 0.103 0.119 0.08  0.096 0.   ]
[0.055 0.108 0.101 0.094 0.103 0.119 0.08  0.096 0.   ]
[0.055 0.108 0.101 0.094 0.103 0.119 0.08  0.096 0.   ]
[0.055 0.108 0.101 0.094 0.103 0.119 0.08  0.096 0.   ]
[0.055 0.108 0.101 0.094 0.103 0.119 0.08  0.096 0.   ]
[0.055 0.108 0.101 0.094 0.103 0.119 0.08  0.096 0.   ]
[0.055 0.108 0.101 0.094 0.103 0.119 0.08  0.096 0.   ]
[0.055 0.108 0.101 0.094 0.103 0.119 0.08  0.096 0.   ]
[0.055 0.108 0.101 0.094 0.103 0.119 0.08  0.096 0.   ]
[0.055 0.108 0.101 0.094 0.103 0.119 0.08  0.096 0.   ]
[0.055 0.108 0.101 0.094 0.103 0.119 0.08  0.096 0.   ]
[0.055 0.108 0.101 0.094 0.103 0.119 0.08  0.096 0.   ]
[0.055 0.108 0.101 0.094 0.103 0.119 0.08  0.096 0.   ]
[0.055 0.108 0.101 0.094 0.103 0.119 0.08  0.096 0.   ]
90,  0.68064,  0.71869,  0.60486,  0.94967,  76.67492,  509.88390
delay:
[0.056 0.11  0.102 0.096 0.105 0.121 0.081 0.098 0.   ]
[0.056 0.11  0.102 0.096 0.105 0.121 0.081 0.098 0.   ]
[0.056 0.11  0.102 0.096 0.105 0.121 0.081 0.098 0.   ]
[0.056 0.11  0.102 0.096 0.105 0.121 0.081 0.098 0.   ]
[0.056 0.11  0.102 0.096 0.105 0.121 0.081 0.098 0.   ]
[0.056 0.11  0.102 0.096 0.105 0.121 0.081 0.098 0.   ]
[0.056 0.11  0.102 0.096 0.105 0.121 0.081 0.098 0.   ]
[0.056 0.11  0.102 0.096 0.105 0.121 0.081 0.098 0.   ]
[0.056 0.11  0.102 0.096 0.105 0.121 0.081 0.098 0.   ]
[0.056 0.11  0.102 0.096 0.105 0.121 0.081 0.098 0.   ]
[0.056 0.11  0.102 0.096 0.105 0.121 0.081 0.098 0.   ]
[0.056 0.11  0.102 0.096 0.105 0.121 0.081 0.098 0.   ]
[0.056 0.11  0.102 0.096 0.105 0.121 0.081 0.098 0.   ]
[0.056 0.11  0.102 0.096 0.105 0.121 0.081 0.098 0.   ]
[0.056 0.11  0.102 0.096 0.105 0.121 0.081 0.098 0.   ]
[0.056 0.11  0.102 0.096 0.105 0.121 0.081 0.098 0.   ]
[0.056 0.11  0.102 0.096 0.105 0.121 0.081 0.098 0.   ]
[0.056 0.11  0.102 0.096 0.105 0.121 0.081 0.098 0.   ]
[0.056 0.11  0.102 0.096 0.105 0.121 0.081 0.098 0.   ]
[0.056 0.11  0.102 0.096 0.105 0.121 0.081 0.098 0.   ]
[0.056 0.11  0.102 0.096 0.105 0.121 0.081 0.098 0.   ]
[0.056 0.11  0.102 0.096 0.105 0.121 0.081 0.098 0.   ]
[0.056 0.11  0.102 0.096 0.105 0.121 0.081 0.098 0.   ]
[0.056 0.11  0.102 0.096 0.105 0.121 0.081 0.098 0.   ]
[0.056 0.11  0.102 0.096 0.105 0.121 0.081 0.098 0.   ]
[0.056 0.11  0.102 0.096 0.105 0.121 0.081 0.098 0.   ]
[0.056 0.11  0.102 0.096 0.105 0.121 0.081 0.098 0.   ]
[0.056 0.11  0.102 0.096 0.105 0.121 0.081 0.098 0.   ]
[0.056 0.11  0.102 0.096 0.105 0.121 0.081 0.098 0.   ]
[0.056 0.11  0.102 0.096 0.105 0.121 0.081 0.098 0.   ]
[0.056 0.11  0.102 0.096 0.105 0.121 0.081 0.098 0.   ]
[0.056 0.11  0.102 0.096 0.105 0.121 0.081 0.098 0.   ]
91,  0.67942,  0.71866,  0.60498,  0.95020,  77.76200,  504.66813
delay:
[0.057 0.11  0.103 0.097 0.106 0.121 0.081 0.098 0.   ]
[0.057 0.11  0.103 0.097 0.106 0.121 0.081 0.098 0.   ]
[0.057 0.11  0.103 0.097 0.106 0.121 0.081 0.098 0.   ]
[0.057 0.11  0.103 0.097 0.106 0.121 0.081 0.098 0.   ]
[0.057 0.11  0.103 0.097 0.106 0.121 0.081 0.098 0.   ]
[0.057 0.11  0.103 0.097 0.106 0.121 0.081 0.098 0.   ]
[0.057 0.11  0.103 0.097 0.106 0.121 0.081 0.098 0.   ]
[0.057 0.11  0.103 0.097 0.106 0.121 0.081 0.098 0.   ]
[0.057 0.11  0.103 0.097 0.106 0.121 0.081 0.098 0.   ]
[0.057 0.11  0.103 0.097 0.106 0.121 0.081 0.098 0.   ]
[0.057 0.11  0.103 0.097 0.106 0.121 0.081 0.098 0.   ]
[0.057 0.11  0.103 0.097 0.106 0.121 0.081 0.098 0.   ]
[0.057 0.11  0.103 0.097 0.106 0.121 0.081 0.098 0.   ]
[0.057 0.11  0.103 0.097 0.106 0.121 0.081 0.098 0.   ]
[0.057 0.11  0.103 0.097 0.106 0.121 0.081 0.098 0.   ]
[0.057 0.11  0.103 0.097 0.106 0.121 0.081 0.098 0.   ]
[0.057 0.11  0.103 0.097 0.106 0.121 0.081 0.098 0.   ]
[0.057 0.11  0.103 0.097 0.106 0.121 0.081 0.098 0.   ]
[0.057 0.11  0.103 0.097 0.106 0.121 0.081 0.098 0.   ]
[0.057 0.11  0.103 0.097 0.106 0.121 0.081 0.098 0.   ]
[0.057 0.11  0.103 0.097 0.106 0.121 0.081 0.098 0.   ]
[0.057 0.11  0.103 0.097 0.106 0.121 0.081 0.098 0.   ]
[0.057 0.11  0.103 0.097 0.106 0.121 0.081 0.098 0.   ]
[0.057 0.11  0.103 0.097 0.106 0.121 0.081 0.098 0.   ]
[0.057 0.11  0.103 0.097 0.106 0.121 0.081 0.098 0.   ]
[0.057 0.11  0.103 0.097 0.106 0.121 0.081 0.098 0.   ]
[0.057 0.11  0.103 0.097 0.106 0.121 0.081 0.098 0.   ]
[0.057 0.11  0.103 0.097 0.106 0.121 0.081 0.098 0.   ]
[0.057 0.11  0.103 0.097 0.106 0.121 0.081 0.098 0.   ]
[0.057 0.11  0.103 0.097 0.106 0.121 0.081 0.098 0.   ]
[0.057 0.11  0.103 0.097 0.106 0.121 0.081 0.098 0.   ]
[0.057 0.11  0.103 0.097 0.106 0.121 0.081 0.098 0.   ]
92,  0.67759,  0.71860,  0.60508,  0.95075,  75.79109,  505.23405
delay:
[0.058 0.111 0.104 0.098 0.107 0.122 0.081 0.098 0.   ]
[0.058 0.111 0.104 0.098 0.107 0.122 0.081 0.098 0.   ]
[0.058 0.111 0.104 0.098 0.107 0.122 0.081 0.098 0.   ]
[0.058 0.111 0.104 0.098 0.107 0.122 0.081 0.098 0.   ]
[0.058 0.111 0.104 0.098 0.107 0.122 0.081 0.098 0.   ]
[0.058 0.111 0.104 0.098 0.107 0.122 0.081 0.098 0.   ]
[0.058 0.111 0.104 0.098 0.107 0.122 0.081 0.098 0.   ]
[0.058 0.111 0.104 0.098 0.107 0.122 0.081 0.098 0.   ]
[0.058 0.111 0.104 0.098 0.107 0.122 0.081 0.098 0.   ]
[0.058 0.111 0.104 0.098 0.107 0.122 0.081 0.098 0.   ]
[0.058 0.111 0.104 0.098 0.107 0.122 0.081 0.098 0.   ]
[0.058 0.111 0.104 0.098 0.107 0.122 0.081 0.098 0.   ]
[0.058 0.111 0.104 0.098 0.107 0.122 0.081 0.098 0.   ]
[0.058 0.111 0.104 0.098 0.107 0.122 0.081 0.098 0.   ]
[0.058 0.111 0.104 0.098 0.107 0.122 0.081 0.098 0.   ]
[0.058 0.111 0.104 0.098 0.107 0.122 0.081 0.098 0.   ]
[0.058 0.111 0.104 0.098 0.107 0.122 0.081 0.098 0.   ]
[0.058 0.111 0.104 0.098 0.107 0.122 0.081 0.098 0.   ]
[0.058 0.111 0.104 0.098 0.107 0.122 0.081 0.098 0.   ]
[0.058 0.111 0.104 0.098 0.107 0.122 0.081 0.098 0.   ]
[0.058 0.111 0.104 0.098 0.107 0.122 0.081 0.098 0.   ]
[0.058 0.111 0.104 0.098 0.107 0.122 0.081 0.098 0.   ]
[0.058 0.111 0.104 0.098 0.107 0.122 0.081 0.098 0.   ]
[0.058 0.111 0.104 0.098 0.107 0.122 0.081 0.098 0.   ]
[0.058 0.111 0.104 0.098 0.107 0.122 0.081 0.098 0.   ]
[0.058 0.111 0.104 0.098 0.107 0.122 0.081 0.098 0.   ]
[0.058 0.111 0.104 0.098 0.107 0.122 0.081 0.098 0.   ]
[0.058 0.111 0.104 0.098 0.107 0.122 0.081 0.098 0.   ]
[0.058 0.111 0.104 0.098 0.107 0.122 0.081 0.098 0.   ]
[0.058 0.111 0.104 0.098 0.107 0.122 0.081 0.098 0.   ]
[0.058 0.111 0.104 0.098 0.107 0.122 0.081 0.098 0.   ]
[0.058 0.111 0.104 0.098 0.107 0.122 0.081 0.098 0.   ]
93,  0.67641,  0.71856,  0.60515,  0.95110,  73.97365,  503.10479
delay:
[0.058 0.111 0.104 0.099 0.107 0.123 0.082 0.099 0.   ]
[0.058 0.111 0.104 0.099 0.107 0.123 0.082 0.099 0.   ]
[0.058 0.111 0.104 0.099 0.107 0.123 0.082 0.099 0.   ]
[0.058 0.111 0.104 0.099 0.107 0.123 0.082 0.099 0.   ]
[0.058 0.111 0.104 0.099 0.107 0.123 0.082 0.099 0.   ]
[0.058 0.111 0.104 0.099 0.107 0.123 0.082 0.099 0.   ]
[0.058 0.111 0.104 0.099 0.107 0.123 0.082 0.099 0.   ]
[0.058 0.111 0.104 0.099 0.107 0.123 0.082 0.099 0.   ]
[0.058 0.111 0.104 0.099 0.107 0.123 0.082 0.099 0.   ]
[0.058 0.111 0.104 0.099 0.107 0.123 0.082 0.099 0.   ]
[0.058 0.111 0.104 0.099 0.107 0.123 0.082 0.099 0.   ]
[0.058 0.111 0.104 0.099 0.107 0.123 0.082 0.099 0.   ]
[0.058 0.111 0.104 0.099 0.107 0.123 0.082 0.099 0.   ]
[0.058 0.111 0.104 0.099 0.107 0.123 0.082 0.099 0.   ]
[0.058 0.111 0.104 0.099 0.107 0.123 0.082 0.099 0.   ]
[0.058 0.111 0.104 0.099 0.107 0.123 0.082 0.099 0.   ]
[0.058 0.111 0.104 0.099 0.107 0.123 0.082 0.099 0.   ]
[0.058 0.111 0.104 0.099 0.107 0.123 0.082 0.099 0.   ]
[0.058 0.111 0.104 0.099 0.107 0.123 0.082 0.099 0.   ]
[0.058 0.111 0.104 0.099 0.107 0.123 0.082 0.099 0.   ]
[0.058 0.111 0.104 0.099 0.107 0.123 0.082 0.099 0.   ]
[0.058 0.111 0.104 0.099 0.107 0.123 0.082 0.099 0.   ]
[0.058 0.111 0.104 0.099 0.107 0.123 0.082 0.099 0.   ]
[0.058 0.111 0.104 0.099 0.107 0.123 0.082 0.099 0.   ]
[0.058 0.111 0.104 0.099 0.107 0.123 0.082 0.099 0.   ]
[0.058 0.111 0.104 0.099 0.107 0.123 0.082 0.099 0.   ]
[0.058 0.111 0.104 0.099 0.107 0.123 0.082 0.099 0.   ]
[0.058 0.111 0.104 0.099 0.107 0.123 0.082 0.099 0.   ]
[0.058 0.111 0.104 0.099 0.107 0.123 0.082 0.099 0.   ]
[0.058 0.111 0.104 0.099 0.107 0.123 0.082 0.099 0.   ]
[0.058 0.111 0.104 0.099 0.107 0.123 0.082 0.099 0.   ]
[0.058 0.111 0.104 0.099 0.107 0.123 0.082 0.099 0.   ]
94,  0.67436,  0.71845,  0.60522,  0.95111,  77.84396,  504.45556
delay:
[0.059 0.112 0.105 0.099 0.108 0.124 0.083 0.1   0.   ]
[0.059 0.112 0.105 0.099 0.108 0.124 0.083 0.1   0.   ]
[0.059 0.112 0.105 0.099 0.108 0.124 0.083 0.1   0.   ]
[0.059 0.112 0.105 0.099 0.108 0.124 0.083 0.1   0.   ]
[0.059 0.112 0.105 0.099 0.108 0.124 0.083 0.1   0.   ]
[0.059 0.112 0.105 0.099 0.108 0.124 0.083 0.1   0.   ]
[0.059 0.112 0.105 0.099 0.108 0.124 0.083 0.1   0.   ]
[0.059 0.112 0.105 0.099 0.108 0.124 0.083 0.1   0.   ]
[0.059 0.112 0.105 0.099 0.108 0.124 0.083 0.1   0.   ]
[0.059 0.112 0.105 0.099 0.108 0.124 0.083 0.1   0.   ]
[0.059 0.112 0.105 0.099 0.108 0.124 0.083 0.1   0.   ]
[0.059 0.112 0.105 0.099 0.108 0.124 0.083 0.1   0.   ]
[0.059 0.112 0.105 0.099 0.108 0.124 0.083 0.1   0.   ]
[0.059 0.112 0.105 0.099 0.108 0.124 0.083 0.1   0.   ]
[0.059 0.112 0.105 0.099 0.108 0.124 0.083 0.1   0.   ]
[0.059 0.112 0.105 0.099 0.108 0.124 0.083 0.1   0.   ]
[0.059 0.112 0.105 0.099 0.108 0.124 0.083 0.1   0.   ]
[0.059 0.112 0.105 0.099 0.108 0.124 0.083 0.1   0.   ]
[0.059 0.112 0.105 0.099 0.108 0.124 0.083 0.1   0.   ]
[0.059 0.112 0.105 0.099 0.108 0.124 0.083 0.1   0.   ]
[0.059 0.112 0.105 0.099 0.108 0.124 0.083 0.1   0.   ]
[0.059 0.112 0.105 0.099 0.108 0.124 0.083 0.1   0.   ]
[0.059 0.112 0.105 0.099 0.108 0.124 0.083 0.1   0.   ]
[0.059 0.112 0.105 0.099 0.108 0.124 0.083 0.1   0.   ]
[0.059 0.112 0.105 0.099 0.108 0.124 0.083 0.1   0.   ]
[0.059 0.112 0.105 0.099 0.108 0.124 0.083 0.1   0.   ]
[0.059 0.112 0.105 0.099 0.108 0.124 0.083 0.1   0.   ]
[0.059 0.112 0.105 0.099 0.108 0.124 0.083 0.1   0.   ]
[0.059 0.112 0.105 0.099 0.108 0.124 0.083 0.1   0.   ]
[0.059 0.112 0.105 0.099 0.108 0.124 0.083 0.1   0.   ]
[0.059 0.112 0.105 0.099 0.108 0.124 0.083 0.1   0.   ]
[0.059 0.112 0.105 0.099 0.108 0.124 0.083 0.1   0.   ]
95,  0.67336,  0.71845,  0.60529,  0.95115,  80.50807,  506.35036
delay:
[0.06  0.113 0.106 0.1   0.109 0.124 0.083 0.1   0.   ]
[0.06  0.113 0.106 0.1   0.109 0.124 0.083 0.1   0.   ]
[0.06  0.113 0.106 0.1   0.109 0.124 0.083 0.1   0.   ]
[0.06  0.113 0.106 0.1   0.109 0.124 0.083 0.1   0.   ]
[0.06  0.113 0.106 0.1   0.109 0.124 0.083 0.1   0.   ]
[0.06  0.113 0.106 0.1   0.109 0.124 0.083 0.1   0.   ]
[0.06  0.113 0.106 0.1   0.109 0.124 0.083 0.1   0.   ]
[0.06  0.113 0.106 0.1   0.109 0.124 0.083 0.1   0.   ]
[0.06  0.113 0.106 0.1   0.109 0.124 0.083 0.1   0.   ]
[0.06  0.113 0.106 0.1   0.109 0.124 0.083 0.1   0.   ]
[0.06  0.113 0.106 0.1   0.109 0.124 0.083 0.1   0.   ]
[0.06  0.113 0.106 0.1   0.109 0.124 0.083 0.1   0.   ]
[0.06  0.113 0.106 0.1   0.109 0.124 0.083 0.1   0.   ]
[0.06  0.113 0.106 0.1   0.109 0.124 0.083 0.1   0.   ]
[0.06  0.113 0.106 0.1   0.109 0.124 0.083 0.1   0.   ]
[0.06  0.113 0.106 0.1   0.109 0.124 0.083 0.1   0.   ]
[0.06  0.113 0.106 0.1   0.109 0.124 0.083 0.1   0.   ]
[0.06  0.113 0.106 0.1   0.109 0.124 0.083 0.1   0.   ]
[0.06  0.113 0.106 0.1   0.109 0.124 0.083 0.1   0.   ]
[0.06  0.113 0.106 0.1   0.109 0.124 0.083 0.1   0.   ]
[0.06  0.113 0.106 0.1   0.109 0.124 0.083 0.1   0.   ]
[0.06  0.113 0.106 0.1   0.109 0.124 0.083 0.1   0.   ]
[0.06  0.113 0.106 0.1   0.109 0.124 0.083 0.1   0.   ]
[0.06  0.113 0.106 0.1   0.109 0.124 0.083 0.1   0.   ]
[0.06  0.113 0.106 0.1   0.109 0.124 0.083 0.1   0.   ]
[0.06  0.113 0.106 0.1   0.109 0.124 0.083 0.1   0.   ]
[0.06  0.113 0.106 0.1   0.109 0.124 0.083 0.1   0.   ]
[0.06  0.113 0.106 0.1   0.109 0.124 0.083 0.1   0.   ]
[0.06  0.113 0.106 0.1   0.109 0.124 0.083 0.1   0.   ]
[0.06  0.113 0.106 0.1   0.109 0.124 0.083 0.1   0.   ]
[0.06  0.113 0.106 0.1   0.109 0.124 0.083 0.1   0.   ]
[0.06  0.113 0.106 0.1   0.109 0.124 0.083 0.1   0.   ]
96,  0.67212,  0.71848,  0.60537,  0.95132,  76.51685,  502.95868
delay:
[0.06  0.113 0.107 0.101 0.109 0.125 0.083 0.1   0.   ]
[0.06  0.113 0.107 0.101 0.109 0.125 0.083 0.1   0.   ]
[0.06  0.113 0.107 0.101 0.109 0.125 0.083 0.1   0.   ]
[0.06  0.113 0.107 0.101 0.109 0.125 0.083 0.1   0.   ]
[0.06  0.113 0.107 0.101 0.109 0.125 0.083 0.1   0.   ]
[0.06  0.113 0.107 0.101 0.109 0.125 0.083 0.1   0.   ]
[0.06  0.113 0.107 0.101 0.109 0.125 0.083 0.1   0.   ]
[0.06  0.113 0.107 0.101 0.109 0.125 0.083 0.1   0.   ]
[0.06  0.113 0.107 0.101 0.109 0.125 0.083 0.1   0.   ]
[0.06  0.113 0.107 0.101 0.109 0.125 0.083 0.1   0.   ]
[0.06  0.113 0.107 0.101 0.109 0.125 0.083 0.1   0.   ]
[0.06  0.113 0.107 0.101 0.109 0.125 0.083 0.1   0.   ]
[0.06  0.113 0.107 0.101 0.109 0.125 0.083 0.1   0.   ]
[0.06  0.113 0.107 0.101 0.109 0.125 0.083 0.1   0.   ]
[0.06  0.113 0.107 0.101 0.109 0.125 0.083 0.1   0.   ]
[0.06  0.113 0.107 0.101 0.109 0.125 0.083 0.1   0.   ]
[0.06  0.113 0.107 0.101 0.109 0.125 0.083 0.1   0.   ]
[0.06  0.113 0.107 0.101 0.109 0.125 0.083 0.1   0.   ]
[0.06  0.113 0.107 0.101 0.109 0.125 0.083 0.1   0.   ]
[0.06  0.113 0.107 0.101 0.109 0.125 0.083 0.1   0.   ]
[0.06  0.113 0.107 0.101 0.109 0.125 0.083 0.1   0.   ]
[0.06  0.113 0.107 0.101 0.109 0.125 0.083 0.1   0.   ]
[0.06  0.113 0.107 0.101 0.109 0.125 0.083 0.1   0.   ]
[0.06  0.113 0.107 0.101 0.109 0.125 0.083 0.1   0.   ]
[0.06  0.113 0.107 0.101 0.109 0.125 0.083 0.1   0.   ]
[0.06  0.113 0.107 0.101 0.109 0.125 0.083 0.1   0.   ]
[0.06  0.113 0.107 0.101 0.109 0.125 0.083 0.1   0.   ]
[0.06  0.113 0.107 0.101 0.109 0.125 0.083 0.1   0.   ]
[0.06  0.113 0.107 0.101 0.109 0.125 0.083 0.1   0.   ]
[0.06  0.113 0.107 0.101 0.109 0.125 0.083 0.1   0.   ]
[0.06  0.113 0.107 0.101 0.109 0.125 0.083 0.1   0.   ]
[0.06  0.113 0.107 0.101 0.109 0.125 0.083 0.1   0.   ]
97,  0.67037,  0.71847,  0.60544,  0.95211,  77.29170,  502.61348
delay:
[0.061 0.114 0.107 0.101 0.11  0.126 0.083 0.101 0.   ]
[0.061 0.114 0.107 0.101 0.11  0.126 0.083 0.101 0.   ]
[0.061 0.114 0.107 0.101 0.11  0.126 0.083 0.101 0.   ]
[0.061 0.114 0.107 0.101 0.11  0.126 0.083 0.101 0.   ]
[0.061 0.114 0.107 0.101 0.11  0.126 0.083 0.101 0.   ]
[0.061 0.114 0.107 0.101 0.11  0.126 0.083 0.101 0.   ]
[0.061 0.114 0.107 0.101 0.11  0.126 0.083 0.101 0.   ]
[0.061 0.114 0.107 0.101 0.11  0.126 0.083 0.101 0.   ]
[0.061 0.114 0.107 0.101 0.11  0.126 0.083 0.101 0.   ]
[0.061 0.114 0.107 0.101 0.11  0.126 0.083 0.101 0.   ]
[0.061 0.114 0.107 0.101 0.11  0.126 0.083 0.101 0.   ]
[0.061 0.114 0.107 0.101 0.11  0.126 0.083 0.101 0.   ]
[0.061 0.114 0.107 0.101 0.11  0.126 0.083 0.101 0.   ]
[0.061 0.114 0.107 0.101 0.11  0.126 0.083 0.101 0.   ]
[0.061 0.114 0.107 0.101 0.11  0.126 0.083 0.101 0.   ]
[0.061 0.114 0.107 0.101 0.11  0.126 0.083 0.101 0.   ]
[0.061 0.114 0.107 0.101 0.11  0.126 0.083 0.101 0.   ]
[0.061 0.114 0.107 0.101 0.11  0.126 0.083 0.101 0.   ]
[0.061 0.114 0.107 0.101 0.11  0.126 0.083 0.101 0.   ]
[0.061 0.114 0.107 0.101 0.11  0.126 0.083 0.101 0.   ]
[0.061 0.114 0.107 0.101 0.11  0.126 0.083 0.101 0.   ]
[0.061 0.114 0.107 0.101 0.11  0.126 0.083 0.101 0.   ]
[0.061 0.114 0.107 0.101 0.11  0.126 0.083 0.101 0.   ]
[0.061 0.114 0.107 0.101 0.11  0.126 0.083 0.101 0.   ]
[0.061 0.114 0.107 0.101 0.11  0.126 0.083 0.101 0.   ]
[0.061 0.114 0.107 0.101 0.11  0.126 0.083 0.101 0.   ]
[0.061 0.114 0.107 0.101 0.11  0.126 0.083 0.101 0.   ]
[0.061 0.114 0.107 0.101 0.11  0.126 0.083 0.101 0.   ]
[0.061 0.114 0.107 0.101 0.11  0.126 0.083 0.101 0.   ]
[0.061 0.114 0.107 0.101 0.11  0.126 0.083 0.101 0.   ]
[0.061 0.114 0.107 0.101 0.11  0.126 0.083 0.101 0.   ]
[0.061 0.114 0.107 0.101 0.11  0.126 0.083 0.101 0.   ]
98,  0.66998,  0.71848,  0.60554,  0.95200,  78.06808,  498.48860
delay:
[0.061 0.115 0.108 0.102 0.111 0.127 0.084 0.101 0.   ]
[0.061 0.115 0.108 0.102 0.111 0.127 0.084 0.101 0.   ]
[0.061 0.115 0.108 0.102 0.111 0.127 0.084 0.101 0.   ]
[0.061 0.115 0.108 0.102 0.111 0.127 0.084 0.101 0.   ]
[0.061 0.115 0.108 0.102 0.111 0.127 0.084 0.101 0.   ]
[0.061 0.115 0.108 0.102 0.111 0.127 0.084 0.101 0.   ]
[0.061 0.115 0.108 0.102 0.111 0.127 0.084 0.101 0.   ]
[0.061 0.115 0.108 0.102 0.111 0.127 0.084 0.101 0.   ]
[0.061 0.115 0.108 0.102 0.111 0.127 0.084 0.101 0.   ]
[0.061 0.115 0.108 0.102 0.111 0.127 0.084 0.101 0.   ]
[0.061 0.115 0.108 0.102 0.111 0.127 0.084 0.101 0.   ]
[0.061 0.115 0.108 0.102 0.111 0.127 0.084 0.101 0.   ]
[0.061 0.115 0.108 0.102 0.111 0.127 0.084 0.101 0.   ]
[0.061 0.115 0.108 0.102 0.111 0.127 0.084 0.101 0.   ]
[0.061 0.115 0.108 0.102 0.111 0.127 0.084 0.101 0.   ]
[0.061 0.115 0.108 0.102 0.111 0.127 0.084 0.101 0.   ]
[0.061 0.115 0.108 0.102 0.111 0.127 0.084 0.101 0.   ]
[0.061 0.115 0.108 0.102 0.111 0.127 0.084 0.101 0.   ]
[0.061 0.115 0.108 0.102 0.111 0.127 0.084 0.101 0.   ]
[0.061 0.115 0.108 0.102 0.111 0.127 0.084 0.101 0.   ]
[0.061 0.115 0.108 0.102 0.111 0.127 0.084 0.101 0.   ]
[0.061 0.115 0.108 0.102 0.111 0.127 0.084 0.101 0.   ]
[0.061 0.115 0.108 0.102 0.111 0.127 0.084 0.101 0.   ]
[0.061 0.115 0.108 0.102 0.111 0.127 0.084 0.101 0.   ]
[0.061 0.115 0.108 0.102 0.111 0.127 0.084 0.101 0.   ]
[0.061 0.115 0.108 0.102 0.111 0.127 0.084 0.101 0.   ]
[0.061 0.115 0.108 0.102 0.111 0.127 0.084 0.101 0.   ]
[0.061 0.115 0.108 0.102 0.111 0.127 0.084 0.101 0.   ]
[0.061 0.115 0.108 0.102 0.111 0.127 0.084 0.101 0.   ]
[0.061 0.115 0.108 0.102 0.111 0.127 0.084 0.101 0.   ]
[0.061 0.115 0.108 0.102 0.111 0.127 0.084 0.101 0.   ]
[0.061 0.115 0.108 0.102 0.111 0.127 0.084 0.101 0.   ]
99,  0.66789,  0.71848,  0.60562,  0.95232,  77.51470,  493.37342
delay:
[0.062 0.115 0.109 0.103 0.111 0.126 0.084 0.101 0.   ]
[0.062 0.115 0.109 0.103 0.111 0.126 0.084 0.101 0.   ]
[0.062 0.115 0.109 0.103 0.111 0.126 0.084 0.101 0.   ]
[0.062 0.115 0.109 0.103 0.111 0.126 0.084 0.101 0.   ]
[0.062 0.115 0.109 0.103 0.111 0.126 0.084 0.101 0.   ]
[0.062 0.115 0.109 0.103 0.111 0.126 0.084 0.101 0.   ]
[0.062 0.115 0.109 0.103 0.111 0.126 0.084 0.101 0.   ]
[0.062 0.115 0.109 0.103 0.111 0.126 0.084 0.101 0.   ]
[0.062 0.115 0.109 0.103 0.111 0.126 0.084 0.101 0.   ]
[0.062 0.115 0.109 0.103 0.111 0.126 0.084 0.101 0.   ]
[0.062 0.115 0.109 0.103 0.111 0.126 0.084 0.101 0.   ]
[0.062 0.115 0.109 0.103 0.111 0.126 0.084 0.101 0.   ]
[0.062 0.115 0.109 0.103 0.111 0.126 0.084 0.101 0.   ]
[0.062 0.115 0.109 0.103 0.111 0.126 0.084 0.101 0.   ]
[0.062 0.115 0.109 0.103 0.111 0.126 0.084 0.101 0.   ]
[0.062 0.115 0.109 0.103 0.111 0.126 0.084 0.101 0.   ]
[0.062 0.115 0.109 0.103 0.111 0.126 0.084 0.101 0.   ]
[0.062 0.115 0.109 0.103 0.111 0.126 0.084 0.101 0.   ]
[0.062 0.115 0.109 0.103 0.111 0.126 0.084 0.101 0.   ]
[0.062 0.115 0.109 0.103 0.111 0.126 0.084 0.101 0.   ]
[0.062 0.115 0.109 0.103 0.111 0.126 0.084 0.101 0.   ]
[0.062 0.115 0.109 0.103 0.111 0.126 0.084 0.101 0.   ]
[0.062 0.115 0.109 0.103 0.111 0.126 0.084 0.101 0.   ]
[0.062 0.115 0.109 0.103 0.111 0.126 0.084 0.101 0.   ]
[0.062 0.115 0.109 0.103 0.111 0.126 0.084 0.101 0.   ]
[0.062 0.115 0.109 0.103 0.111 0.126 0.084 0.101 0.   ]
[0.062 0.115 0.109 0.103 0.111 0.126 0.084 0.101 0.   ]
[0.062 0.115 0.109 0.103 0.111 0.126 0.084 0.101 0.   ]
[0.062 0.115 0.109 0.103 0.111 0.126 0.084 0.101 0.   ]
[0.062 0.115 0.109 0.103 0.111 0.126 0.084 0.101 0.   ]
[0.062 0.115 0.109 0.103 0.111 0.126 0.084 0.101 0.   ]
[0.062 0.115 0.109 0.103 0.111 0.126 0.084 0.101 0.   ]
100,  0.56543,  0.71760,  0.60864,  0.82726,  102.01995,  2919.21814
delay:
[0.058 0.103 0.104 0.099 0.103 0.126 0.073 0.086 0.   ]
[0.058 0.103 0.104 0.099 0.103 0.126 0.073 0.086 0.   ]
[0.058 0.103 0.104 0.099 0.103 0.126 0.073 0.086 0.   ]
[0.058 0.103 0.104 0.099 0.103 0.126 0.073 0.086 0.   ]
[0.058 0.103 0.104 0.099 0.103 0.126 0.073 0.086 0.   ]
[0.058 0.103 0.104 0.099 0.103 0.126 0.073 0.086 0.   ]
[0.058 0.103 0.104 0.099 0.103 0.126 0.073 0.086 0.   ]
[0.058 0.103 0.104 0.099 0.103 0.126 0.073 0.086 0.   ]
[0.058 0.103 0.104 0.099 0.103 0.126 0.073 0.086 0.   ]
[0.058 0.103 0.104 0.099 0.103 0.126 0.073 0.086 0.   ]
[0.058 0.103 0.104 0.099 0.103 0.126 0.073 0.086 0.   ]
[0.058 0.103 0.104 0.099 0.103 0.126 0.073 0.086 0.   ]
[0.058 0.103 0.104 0.099 0.103 0.126 0.073 0.086 0.   ]
[0.058 0.103 0.104 0.099 0.103 0.126 0.073 0.086 0.   ]
[0.058 0.103 0.104 0.099 0.103 0.126 0.073 0.086 0.   ]
[0.058 0.103 0.104 0.099 0.103 0.126 0.073 0.086 0.   ]
[0.058 0.103 0.104 0.099 0.103 0.126 0.073 0.086 0.   ]
[0.058 0.103 0.104 0.099 0.103 0.126 0.073 0.086 0.   ]
[0.058 0.103 0.104 0.099 0.103 0.126 0.073 0.086 0.   ]
[0.058 0.103 0.104 0.099 0.103 0.126 0.073 0.086 0.   ]
[0.058 0.103 0.104 0.099 0.103 0.126 0.073 0.086 0.   ]
[0.058 0.103 0.104 0.099 0.103 0.126 0.073 0.086 0.   ]
[0.058 0.103 0.104 0.099 0.103 0.126 0.073 0.086 0.   ]
[0.058 0.103 0.104 0.099 0.103 0.126 0.073 0.086 0.   ]
[0.058 0.103 0.104 0.099 0.103 0.126 0.073 0.086 0.   ]
[0.058 0.103 0.104 0.099 0.103 0.126 0.073 0.086 0.   ]
[0.058 0.103 0.104 0.099 0.103 0.126 0.073 0.086 0.   ]
[0.058 0.103 0.104 0.099 0.103 0.126 0.073 0.086 0.   ]
[0.058 0.103 0.104 0.099 0.103 0.126 0.073 0.086 0.   ]
[0.058 0.103 0.104 0.099 0.103 0.126 0.073 0.086 0.   ]
[0.058 0.103 0.104 0.099 0.103 0.126 0.073 0.086 0.   ]
[0.058 0.103 0.104 0.099 0.103 0.126 0.073 0.086 0.   ]
