Namespace(data='data/toy_one/3dim_20000seq_64ev/', epoch=100, batch_size=128, d_model=16, d_rnn=8, d_inner_hid=32, d_k=16, d_v=16, n_head=1, n_layers=1, dropout=0.1, lr=0.001, smooth=0.1, log='data/toy_one/3dim_20000seq_64ev/100_20_input16_hidden64_softplus_batch128.txt', num_events=64, lr_delay=0.001, n_hidden=64, n_input=16, device=device(type='cpu'))
Epoch, Log-likelihood-Test, Accuracy, RMSE, Log-likelihood-Train, Gradient_Masker, Gradient_THP
1,  0.44270,  0.62208,  0.27588, -0.00983,  0.00000,  5736.77030
delay:
0.0
0.0
0.0
2,  0.54425,  0.62311,  0.25976,  0.51701,  0.00000,  1521.56765
delay:
0.0
0.0
0.0
3,  0.55944,  0.62240,  0.25181,  0.55584,  0.00000,  859.33768
delay:
0.0
0.0
0.0
4,  0.57428,  0.62253,  0.25387,  0.56856,  0.00000,  859.36477
delay:
0.0
0.0
0.0
5,  0.59632,  0.62245,  0.25745,  0.58753,  0.00000,  972.19422
delay:
0.0
0.0
0.0
6,  0.61840,  0.62267,  0.25497,  0.60750,  0.00000,  879.73825
delay:
0.0
0.0
0.0
7,  0.67675,  0.62188,  0.25180,  0.63761,  0.00000,  1281.49713
delay:
0.0
0.0
0.0
8,  0.72926,  0.62293,  0.25132,  0.69115,  0.00000,  2617.14692
delay:
0.0
0.0
0.0
9,  0.75737,  0.62289,  0.25108,  0.72757,  0.00000,  1898.00584
delay:
0.0
0.0
0.0
10,  0.78039,  0.62275,  0.25055,  0.75001,  0.00000,  1992.81567
delay:
0.0
0.0
0.0
11,  0.79076,  0.62271,  0.25049,  0.76482,  0.00000,  1518.16941
delay:
0.0
0.0
0.0
12,  0.80014,  0.62256,  0.25067,  0.77320,  0.00000,  1924.41190
delay:
0.0
0.0
0.0
13,  0.80860,  0.62264,  0.25077,  0.78178,  0.00000,  1590.74473
delay:
0.0
0.0
0.0
14,  0.81655,  0.62266,  0.25090,  0.78897,  0.00000,  1803.18247
delay:
0.0
0.0
0.0
15,  0.82413,  0.62275,  0.25098,  0.79659,  0.00000,  1628.82929
delay:
0.0
0.0
0.0
16,  0.83180,  0.62284,  0.25123,  0.80334,  0.00000,  1931.01255
delay:
0.0
0.0
0.0
17,  0.84039,  0.62283,  0.25187,  0.81080,  0.00000,  2101.23550
delay:
0.0
0.0
0.0
18,  0.85160,  0.62291,  0.25267,  0.81896,  0.00000,  2127.03725
delay:
0.0
0.0
0.0
19,  0.87228,  0.62281,  0.25289,  0.83255,  0.00000,  2061.14183
delay:
0.0
0.0
0.0
20,  0.88670,  0.62279,  0.25290,  0.84767,  0.00000,  2196.72008
delay:
0.0
0.0
0.0
21,  0.88058,  0.62342,  0.25175,  0.82116,  443.18918,  3362.93702
delay:
0.234
0.655
0.008
22,  0.91702,  0.62294,  0.25050,  0.86301,  535.86465,  3046.05373
delay:
0.194
0.008
0.014
23,  0.94362,  0.62279,  0.25008,  0.89419,  1015.28955,  4304.38066
delay:
0.18
0.003
0.008
24,  0.97067,  0.62319,  0.24986,  0.92344,  848.22234,  3701.16920
delay:
0.152
0.003
0.003
25,  1.00548,  0.62337,  0.24963,  0.95294,  1074.33818,  4416.63965
delay:
0.134
0.106
0.002
26,  1.04208,  0.62317,  0.24981,  0.98843,  806.99227,  5913.45486
delay:
0.103
0.099
0.001
27,  1.06165,  0.62317,  0.24930,  1.02121,  1018.58560,  7588.02383
delay:
0.081
0.076
0.001
28,  1.08336,  0.62284,  0.24921,  1.04547,  635.99173,  6554.90124
delay:
0.057
0.06
0.001
29,  1.09532,  0.62302,  0.24914,  1.06192,  557.93630,  10183.85225
delay:
0.04
0.036
0.002
30,  1.10065,  0.62280,  0.24918,  1.07391,  512.43285,  11586.22665
delay:
0.034
0.031
0.003
31,  1.11144,  0.62320,  0.24910,  1.08224,  241.49843,  7100.40331
delay:
0.03
0.026
0.006
32,  1.11438,  0.62317,  0.24910,  1.08694,  233.10134,  5527.64210
delay:
0.027
0.024
0.016
33,  1.11787,  0.62315,  0.24918,  1.09145,  248.45191,  7614.01223
delay:
0.018
0.013
0.602
34,  1.12252,  0.62349,  0.24909,  1.09611,  212.69213,  6651.81311
delay:
0.016
0.012
0.676
35,  1.12479,  0.62340,  0.24910,  1.09958,  218.21839,  6566.15262
delay:
0.014
0.01
0.677
36,  1.12769,  0.62335,  0.24906,  1.10243,  201.80477,  6860.98323
delay:
0.013
0.009
0.651
37,  1.12749,  0.62339,  0.24904,  1.10525,  258.77721,  7208.91020
delay:
0.011
0.007
0.698
38,  1.13224,  0.62315,  0.24911,  1.10770,  208.94926,  10282.97125
delay:
0.01
0.006
0.648
39,  1.13261,  0.62329,  0.24908,  1.11032,  184.70313,  8128.43702
delay:
0.009
0.005
0.697
40,  1.13604,  0.62348,  0.24908,  1.11249,  186.59743,  6520.49242
delay:
0.008
0.004
0.628
41, -0.76074,  0.61249,  0.25576,  1.11223,  79.40819,  14203.50669
delay:
0.008
0.004
0.628
42, -0.77054,  0.61348,  0.25561,  1.11521,  79.40819,  6356.61599
delay:
0.008
0.004
0.628
43, -0.78300,  0.61230,  0.25681,  1.11605,  79.40819,  6542.71564
delay:
0.008
0.004
0.628
44, -0.79681,  0.61195,  0.25608,  1.11681,  79.40819,  5892.77583
delay:
0.008
0.004
0.628
45, -0.80848,  0.61191,  0.25794,  1.11775,  79.40819,  7021.22322
delay:
0.008
0.004
0.628
46, -0.82552,  0.61226,  0.25825,  1.11851,  79.40819,  5680.06322
delay:
0.008
0.004
0.628
47, -0.83503,  0.61340,  0.25674,  1.11912,  79.40819,  4842.40155
delay:
0.008
0.004
0.628
48, -0.85278,  0.61392,  0.25714,  1.11966,  79.40819,  5668.82391
delay:
0.008
0.004
0.628
49, -0.85911,  0.61023,  0.25779,  1.12064,  79.40819,  7858.58729
delay:
0.008
0.004
0.628
50, -1.04721,  0.59669,  0.25454,  0.87907,  79.40819,  24513.04505
delay:
0.008
0.004
0.628
51, -1.05966,  0.59399,  0.25576,  1.03026,  79.40819,  3533.39404
delay:
0.008
0.004
0.628
52, -1.04989,  0.59642,  0.25613,  1.04943,  79.40819,  3095.41128
delay:
0.008
0.004
0.628
53, -1.03229,  0.59928,  0.25717,  1.06303,  79.40819,  2780.36327
delay:
0.008
0.004
0.628
54, -1.01155,  0.60317,  0.25616,  1.07309,  79.40819,  2803.14818
delay:
0.008
0.004
0.628
55, -0.98902,  0.60797,  0.25691,  1.08130,  79.40819,  2702.35226
delay:
0.008
0.004
0.628
56, -0.96754,  0.61152,  0.25710,  1.08779,  79.40819,  2761.26584
delay:
0.008
0.004
0.628
57, -0.95004,  0.61305,  0.25689,  1.09328,  79.40819,  2717.15690
delay:
0.008
0.004
0.628
58, -0.93287,  0.61539,  0.25769,  1.09769,  79.40819,  2686.95963
delay:
0.008
0.004
0.628
59, -0.92260,  0.61708,  0.25702,  1.10178,  79.40819,  2590.96585
delay:
0.008
0.004
0.628
60, -0.91158,  0.61717,  0.25779,  1.10524,  79.40819,  2789.77784
delay:
0.008
0.004
0.628
61,  1.12743,  0.62325,  0.24907,  1.10883,  362.23037,  3806.01553
delay:
0.006
0.003
0.718
62,  1.13032,  0.62340,  0.24903,  1.11210,  276.07027,  3559.53211
delay:
0.005
0.002
0.676
63,  1.13279,  0.62338,  0.24903,  1.11475,  255.78968,  3688.44165
delay:
0.004
0.002
0.643
64,  1.13534,  0.62327,  0.24904,  1.11664,  320.53850,  4498.93077
delay:
0.004
0.002
0.647
65,  1.13696,  0.62350,  0.24898,  1.11865,  272.00179,  4175.94448
delay:
0.003
0.002
0.591
66,  1.13901,  0.62339,  0.24902,  1.12077,  328.00443,  5345.03107
delay:
0.003
0.001
0.558
67,  1.14133,  0.62337,  0.24897,  1.12229,  276.97077,  3849.99201
delay:
0.003
0.001
0.566
68,  1.14278,  0.62355,  0.24896,  1.12379,  282.57954,  4595.44487
delay:
0.003
0.001
0.524
69,  1.14481,  0.62352,  0.24896,  1.12525,  314.63034,  5707.86697
delay:
0.002
0.001
0.509
70,  1.14628,  0.62338,  0.24898,  1.12661,  319.23865,  4720.88250
delay:
0.002
0.001
0.474
71,  1.14733,  0.62337,  0.24894,  1.12771,  270.86226,  4737.89660
delay:
0.002
0.001
0.461
72,  1.14823,  0.62338,  0.24893,  1.12877,  236.24974,  3629.92208
delay:
0.002
0.001
0.455
73,  1.14933,  0.62348,  0.24893,  1.12961,  222.70224,  3904.68435
delay:
0.002
0.001
0.425
74,  1.15026,  0.62367,  0.24894,  1.13031,  200.09666,  4530.96753
delay:
0.003
0.001
0.402
75,  1.15051,  0.62362,  0.24894,  1.13075,  237.47613,  4785.31022
delay:
0.003
0.001
0.415
76,  1.15184,  0.62346,  0.24893,  1.13152,  183.12165,  4478.59455
delay:
0.003
0.001
0.407
77,  1.15212,  0.62359,  0.24893,  1.13212,  240.65322,  4017.61802
delay:
0.003
0.001
0.406
78,  1.15223,  0.62357,  0.24894,  1.13244,  235.14692,  4008.51215
delay:
0.003
0.001
0.395
79,  1.15328,  0.62354,  0.24893,  1.13285,  231.80081,  5359.29833
delay:
0.003
0.001
0.397
80,  1.15327,  0.62345,  0.24894,  1.13348,  196.18042,  4770.08432
delay:
0.003
0.001
0.382
81, -1.37537,  0.61101,  0.25742,  1.13395,  239.69311,  2648.85428
delay:
0.003
0.001
0.382
82, -1.37993,  0.61213,  0.25904,  1.13397,  239.69311,  3077.28407
delay:
0.003
0.001
0.382
83, -1.38297,  0.61244,  0.25812,  1.13389,  239.69311,  2869.83559
delay:
0.003
0.001
0.382
84, -1.38785,  0.61140,  0.25758,  1.13421,  239.69311,  3113.97460
delay:
0.003
0.001
0.382
85, -1.39260,  0.61168,  0.25825,  1.13427,  239.69311,  2904.57880
delay:
0.003
0.001
0.382
86, -1.39336,  0.61040,  0.25816,  1.13434,  239.69311,  3045.10825
delay:
0.003
0.001
0.382
87, -1.39824,  0.61124,  0.25814,  1.13469,  239.69311,  2877.00374
delay:
0.003
0.001
0.382
88, -1.40117,  0.61095,  0.25817,  1.13477,  239.69311,  3395.80165
delay:
0.003
0.001
0.382
89, -1.40888,  0.61124,  0.25792,  1.13483,  239.69311,  3066.70115
delay:
0.003
0.001
0.382
90, -1.41296,  0.61013,  0.25839,  1.13495,  239.69311,  3355.78990
delay:
0.003
0.001
0.382
91, -1.41445,  0.61061,  0.25878,  1.13501,  239.69311,  3197.50752
delay:
0.003
0.001
0.382
92, -1.41879,  0.61029,  0.25804,  1.13526,  239.69311,  2820.59945
delay:
0.003
0.001
0.382
93, -1.42108,  0.61079,  0.25809,  1.13507,  239.69311,  2857.47719
delay:
0.003
0.001
0.382
94, -1.42435,  0.61063,  0.25850,  1.13516,  239.69311,  3132.70235
delay:
0.003
0.001
0.382
95, -1.42551,  0.61036,  0.25787,  1.13526,  239.69311,  3030.62167
delay:
0.003
0.001
0.382
96, -1.43036,  0.60979,  0.25759,  1.13548,  239.69311,  2958.37689
delay:
0.003
0.001
0.382
97, -1.43190,  0.61013,  0.25839,  1.13534,  239.69311,  2982.62052
delay:
0.003
0.001
0.382
98, -1.43879,  0.61055,  0.25824,  1.13570,  239.69311,  2850.29839
delay:
0.003
0.001
0.382
99, -1.44015,  0.61022,  0.25855,  1.13591,  239.69311,  3439.94393
delay:
0.003
0.001
0.382
100, -1.48240,  0.61622,  0.25566,  0.73158,  239.69311,  75461.99573
delay:
0.003
0.001
0.382
