Namespace(batch_size=32, d_inner_hid=64, d_k=16, d_model=16, d_rnn=8, d_v=16, data='data/toy_one/3dim_20000seq_64ev/', device=device(type='cpu'), dropout=0.1, epoch=100, log='data/toy_one/3dim_20000seq_64ev/100_25_abs_input3_hidden32.txt', lr=0.001, lr_delay=0.01, n_head=1, n_hidden=32, n_input=3, n_layers=1, num_events=64, smooth=0.1)
Epoch, Log-likelihood, Accuracy, RMSE, Gradient_Masker, Gradient_THP
1,  0.57540,  0.62178,  0.25306,  0.42355,  0.00000,  566.99391
delay:
[0. 0. 0.]
[0. 0. 0.]
[0. 0. 0.]
2,  0.68243,  0.62138,  0.26530,  0.61914,  0.00000,  302.89560
delay:
[0. 0. 0.]
[0. 0. 0.]
[0. 0. 0.]
3,  0.79886,  0.62221,  0.24966,  0.72966,  0.00000,  629.19580
delay:
[0. 0. 0.]
[0. 0. 0.]
[0. 0. 0.]
4,  0.85230,  0.62269,  0.24919,  0.79616,  0.00000,  772.62969
delay:
[0. 0. 0.]
[0. 0. 0.]
[0. 0. 0.]
5,  0.88498,  0.62289,  0.24911,  0.83518,  0.00000,  829.26657
delay:
[0. 0. 0.]
[0. 0. 0.]
[0. 0. 0.]
6,  0.91896,  0.62336,  0.24903,  0.86276,  0.00000,  843.57097
delay:
[0. 0. 0.]
[0. 0. 0.]
[0. 0. 0.]
7,  0.99898,  0.62353,  0.24903,  0.91938,  0.00000,  1046.17007
delay:
[0. 0. 0.]
[0. 0. 0.]
[0. 0. 0.]
8,  1.02937,  0.62344,  0.24921,  0.96631,  0.00000,  1104.97119
delay:
[0. 0. 0.]
[0. 0. 0.]
[0. 0. 0.]
9,  1.05172,  0.62371,  0.24890,  0.99057,  0.00000,  1207.09700
delay:
[0. 0. 0.]
[0. 0. 0.]
[0. 0. 0.]
10,  1.06099,  0.62380,  0.24900,  1.00737,  0.00000,  1193.34273
delay:
[0. 0. 0.]
[0. 0. 0.]
[0. 0. 0.]
11,  1.06818,  0.62343,  0.24884,  1.01856,  0.00000,  1018.60767
delay:
[0. 0. 0.]
[0. 0. 0.]
[0. 0. 0.]
12,  1.07217,  0.62362,  0.24890,  1.02329,  0.00000,  1051.75305
delay:
[0. 0. 0.]
[0. 0. 0.]
[0. 0. 0.]
13,  1.07756,  0.62371,  0.24887,  1.02882,  0.00000,  1026.25393
delay:
[0. 0. 0.]
[0. 0. 0.]
[0. 0. 0.]
14,  1.08071,  0.62359,  0.24886,  1.03335,  0.00000,  1017.43518
delay:
[0. 0. 0.]
[0. 0. 0.]
[0. 0. 0.]
15,  1.08463,  0.62369,  0.24891,  1.03806,  0.00000,  1081.99752
delay:
[0. 0. 0.]
[0. 0. 0.]
[0. 0. 0.]
16,  1.08947,  0.62359,  0.24891,  1.04184,  0.00000,  1150.01922
delay:
[0. 0. 0.]
[0. 0. 0.]
[0. 0. 0.]
17,  1.09135,  0.62402,  0.24886,  1.04558,  0.00000,  1099.33668
delay:
[0. 0. 0.]
[0. 0. 0.]
[0. 0. 0.]
18,  1.09226,  0.62382,  0.24884,  1.04871,  0.00000,  1117.47208
delay:
[0. 0. 0.]
[0. 0. 0.]
[0. 0. 0.]
19,  1.09525,  0.62394,  0.24884,  1.05248,  0.00000,  1142.66831
delay:
[0. 0. 0.]
[0. 0. 0.]
[0. 0. 0.]
20,  1.09622,  0.62391,  0.24879,  1.05577,  0.00000,  1072.22553
delay:
[0. 0. 0.]
[0. 0. 0.]
[0. 0. 0.]
21,  1.10051,  0.62397,  0.24883,  1.05879,  0.00000,  997.62123
delay:
[0. 0. 0.]
[0. 0. 0.]
[0. 0. 0.]
22,  1.10343,  0.62397,  0.24886,  1.06090,  0.00000,  976.09139
delay:
[0. 0. 0.]
[0. 0. 0.]
[0. 0. 0.]
23,  1.10202,  0.62393,  0.24883,  1.06221,  0.00000,  1018.42814
delay:
[0. 0. 0.]
[0. 0. 0.]
[0. 0. 0.]
24,  1.10204,  0.62370,  0.24881,  1.06389,  0.00000,  1015.87007
delay:
[0. 0. 0.]
[0. 0. 0.]
[0. 0. 0.]
25,  1.10599,  0.62375,  0.24887,  1.06583,  0.00000,  999.42583
delay:
[0. 0. 0.]
[0. 0. 0.]
[0. 0. 0.]
26,  0.95765,  0.62220,  0.24897,  1.00406,  1683.78013,  972.08383
delay:
[0.    0.    0.    0.    0.    0.    0.192 6.261 0.876]
[0.    0.    0.    0.    0.    0.    0.192 6.261 0.876]
[0.    0.    0.    0.    0.    0.    0.192 6.261 0.876]
[0.    0.    0.    0.    0.    0.    0.192 6.261 0.876]
[0.    0.    0.    0.    0.    0.    0.192 6.261 0.876]
[0.    0.    0.    0.    0.    0.    0.192 6.261 0.876]
[0.    0.    0.    0.    0.    0.    0.192 6.261 0.876]
[0.    0.    0.    0.    0.    0.    0.192 6.261 0.876]
[0.    0.    0.    0.    0.    0.    0.192 6.261 0.876]
[0.    0.    0.    0.    0.    0.    0.192 6.261 0.876]
[0.    0.    0.    0.    0.    0.    0.192 6.261 0.876]
[0.    0.    0.    0.    0.    0.    0.192 6.261 0.876]
[0.    0.    0.    0.    0.    0.    0.192 6.261 0.876]
[0.    0.    0.    0.    0.    0.    0.192 6.261 0.876]
[0.    0.    0.    0.    0.    0.    0.192 6.261 0.876]
[0.    0.    0.    0.    0.    0.    0.192 6.261 0.876]
[0.    0.    0.    0.    0.    0.    0.192 6.261 0.876]
[0.    0.    0.    0.    0.    0.    0.192 6.261 0.876]
[0.    0.    0.    0.    0.    0.    0.192 6.261 0.876]
[0.    0.    0.    0.    0.    0.    0.192 6.261 0.876]
[0.    0.    0.    0.    0.    0.    0.192 6.261 0.876]
[0.    0.    0.    0.    0.    0.    0.192 6.261 0.876]
[0.    0.    0.    0.    0.    0.    0.192 6.261 0.876]
[0.    0.    0.    0.    0.    0.    0.192 6.261 0.876]
[0.    0.    0.    0.    0.    0.    0.192 6.261 0.876]
[0.    0.    0.    0.    0.    0.    0.192 6.261 0.876]
[0.    0.    0.    0.    0.    0.    0.192 6.261 0.876]
[0.    0.    0.    0.    0.    0.    0.192 6.261 0.876]
[0.    0.    0.    0.    0.    0.    0.192 6.261 0.876]
[0.    0.    0.    0.    0.    0.    0.192 6.261 0.876]
[0.    0.    0.    0.    0.    0.    0.192 6.261 0.876]
[0.    0.    0.    0.    0.    0.    0.192 6.261 0.876]
27,  0.95808,  0.62263,  0.24887,  1.05549,  3260.55313,  946.50388
delay:
[0.    0.    0.    0.    0.    0.    0.15  0.145 0.838]
[0.    0.    0.    0.    0.    0.    0.15  0.145 0.838]
[0.    0.    0.    0.    0.    0.    0.15  0.145 0.838]
[0.    0.    0.    0.    0.    0.    0.15  0.145 0.838]
[0.    0.    0.    0.    0.    0.    0.15  0.145 0.838]
[0.    0.    0.    0.    0.    0.    0.15  0.145 0.838]
[0.    0.    0.    0.    0.    0.    0.15  0.145 0.838]
[0.    0.    0.    0.    0.    0.    0.15  0.145 0.838]
[0.    0.    0.    0.    0.    0.    0.15  0.145 0.838]
[0.    0.    0.    0.    0.    0.    0.15  0.145 0.838]
[0.    0.    0.    0.    0.    0.    0.15  0.145 0.838]
[0.    0.    0.    0.    0.    0.    0.15  0.145 0.838]
[0.    0.    0.    0.    0.    0.    0.15  0.145 0.838]
[0.    0.    0.    0.    0.    0.    0.15  0.145 0.838]
[0.    0.    0.    0.    0.    0.    0.15  0.145 0.838]
[0.    0.    0.    0.    0.    0.    0.15  0.145 0.838]
[0.    0.    0.    0.    0.    0.    0.15  0.145 0.838]
[0.    0.    0.    0.    0.    0.    0.15  0.145 0.838]
[0.    0.    0.    0.    0.    0.    0.15  0.145 0.838]
[0.    0.    0.    0.    0.    0.    0.15  0.145 0.838]
[0.    0.    0.    0.    0.    0.    0.15  0.145 0.838]
[0.    0.    0.    0.    0.    0.    0.15  0.145 0.838]
[0.    0.    0.    0.    0.    0.    0.15  0.145 0.838]
[0.    0.    0.    0.    0.    0.    0.15  0.145 0.838]
[0.    0.    0.    0.    0.    0.    0.15  0.145 0.838]
[0.    0.    0.    0.    0.    0.    0.15  0.145 0.838]
[0.    0.    0.    0.    0.    0.    0.15  0.145 0.838]
[0.    0.    0.    0.    0.    0.    0.15  0.145 0.838]
[0.    0.    0.    0.    0.    0.    0.15  0.145 0.838]
[0.    0.    0.    0.    0.    0.    0.15  0.145 0.838]
[0.    0.    0.    0.    0.    0.    0.15  0.145 0.838]
[0.    0.    0.    0.    0.    0.    0.15  0.145 0.838]
28,  0.92545,  0.62238,  0.24879,  1.08005,  3882.66385,  940.00559
delay:
[0.    0.    0.    0.    0.    0.    0.145 0.089 0.743]
[0.    0.    0.    0.    0.    0.    0.145 0.089 0.743]
[0.    0.    0.    0.    0.    0.    0.145 0.089 0.743]
[0.    0.    0.    0.    0.    0.    0.145 0.089 0.743]
[0.    0.    0.    0.    0.    0.    0.145 0.089 0.743]
[0.    0.    0.    0.    0.    0.    0.145 0.089 0.743]
[0.    0.    0.    0.    0.    0.    0.145 0.089 0.743]
[0.    0.    0.    0.    0.    0.    0.145 0.089 0.743]
[0.    0.    0.    0.    0.    0.    0.145 0.089 0.743]
[0.    0.    0.    0.    0.    0.    0.145 0.089 0.743]
[0.    0.    0.    0.    0.    0.    0.145 0.089 0.743]
[0.    0.    0.    0.    0.    0.    0.145 0.089 0.743]
[0.    0.    0.    0.    0.    0.    0.145 0.089 0.743]
[0.    0.    0.    0.    0.    0.    0.145 0.089 0.743]
[0.    0.    0.    0.    0.    0.    0.145 0.089 0.743]
[0.    0.    0.    0.    0.    0.    0.145 0.089 0.743]
[0.    0.    0.    0.    0.    0.    0.145 0.089 0.743]
[0.    0.    0.    0.    0.    0.    0.145 0.089 0.743]
[0.    0.    0.    0.    0.    0.    0.145 0.089 0.743]
[0.    0.    0.    0.    0.    0.    0.145 0.089 0.743]
[0.    0.    0.    0.    0.    0.    0.145 0.089 0.743]
[0.    0.    0.    0.    0.    0.    0.145 0.089 0.743]
[0.    0.    0.    0.    0.    0.    0.145 0.089 0.743]
[0.    0.    0.    0.    0.    0.    0.145 0.089 0.743]
[0.    0.    0.    0.    0.    0.    0.145 0.089 0.743]
[0.    0.    0.    0.    0.    0.    0.145 0.089 0.743]
[0.    0.    0.    0.    0.    0.    0.145 0.089 0.743]
[0.    0.    0.    0.    0.    0.    0.145 0.089 0.743]
[0.    0.    0.    0.    0.    0.    0.145 0.089 0.743]
[0.    0.    0.    0.    0.    0.    0.145 0.089 0.743]
[0.    0.    0.    0.    0.    0.    0.145 0.089 0.743]
[0.    0.    0.    0.    0.    0.    0.145 0.089 0.743]
29,  0.87573,  0.62206,  0.24893,  1.09374,  4969.73414,  989.84329
delay:
[0.    0.    0.    0.    0.    0.    0.101 0.124 0.678]
[0.    0.    0.    0.    0.    0.    0.101 0.124 0.678]
[0.    0.    0.    0.    0.    0.    0.101 0.124 0.678]
[0.    0.    0.    0.    0.    0.    0.101 0.124 0.678]
[0.    0.    0.    0.    0.    0.    0.101 0.124 0.678]
[0.    0.    0.    0.    0.    0.    0.101 0.124 0.678]
[0.    0.    0.    0.    0.    0.    0.101 0.124 0.678]
[0.    0.    0.    0.    0.    0.    0.101 0.124 0.678]
[0.    0.    0.    0.    0.    0.    0.101 0.124 0.678]
[0.    0.    0.    0.    0.    0.    0.101 0.124 0.678]
[0.    0.    0.    0.    0.    0.    0.101 0.124 0.678]
[0.    0.    0.    0.    0.    0.    0.101 0.124 0.678]
[0.    0.    0.    0.    0.    0.    0.101 0.124 0.678]
[0.    0.    0.    0.    0.    0.    0.101 0.124 0.678]
[0.    0.    0.    0.    0.    0.    0.101 0.124 0.678]
[0.    0.    0.    0.    0.    0.    0.101 0.124 0.678]
[0.    0.    0.    0.    0.    0.    0.101 0.124 0.678]
[0.    0.    0.    0.    0.    0.    0.101 0.124 0.678]
[0.    0.    0.    0.    0.    0.    0.101 0.124 0.678]
[0.    0.    0.    0.    0.    0.    0.101 0.124 0.678]
[0.    0.    0.    0.    0.    0.    0.101 0.124 0.678]
[0.    0.    0.    0.    0.    0.    0.101 0.124 0.678]
[0.    0.    0.    0.    0.    0.    0.101 0.124 0.678]
[0.    0.    0.    0.    0.    0.    0.101 0.124 0.678]
[0.    0.    0.    0.    0.    0.    0.101 0.124 0.678]
[0.    0.    0.    0.    0.    0.    0.101 0.124 0.678]
[0.    0.    0.    0.    0.    0.    0.101 0.124 0.678]
[0.    0.    0.    0.    0.    0.    0.101 0.124 0.678]
[0.    0.    0.    0.    0.    0.    0.101 0.124 0.678]
[0.    0.    0.    0.    0.    0.    0.101 0.124 0.678]
[0.    0.    0.    0.    0.    0.    0.101 0.124 0.678]
[0.    0.    0.    0.    0.    0.    0.101 0.124 0.678]
30,  0.84371,  0.62233,  0.24895,  1.10404,  5844.57246,  1002.46281
delay:
[0.    0.    0.    0.    0.    0.    0.12  0.097 0.68 ]
[0.    0.    0.    0.    0.    0.    0.12  0.097 0.68 ]
[0.    0.    0.    0.    0.    0.    0.12  0.097 0.68 ]
[0.    0.    0.    0.    0.    0.    0.12  0.097 0.68 ]
[0.    0.    0.    0.    0.    0.    0.12  0.097 0.68 ]
[0.    0.    0.    0.    0.    0.    0.12  0.097 0.68 ]
[0.    0.    0.    0.    0.    0.    0.12  0.097 0.68 ]
[0.    0.    0.    0.    0.    0.    0.12  0.097 0.68 ]
[0.    0.    0.    0.    0.    0.    0.12  0.097 0.68 ]
[0.    0.    0.    0.    0.    0.    0.12  0.097 0.68 ]
[0.    0.    0.    0.    0.    0.    0.12  0.097 0.68 ]
[0.    0.    0.    0.    0.    0.    0.12  0.097 0.68 ]
[0.    0.    0.    0.    0.    0.    0.12  0.097 0.68 ]
[0.    0.    0.    0.    0.    0.    0.12  0.097 0.68 ]
[0.    0.    0.    0.    0.    0.    0.12  0.097 0.68 ]
[0.    0.    0.    0.    0.    0.    0.12  0.097 0.68 ]
[0.    0.    0.    0.    0.    0.    0.12  0.097 0.68 ]
[0.    0.    0.    0.    0.    0.    0.12  0.097 0.68 ]
[0.    0.    0.    0.    0.    0.    0.12  0.097 0.68 ]
[0.    0.    0.    0.    0.    0.    0.12  0.097 0.68 ]
[0.    0.    0.    0.    0.    0.    0.12  0.097 0.68 ]
[0.    0.    0.    0.    0.    0.    0.12  0.097 0.68 ]
[0.    0.    0.    0.    0.    0.    0.12  0.097 0.68 ]
[0.    0.    0.    0.    0.    0.    0.12  0.097 0.68 ]
[0.    0.    0.    0.    0.    0.    0.12  0.097 0.68 ]
[0.    0.    0.    0.    0.    0.    0.12  0.097 0.68 ]
[0.    0.    0.    0.    0.    0.    0.12  0.097 0.68 ]
[0.    0.    0.    0.    0.    0.    0.12  0.097 0.68 ]
[0.    0.    0.    0.    0.    0.    0.12  0.097 0.68 ]
[0.    0.    0.    0.    0.    0.    0.12  0.097 0.68 ]
[0.    0.    0.    0.    0.    0.    0.12  0.097 0.68 ]
[0.    0.    0.    0.    0.    0.    0.12  0.097 0.68 ]
31,  0.80851,  0.62207,  0.24896,  1.11157,  3743.31742,  827.42227
delay:
[0.    0.    0.    0.    0.    0.    0.097 0.08  0.666]
[0.    0.    0.    0.    0.    0.    0.097 0.08  0.666]
[0.    0.    0.    0.    0.    0.    0.097 0.08  0.666]
[0.    0.    0.    0.    0.    0.    0.097 0.08  0.666]
[0.    0.    0.    0.    0.    0.    0.097 0.08  0.666]
[0.    0.    0.    0.    0.    0.    0.097 0.08  0.666]
[0.    0.    0.    0.    0.    0.    0.097 0.08  0.666]
[0.    0.    0.    0.    0.    0.    0.097 0.08  0.666]
[0.    0.    0.    0.    0.    0.    0.097 0.08  0.666]
[0.    0.    0.    0.    0.    0.    0.097 0.08  0.666]
[0.    0.    0.    0.    0.    0.    0.097 0.08  0.666]
[0.    0.    0.    0.    0.    0.    0.097 0.08  0.666]
[0.    0.    0.    0.    0.    0.    0.097 0.08  0.666]
[0.    0.    0.    0.    0.    0.    0.097 0.08  0.666]
[0.    0.    0.    0.    0.    0.    0.097 0.08  0.666]
[0.    0.    0.    0.    0.    0.    0.097 0.08  0.666]
[0.    0.    0.    0.    0.    0.    0.097 0.08  0.666]
[0.    0.    0.    0.    0.    0.    0.097 0.08  0.666]
[0.    0.    0.    0.    0.    0.    0.097 0.08  0.666]
[0.    0.    0.    0.    0.    0.    0.097 0.08  0.666]
[0.    0.    0.    0.    0.    0.    0.097 0.08  0.666]
[0.    0.    0.    0.    0.    0.    0.097 0.08  0.666]
[0.    0.    0.    0.    0.    0.    0.097 0.08  0.666]
[0.    0.    0.    0.    0.    0.    0.097 0.08  0.666]
[0.    0.    0.    0.    0.    0.    0.097 0.08  0.666]
[0.    0.    0.    0.    0.    0.    0.097 0.08  0.666]
[0.    0.    0.    0.    0.    0.    0.097 0.08  0.666]
[0.    0.    0.    0.    0.    0.    0.097 0.08  0.666]
[0.    0.    0.    0.    0.    0.    0.097 0.08  0.666]
[0.    0.    0.    0.    0.    0.    0.097 0.08  0.666]
[0.    0.    0.    0.    0.    0.    0.097 0.08  0.666]
[0.    0.    0.    0.    0.    0.    0.097 0.08  0.666]
32,  0.78856,  0.62252,  0.24897,  1.11504,  4445.97190,  887.60843
delay:
[0.    0.    0.    0.    0.    0.    0.085 0.07  0.629]
[0.    0.    0.    0.    0.    0.    0.085 0.07  0.629]
[0.    0.    0.    0.    0.    0.    0.085 0.07  0.629]
[0.    0.    0.    0.    0.    0.    0.085 0.07  0.629]
[0.    0.    0.    0.    0.    0.    0.085 0.07  0.629]
[0.    0.    0.    0.    0.    0.    0.085 0.07  0.629]
[0.    0.    0.    0.    0.    0.    0.085 0.07  0.629]
[0.    0.    0.    0.    0.    0.    0.085 0.07  0.629]
[0.    0.    0.    0.    0.    0.    0.085 0.07  0.629]
[0.    0.    0.    0.    0.    0.    0.085 0.07  0.629]
[0.    0.    0.    0.    0.    0.    0.085 0.07  0.629]
[0.    0.    0.    0.    0.    0.    0.085 0.07  0.629]
[0.    0.    0.    0.    0.    0.    0.085 0.07  0.629]
[0.    0.    0.    0.    0.    0.    0.085 0.07  0.629]
[0.    0.    0.    0.    0.    0.    0.085 0.07  0.629]
[0.    0.    0.    0.    0.    0.    0.085 0.07  0.629]
[0.    0.    0.    0.    0.    0.    0.085 0.07  0.629]
[0.    0.    0.    0.    0.    0.    0.085 0.07  0.629]
[0.    0.    0.    0.    0.    0.    0.085 0.07  0.629]
[0.    0.    0.    0.    0.    0.    0.085 0.07  0.629]
[0.    0.    0.    0.    0.    0.    0.085 0.07  0.629]
[0.    0.    0.    0.    0.    0.    0.085 0.07  0.629]
[0.    0.    0.    0.    0.    0.    0.085 0.07  0.629]
[0.    0.    0.    0.    0.    0.    0.085 0.07  0.629]
[0.    0.    0.    0.    0.    0.    0.085 0.07  0.629]
[0.    0.    0.    0.    0.    0.    0.085 0.07  0.629]
[0.    0.    0.    0.    0.    0.    0.085 0.07  0.629]
[0.    0.    0.    0.    0.    0.    0.085 0.07  0.629]
[0.    0.    0.    0.    0.    0.    0.085 0.07  0.629]
[0.    0.    0.    0.    0.    0.    0.085 0.07  0.629]
[0.    0.    0.    0.    0.    0.    0.085 0.07  0.629]
[0.    0.    0.    0.    0.    0.    0.085 0.07  0.629]
33,  0.77781,  0.62244,  0.24897,  1.11828,  5071.31196,  919.73538
delay:
[0.    0.    0.    0.    0.    0.    0.066 0.049 0.659]
[0.    0.    0.    0.    0.    0.    0.066 0.049 0.659]
[0.    0.    0.    0.    0.    0.    0.066 0.049 0.659]
[0.    0.    0.    0.    0.    0.    0.066 0.049 0.659]
[0.    0.    0.    0.    0.    0.    0.066 0.049 0.659]
[0.    0.    0.    0.    0.    0.    0.066 0.049 0.659]
[0.    0.    0.    0.    0.    0.    0.066 0.049 0.659]
[0.    0.    0.    0.    0.    0.    0.066 0.049 0.659]
[0.    0.    0.    0.    0.    0.    0.066 0.049 0.659]
[0.    0.    0.    0.    0.    0.    0.066 0.049 0.659]
[0.    0.    0.    0.    0.    0.    0.066 0.049 0.659]
[0.    0.    0.    0.    0.    0.    0.066 0.049 0.659]
[0.    0.    0.    0.    0.    0.    0.066 0.049 0.659]
[0.    0.    0.    0.    0.    0.    0.066 0.049 0.659]
[0.    0.    0.    0.    0.    0.    0.066 0.049 0.659]
[0.    0.    0.    0.    0.    0.    0.066 0.049 0.659]
[0.    0.    0.    0.    0.    0.    0.066 0.049 0.659]
[0.    0.    0.    0.    0.    0.    0.066 0.049 0.659]
[0.    0.    0.    0.    0.    0.    0.066 0.049 0.659]
[0.    0.    0.    0.    0.    0.    0.066 0.049 0.659]
[0.    0.    0.    0.    0.    0.    0.066 0.049 0.659]
[0.    0.    0.    0.    0.    0.    0.066 0.049 0.659]
[0.    0.    0.    0.    0.    0.    0.066 0.049 0.659]
[0.    0.    0.    0.    0.    0.    0.066 0.049 0.659]
[0.    0.    0.    0.    0.    0.    0.066 0.049 0.659]
[0.    0.    0.    0.    0.    0.    0.066 0.049 0.659]
[0.    0.    0.    0.    0.    0.    0.066 0.049 0.659]
[0.    0.    0.    0.    0.    0.    0.066 0.049 0.659]
[0.    0.    0.    0.    0.    0.    0.066 0.049 0.659]
[0.    0.    0.    0.    0.    0.    0.066 0.049 0.659]
[0.    0.    0.    0.    0.    0.    0.066 0.049 0.659]
[0.    0.    0.    0.    0.    0.    0.066 0.049 0.659]
34,  0.77332,  0.62206,  0.24909,  1.12129,  5287.33381,  914.28658
delay:
[0.    0.    0.    0.    0.    0.    0.056 0.057 0.636]
[0.    0.    0.    0.    0.    0.    0.056 0.057 0.636]
[0.    0.    0.    0.    0.    0.    0.056 0.057 0.636]
[0.    0.    0.    0.    0.    0.    0.056 0.057 0.636]
[0.    0.    0.    0.    0.    0.    0.056 0.057 0.636]
[0.    0.    0.    0.    0.    0.    0.056 0.057 0.636]
[0.    0.    0.    0.    0.    0.    0.056 0.057 0.636]
[0.    0.    0.    0.    0.    0.    0.056 0.057 0.636]
[0.    0.    0.    0.    0.    0.    0.056 0.057 0.636]
[0.    0.    0.    0.    0.    0.    0.056 0.057 0.636]
[0.    0.    0.    0.    0.    0.    0.056 0.057 0.636]
[0.    0.    0.    0.    0.    0.    0.056 0.057 0.636]
[0.    0.    0.    0.    0.    0.    0.056 0.057 0.636]
[0.    0.    0.    0.    0.    0.    0.056 0.057 0.636]
[0.    0.    0.    0.    0.    0.    0.056 0.057 0.636]
[0.    0.    0.    0.    0.    0.    0.056 0.057 0.636]
[0.    0.    0.    0.    0.    0.    0.056 0.057 0.636]
[0.    0.    0.    0.    0.    0.    0.056 0.057 0.636]
[0.    0.    0.    0.    0.    0.    0.056 0.057 0.636]
[0.    0.    0.    0.    0.    0.    0.056 0.057 0.636]
[0.    0.    0.    0.    0.    0.    0.056 0.057 0.636]
[0.    0.    0.    0.    0.    0.    0.056 0.057 0.636]
[0.    0.    0.    0.    0.    0.    0.056 0.057 0.636]
[0.    0.    0.    0.    0.    0.    0.056 0.057 0.636]
[0.    0.    0.    0.    0.    0.    0.056 0.057 0.636]
[0.    0.    0.    0.    0.    0.    0.056 0.057 0.636]
[0.    0.    0.    0.    0.    0.    0.056 0.057 0.636]
[0.    0.    0.    0.    0.    0.    0.056 0.057 0.636]
[0.    0.    0.    0.    0.    0.    0.056 0.057 0.636]
[0.    0.    0.    0.    0.    0.    0.056 0.057 0.636]
[0.    0.    0.    0.    0.    0.    0.056 0.057 0.636]
[0.    0.    0.    0.    0.    0.    0.056 0.057 0.636]
35,  0.74725,  0.62217,  0.24899,  1.12423,  5176.20815,  924.09823
delay:
[0.    0.    0.    0.    0.    0.    0.066 0.058 0.627]
[0.    0.    0.    0.    0.    0.    0.066 0.058 0.627]
[0.    0.    0.    0.    0.    0.    0.066 0.058 0.627]
[0.    0.    0.    0.    0.    0.    0.066 0.058 0.627]
[0.    0.    0.    0.    0.    0.    0.066 0.058 0.627]
[0.    0.    0.    0.    0.    0.    0.066 0.058 0.627]
[0.    0.    0.    0.    0.    0.    0.066 0.058 0.627]
[0.    0.    0.    0.    0.    0.    0.066 0.058 0.627]
[0.    0.    0.    0.    0.    0.    0.066 0.058 0.627]
[0.    0.    0.    0.    0.    0.    0.066 0.058 0.627]
[0.    0.    0.    0.    0.    0.    0.066 0.058 0.627]
[0.    0.    0.    0.    0.    0.    0.066 0.058 0.627]
[0.    0.    0.    0.    0.    0.    0.066 0.058 0.627]
[0.    0.    0.    0.    0.    0.    0.066 0.058 0.627]
[0.    0.    0.    0.    0.    0.    0.066 0.058 0.627]
[0.    0.    0.    0.    0.    0.    0.066 0.058 0.627]
[0.    0.    0.    0.    0.    0.    0.066 0.058 0.627]
[0.    0.    0.    0.    0.    0.    0.066 0.058 0.627]
[0.    0.    0.    0.    0.    0.    0.066 0.058 0.627]
[0.    0.    0.    0.    0.    0.    0.066 0.058 0.627]
[0.    0.    0.    0.    0.    0.    0.066 0.058 0.627]
[0.    0.    0.    0.    0.    0.    0.066 0.058 0.627]
[0.    0.    0.    0.    0.    0.    0.066 0.058 0.627]
[0.    0.    0.    0.    0.    0.    0.066 0.058 0.627]
[0.    0.    0.    0.    0.    0.    0.066 0.058 0.627]
[0.    0.    0.    0.    0.    0.    0.066 0.058 0.627]
[0.    0.    0.    0.    0.    0.    0.066 0.058 0.627]
[0.    0.    0.    0.    0.    0.    0.066 0.058 0.627]
[0.    0.    0.    0.    0.    0.    0.066 0.058 0.627]
[0.    0.    0.    0.    0.    0.    0.066 0.058 0.627]
[0.    0.    0.    0.    0.    0.    0.066 0.058 0.627]
[0.    0.    0.    0.    0.    0.    0.066 0.058 0.627]
36,  0.74580,  0.62225,  0.24906,  1.12621,  5545.52121,  994.53642
delay:
[0.    0.    0.    0.    0.    0.    0.049 0.044 0.649]
[0.    0.    0.    0.    0.    0.    0.049 0.044 0.649]
[0.    0.    0.    0.    0.    0.    0.049 0.044 0.649]
[0.    0.    0.    0.    0.    0.    0.049 0.044 0.649]
[0.    0.    0.    0.    0.    0.    0.049 0.044 0.649]
[0.    0.    0.    0.    0.    0.    0.049 0.044 0.649]
[0.    0.    0.    0.    0.    0.    0.049 0.044 0.649]
[0.    0.    0.    0.    0.    0.    0.049 0.044 0.649]
[0.    0.    0.    0.    0.    0.    0.049 0.044 0.649]
[0.    0.    0.    0.    0.    0.    0.049 0.044 0.649]
[0.    0.    0.    0.    0.    0.    0.049 0.044 0.649]
[0.    0.    0.    0.    0.    0.    0.049 0.044 0.649]
[0.    0.    0.    0.    0.    0.    0.049 0.044 0.649]
[0.    0.    0.    0.    0.    0.    0.049 0.044 0.649]
[0.    0.    0.    0.    0.    0.    0.049 0.044 0.649]
[0.    0.    0.    0.    0.    0.    0.049 0.044 0.649]
[0.    0.    0.    0.    0.    0.    0.049 0.044 0.649]
[0.    0.    0.    0.    0.    0.    0.049 0.044 0.649]
[0.    0.    0.    0.    0.    0.    0.049 0.044 0.649]
[0.    0.    0.    0.    0.    0.    0.049 0.044 0.649]
[0.    0.    0.    0.    0.    0.    0.049 0.044 0.649]
[0.    0.    0.    0.    0.    0.    0.049 0.044 0.649]
[0.    0.    0.    0.    0.    0.    0.049 0.044 0.649]
[0.    0.    0.    0.    0.    0.    0.049 0.044 0.649]
[0.    0.    0.    0.    0.    0.    0.049 0.044 0.649]
[0.    0.    0.    0.    0.    0.    0.049 0.044 0.649]
[0.    0.    0.    0.    0.    0.    0.049 0.044 0.649]
[0.    0.    0.    0.    0.    0.    0.049 0.044 0.649]
[0.    0.    0.    0.    0.    0.    0.049 0.044 0.649]
[0.    0.    0.    0.    0.    0.    0.049 0.044 0.649]
[0.    0.    0.    0.    0.    0.    0.049 0.044 0.649]
[0.    0.    0.    0.    0.    0.    0.049 0.044 0.649]
37,  0.73973,  0.62237,  0.24898,  1.12863,  5472.09255,  960.54160
delay:
[0.    0.    0.    0.    0.    0.    0.062 0.062 0.606]
[0.    0.    0.    0.    0.    0.    0.062 0.062 0.606]
[0.    0.    0.    0.    0.    0.    0.062 0.062 0.606]
[0.    0.    0.    0.    0.    0.    0.062 0.062 0.606]
[0.    0.    0.    0.    0.    0.    0.062 0.062 0.606]
[0.    0.    0.    0.    0.    0.    0.062 0.062 0.606]
[0.    0.    0.    0.    0.    0.    0.062 0.062 0.606]
[0.    0.    0.    0.    0.    0.    0.062 0.062 0.606]
[0.    0.    0.    0.    0.    0.    0.062 0.062 0.606]
[0.    0.    0.    0.    0.    0.    0.062 0.062 0.606]
[0.    0.    0.    0.    0.    0.    0.062 0.062 0.606]
[0.    0.    0.    0.    0.    0.    0.062 0.062 0.606]
[0.    0.    0.    0.    0.    0.    0.062 0.062 0.606]
[0.    0.    0.    0.    0.    0.    0.062 0.062 0.606]
[0.    0.    0.    0.    0.    0.    0.062 0.062 0.606]
[0.    0.    0.    0.    0.    0.    0.062 0.062 0.606]
[0.    0.    0.    0.    0.    0.    0.062 0.062 0.606]
[0.    0.    0.    0.    0.    0.    0.062 0.062 0.606]
[0.    0.    0.    0.    0.    0.    0.062 0.062 0.606]
[0.    0.    0.    0.    0.    0.    0.062 0.062 0.606]
[0.    0.    0.    0.    0.    0.    0.062 0.062 0.606]
[0.    0.    0.    0.    0.    0.    0.062 0.062 0.606]
[0.    0.    0.    0.    0.    0.    0.062 0.062 0.606]
[0.    0.    0.    0.    0.    0.    0.062 0.062 0.606]
[0.    0.    0.    0.    0.    0.    0.062 0.062 0.606]
[0.    0.    0.    0.    0.    0.    0.062 0.062 0.606]
[0.    0.    0.    0.    0.    0.    0.062 0.062 0.606]
[0.    0.    0.    0.    0.    0.    0.062 0.062 0.606]
[0.    0.    0.    0.    0.    0.    0.062 0.062 0.606]
[0.    0.    0.    0.    0.    0.    0.062 0.062 0.606]
[0.    0.    0.    0.    0.    0.    0.062 0.062 0.606]
[0.    0.    0.    0.    0.    0.    0.062 0.062 0.606]
38,  0.73232,  0.62221,  0.24905,  1.13075,  5803.55915,  996.20690
delay:
[0.    0.    0.    0.    0.    0.    0.039 0.039 0.667]
[0.    0.    0.    0.    0.    0.    0.039 0.039 0.667]
[0.    0.    0.    0.    0.    0.    0.039 0.039 0.667]
[0.    0.    0.    0.    0.    0.    0.039 0.039 0.667]
[0.    0.    0.    0.    0.    0.    0.039 0.039 0.667]
[0.    0.    0.    0.    0.    0.    0.039 0.039 0.667]
[0.    0.    0.    0.    0.    0.    0.039 0.039 0.667]
[0.    0.    0.    0.    0.    0.    0.039 0.039 0.667]
[0.    0.    0.    0.    0.    0.    0.039 0.039 0.667]
[0.    0.    0.    0.    0.    0.    0.039 0.039 0.667]
[0.    0.    0.    0.    0.    0.    0.039 0.039 0.667]
[0.    0.    0.    0.    0.    0.    0.039 0.039 0.667]
[0.    0.    0.    0.    0.    0.    0.039 0.039 0.667]
[0.    0.    0.    0.    0.    0.    0.039 0.039 0.667]
[0.    0.    0.    0.    0.    0.    0.039 0.039 0.667]
[0.    0.    0.    0.    0.    0.    0.039 0.039 0.667]
[0.    0.    0.    0.    0.    0.    0.039 0.039 0.667]
[0.    0.    0.    0.    0.    0.    0.039 0.039 0.667]
[0.    0.    0.    0.    0.    0.    0.039 0.039 0.667]
[0.    0.    0.    0.    0.    0.    0.039 0.039 0.667]
[0.    0.    0.    0.    0.    0.    0.039 0.039 0.667]
[0.    0.    0.    0.    0.    0.    0.039 0.039 0.667]
[0.    0.    0.    0.    0.    0.    0.039 0.039 0.667]
[0.    0.    0.    0.    0.    0.    0.039 0.039 0.667]
[0.    0.    0.    0.    0.    0.    0.039 0.039 0.667]
[0.    0.    0.    0.    0.    0.    0.039 0.039 0.667]
[0.    0.    0.    0.    0.    0.    0.039 0.039 0.667]
[0.    0.    0.    0.    0.    0.    0.039 0.039 0.667]
[0.    0.    0.    0.    0.    0.    0.039 0.039 0.667]
[0.    0.    0.    0.    0.    0.    0.039 0.039 0.667]
[0.    0.    0.    0.    0.    0.    0.039 0.039 0.667]
[0.    0.    0.    0.    0.    0.    0.039 0.039 0.667]
39,  0.73241,  0.62229,  0.24906,  1.13282,  5656.64322,  965.72394
delay:
[0.    0.    0.    0.    0.    0.    0.041 0.052 0.68 ]
[0.    0.    0.    0.    0.    0.    0.041 0.052 0.68 ]
[0.    0.    0.    0.    0.    0.    0.041 0.052 0.68 ]
[0.    0.    0.    0.    0.    0.    0.041 0.052 0.68 ]
[0.    0.    0.    0.    0.    0.    0.041 0.052 0.68 ]
[0.    0.    0.    0.    0.    0.    0.041 0.052 0.68 ]
[0.    0.    0.    0.    0.    0.    0.041 0.052 0.68 ]
[0.    0.    0.    0.    0.    0.    0.041 0.052 0.68 ]
[0.    0.    0.    0.    0.    0.    0.041 0.052 0.68 ]
[0.    0.    0.    0.    0.    0.    0.041 0.052 0.68 ]
[0.    0.    0.    0.    0.    0.    0.041 0.052 0.68 ]
[0.    0.    0.    0.    0.    0.    0.041 0.052 0.68 ]
[0.    0.    0.    0.    0.    0.    0.041 0.052 0.68 ]
[0.    0.    0.    0.    0.    0.    0.041 0.052 0.68 ]
[0.    0.    0.    0.    0.    0.    0.041 0.052 0.68 ]
[0.    0.    0.    0.    0.    0.    0.041 0.052 0.68 ]
[0.    0.    0.    0.    0.    0.    0.041 0.052 0.68 ]
[0.    0.    0.    0.    0.    0.    0.041 0.052 0.68 ]
[0.    0.    0.    0.    0.    0.    0.041 0.052 0.68 ]
[0.    0.    0.    0.    0.    0.    0.041 0.052 0.68 ]
[0.    0.    0.    0.    0.    0.    0.041 0.052 0.68 ]
[0.    0.    0.    0.    0.    0.    0.041 0.052 0.68 ]
[0.    0.    0.    0.    0.    0.    0.041 0.052 0.68 ]
[0.    0.    0.    0.    0.    0.    0.041 0.052 0.68 ]
[0.    0.    0.    0.    0.    0.    0.041 0.052 0.68 ]
[0.    0.    0.    0.    0.    0.    0.041 0.052 0.68 ]
[0.    0.    0.    0.    0.    0.    0.041 0.052 0.68 ]
[0.    0.    0.    0.    0.    0.    0.041 0.052 0.68 ]
[0.    0.    0.    0.    0.    0.    0.041 0.052 0.68 ]
[0.    0.    0.    0.    0.    0.    0.041 0.052 0.68 ]
[0.    0.    0.    0.    0.    0.    0.041 0.052 0.68 ]
[0.    0.    0.    0.    0.    0.    0.041 0.052 0.68 ]
40,  0.73180,  0.62225,  0.24900,  1.13452,  6107.42813,  999.59160
delay:
[0.    0.    0.    0.    0.    0.    0.051 0.04  0.648]
[0.    0.    0.    0.    0.    0.    0.051 0.04  0.648]
[0.    0.    0.    0.    0.    0.    0.051 0.04  0.648]
[0.    0.    0.    0.    0.    0.    0.051 0.04  0.648]
[0.    0.    0.    0.    0.    0.    0.051 0.04  0.648]
[0.    0.    0.    0.    0.    0.    0.051 0.04  0.648]
[0.    0.    0.    0.    0.    0.    0.051 0.04  0.648]
[0.    0.    0.    0.    0.    0.    0.051 0.04  0.648]
[0.    0.    0.    0.    0.    0.    0.051 0.04  0.648]
[0.    0.    0.    0.    0.    0.    0.051 0.04  0.648]
[0.    0.    0.    0.    0.    0.    0.051 0.04  0.648]
[0.    0.    0.    0.    0.    0.    0.051 0.04  0.648]
[0.    0.    0.    0.    0.    0.    0.051 0.04  0.648]
[0.    0.    0.    0.    0.    0.    0.051 0.04  0.648]
[0.    0.    0.    0.    0.    0.    0.051 0.04  0.648]
[0.    0.    0.    0.    0.    0.    0.051 0.04  0.648]
[0.    0.    0.    0.    0.    0.    0.051 0.04  0.648]
[0.    0.    0.    0.    0.    0.    0.051 0.04  0.648]
[0.    0.    0.    0.    0.    0.    0.051 0.04  0.648]
[0.    0.    0.    0.    0.    0.    0.051 0.04  0.648]
[0.    0.    0.    0.    0.    0.    0.051 0.04  0.648]
[0.    0.    0.    0.    0.    0.    0.051 0.04  0.648]
[0.    0.    0.    0.    0.    0.    0.051 0.04  0.648]
[0.    0.    0.    0.    0.    0.    0.051 0.04  0.648]
[0.    0.    0.    0.    0.    0.    0.051 0.04  0.648]
[0.    0.    0.    0.    0.    0.    0.051 0.04  0.648]
[0.    0.    0.    0.    0.    0.    0.051 0.04  0.648]
[0.    0.    0.    0.    0.    0.    0.051 0.04  0.648]
[0.    0.    0.    0.    0.    0.    0.051 0.04  0.648]
[0.    0.    0.    0.    0.    0.    0.051 0.04  0.648]
[0.    0.    0.    0.    0.    0.    0.051 0.04  0.648]
[0.    0.    0.    0.    0.    0.    0.051 0.04  0.648]
41,  0.71851,  0.62237,  0.24905,  1.13662,  4031.49854,  884.06281
delay:
[0.    0.    0.    0.    0.    0.    0.055 0.027 0.66 ]
[0.    0.    0.    0.    0.    0.    0.055 0.027 0.66 ]
[0.    0.    0.    0.    0.    0.    0.055 0.027 0.66 ]
[0.    0.    0.    0.    0.    0.    0.055 0.027 0.66 ]
[0.    0.    0.    0.    0.    0.    0.055 0.027 0.66 ]
[0.    0.    0.    0.    0.    0.    0.055 0.027 0.66 ]
[0.    0.    0.    0.    0.    0.    0.055 0.027 0.66 ]
[0.    0.    0.    0.    0.    0.    0.055 0.027 0.66 ]
[0.    0.    0.    0.    0.    0.    0.055 0.027 0.66 ]
[0.    0.    0.    0.    0.    0.    0.055 0.027 0.66 ]
[0.    0.    0.    0.    0.    0.    0.055 0.027 0.66 ]
[0.    0.    0.    0.    0.    0.    0.055 0.027 0.66 ]
[0.    0.    0.    0.    0.    0.    0.055 0.027 0.66 ]
[0.    0.    0.    0.    0.    0.    0.055 0.027 0.66 ]
[0.    0.    0.    0.    0.    0.    0.055 0.027 0.66 ]
[0.    0.    0.    0.    0.    0.    0.055 0.027 0.66 ]
[0.    0.    0.    0.    0.    0.    0.055 0.027 0.66 ]
[0.    0.    0.    0.    0.    0.    0.055 0.027 0.66 ]
[0.    0.    0.    0.    0.    0.    0.055 0.027 0.66 ]
[0.    0.    0.    0.    0.    0.    0.055 0.027 0.66 ]
[0.    0.    0.    0.    0.    0.    0.055 0.027 0.66 ]
[0.    0.    0.    0.    0.    0.    0.055 0.027 0.66 ]
[0.    0.    0.    0.    0.    0.    0.055 0.027 0.66 ]
[0.    0.    0.    0.    0.    0.    0.055 0.027 0.66 ]
[0.    0.    0.    0.    0.    0.    0.055 0.027 0.66 ]
[0.    0.    0.    0.    0.    0.    0.055 0.027 0.66 ]
[0.    0.    0.    0.    0.    0.    0.055 0.027 0.66 ]
[0.    0.    0.    0.    0.    0.    0.055 0.027 0.66 ]
[0.    0.    0.    0.    0.    0.    0.055 0.027 0.66 ]
[0.    0.    0.    0.    0.    0.    0.055 0.027 0.66 ]
[0.    0.    0.    0.    0.    0.    0.055 0.027 0.66 ]
[0.    0.    0.    0.    0.    0.    0.055 0.027 0.66 ]
42,  0.71348,  0.62228,  0.24905,  1.13728,  4139.58196,  874.83631
delay:
[0.    0.    0.    0.    0.    0.    0.049 0.035 0.663]
[0.    0.    0.    0.    0.    0.    0.049 0.035 0.663]
[0.    0.    0.    0.    0.    0.    0.049 0.035 0.663]
[0.    0.    0.    0.    0.    0.    0.049 0.035 0.663]
[0.    0.    0.    0.    0.    0.    0.049 0.035 0.663]
[0.    0.    0.    0.    0.    0.    0.049 0.035 0.663]
[0.    0.    0.    0.    0.    0.    0.049 0.035 0.663]
[0.    0.    0.    0.    0.    0.    0.049 0.035 0.663]
[0.    0.    0.    0.    0.    0.    0.049 0.035 0.663]
[0.    0.    0.    0.    0.    0.    0.049 0.035 0.663]
[0.    0.    0.    0.    0.    0.    0.049 0.035 0.663]
[0.    0.    0.    0.    0.    0.    0.049 0.035 0.663]
[0.    0.    0.    0.    0.    0.    0.049 0.035 0.663]
[0.    0.    0.    0.    0.    0.    0.049 0.035 0.663]
[0.    0.    0.    0.    0.    0.    0.049 0.035 0.663]
[0.    0.    0.    0.    0.    0.    0.049 0.035 0.663]
[0.    0.    0.    0.    0.    0.    0.049 0.035 0.663]
[0.    0.    0.    0.    0.    0.    0.049 0.035 0.663]
[0.    0.    0.    0.    0.    0.    0.049 0.035 0.663]
[0.    0.    0.    0.    0.    0.    0.049 0.035 0.663]
[0.    0.    0.    0.    0.    0.    0.049 0.035 0.663]
[0.    0.    0.    0.    0.    0.    0.049 0.035 0.663]
[0.    0.    0.    0.    0.    0.    0.049 0.035 0.663]
[0.    0.    0.    0.    0.    0.    0.049 0.035 0.663]
[0.    0.    0.    0.    0.    0.    0.049 0.035 0.663]
[0.    0.    0.    0.    0.    0.    0.049 0.035 0.663]
[0.    0.    0.    0.    0.    0.    0.049 0.035 0.663]
[0.    0.    0.    0.    0.    0.    0.049 0.035 0.663]
[0.    0.    0.    0.    0.    0.    0.049 0.035 0.663]
[0.    0.    0.    0.    0.    0.    0.049 0.035 0.663]
[0.    0.    0.    0.    0.    0.    0.049 0.035 0.663]
[0.    0.    0.    0.    0.    0.    0.049 0.035 0.663]
43,  0.72621,  0.62225,  0.24907,  1.13830,  4723.24622,  883.56267
delay:
[0.    0.    0.    0.    0.    0.    0.038 0.039 0.616]
[0.    0.    0.    0.    0.    0.    0.038 0.039 0.616]
[0.    0.    0.    0.    0.    0.    0.038 0.039 0.616]
[0.    0.    0.    0.    0.    0.    0.038 0.039 0.616]
[0.    0.    0.    0.    0.    0.    0.038 0.039 0.616]
[0.    0.    0.    0.    0.    0.    0.038 0.039 0.616]
[0.    0.    0.    0.    0.    0.    0.038 0.039 0.616]
[0.    0.    0.    0.    0.    0.    0.038 0.039 0.616]
[0.    0.    0.    0.    0.    0.    0.038 0.039 0.616]
[0.    0.    0.    0.    0.    0.    0.038 0.039 0.616]
[0.    0.    0.    0.    0.    0.    0.038 0.039 0.616]
[0.    0.    0.    0.    0.    0.    0.038 0.039 0.616]
[0.    0.    0.    0.    0.    0.    0.038 0.039 0.616]
[0.    0.    0.    0.    0.    0.    0.038 0.039 0.616]
[0.    0.    0.    0.    0.    0.    0.038 0.039 0.616]
[0.    0.    0.    0.    0.    0.    0.038 0.039 0.616]
[0.    0.    0.    0.    0.    0.    0.038 0.039 0.616]
[0.    0.    0.    0.    0.    0.    0.038 0.039 0.616]
[0.    0.    0.    0.    0.    0.    0.038 0.039 0.616]
[0.    0.    0.    0.    0.    0.    0.038 0.039 0.616]
[0.    0.    0.    0.    0.    0.    0.038 0.039 0.616]
[0.    0.    0.    0.    0.    0.    0.038 0.039 0.616]
[0.    0.    0.    0.    0.    0.    0.038 0.039 0.616]
[0.    0.    0.    0.    0.    0.    0.038 0.039 0.616]
[0.    0.    0.    0.    0.    0.    0.038 0.039 0.616]
[0.    0.    0.    0.    0.    0.    0.038 0.039 0.616]
[0.    0.    0.    0.    0.    0.    0.038 0.039 0.616]
[0.    0.    0.    0.    0.    0.    0.038 0.039 0.616]
[0.    0.    0.    0.    0.    0.    0.038 0.039 0.616]
[0.    0.    0.    0.    0.    0.    0.038 0.039 0.616]
[0.    0.    0.    0.    0.    0.    0.038 0.039 0.616]
[0.    0.    0.    0.    0.    0.    0.038 0.039 0.616]
44,  0.72770,  0.62233,  0.24904,  1.13912,  4378.92546,  897.04621
delay:
[0.    0.    0.    0.    0.    0.    0.04  0.033 0.587]
[0.    0.    0.    0.    0.    0.    0.04  0.033 0.587]
[0.    0.    0.    0.    0.    0.    0.04  0.033 0.587]
[0.    0.    0.    0.    0.    0.    0.04  0.033 0.587]
[0.    0.    0.    0.    0.    0.    0.04  0.033 0.587]
[0.    0.    0.    0.    0.    0.    0.04  0.033 0.587]
[0.    0.    0.    0.    0.    0.    0.04  0.033 0.587]
[0.    0.    0.    0.    0.    0.    0.04  0.033 0.587]
[0.    0.    0.    0.    0.    0.    0.04  0.033 0.587]
[0.    0.    0.    0.    0.    0.    0.04  0.033 0.587]
[0.    0.    0.    0.    0.    0.    0.04  0.033 0.587]
[0.    0.    0.    0.    0.    0.    0.04  0.033 0.587]
[0.    0.    0.    0.    0.    0.    0.04  0.033 0.587]
[0.    0.    0.    0.    0.    0.    0.04  0.033 0.587]
[0.    0.    0.    0.    0.    0.    0.04  0.033 0.587]
[0.    0.    0.    0.    0.    0.    0.04  0.033 0.587]
[0.    0.    0.    0.    0.    0.    0.04  0.033 0.587]
[0.    0.    0.    0.    0.    0.    0.04  0.033 0.587]
[0.    0.    0.    0.    0.    0.    0.04  0.033 0.587]
[0.    0.    0.    0.    0.    0.    0.04  0.033 0.587]
[0.    0.    0.    0.    0.    0.    0.04  0.033 0.587]
[0.    0.    0.    0.    0.    0.    0.04  0.033 0.587]
[0.    0.    0.    0.    0.    0.    0.04  0.033 0.587]
[0.    0.    0.    0.    0.    0.    0.04  0.033 0.587]
[0.    0.    0.    0.    0.    0.    0.04  0.033 0.587]
[0.    0.    0.    0.    0.    0.    0.04  0.033 0.587]
[0.    0.    0.    0.    0.    0.    0.04  0.033 0.587]
[0.    0.    0.    0.    0.    0.    0.04  0.033 0.587]
[0.    0.    0.    0.    0.    0.    0.04  0.033 0.587]
[0.    0.    0.    0.    0.    0.    0.04  0.033 0.587]
[0.    0.    0.    0.    0.    0.    0.04  0.033 0.587]
[0.    0.    0.    0.    0.    0.    0.04  0.033 0.587]
45,  0.71835,  0.62232,  0.24902,  1.14000,  4561.74589,  905.12675
delay:
[0.    0.    0.    0.    0.    0.    0.041 0.025 0.668]
[0.    0.    0.    0.    0.    0.    0.041 0.025 0.668]
[0.    0.    0.    0.    0.    0.    0.041 0.025 0.668]
[0.    0.    0.    0.    0.    0.    0.041 0.025 0.668]
[0.    0.    0.    0.    0.    0.    0.041 0.025 0.668]
[0.    0.    0.    0.    0.    0.    0.041 0.025 0.668]
[0.    0.    0.    0.    0.    0.    0.041 0.025 0.668]
[0.    0.    0.    0.    0.    0.    0.041 0.025 0.668]
[0.    0.    0.    0.    0.    0.    0.041 0.025 0.668]
[0.    0.    0.    0.    0.    0.    0.041 0.025 0.668]
[0.    0.    0.    0.    0.    0.    0.041 0.025 0.668]
[0.    0.    0.    0.    0.    0.    0.041 0.025 0.668]
[0.    0.    0.    0.    0.    0.    0.041 0.025 0.668]
[0.    0.    0.    0.    0.    0.    0.041 0.025 0.668]
[0.    0.    0.    0.    0.    0.    0.041 0.025 0.668]
[0.    0.    0.    0.    0.    0.    0.041 0.025 0.668]
[0.    0.    0.    0.    0.    0.    0.041 0.025 0.668]
[0.    0.    0.    0.    0.    0.    0.041 0.025 0.668]
[0.    0.    0.    0.    0.    0.    0.041 0.025 0.668]
[0.    0.    0.    0.    0.    0.    0.041 0.025 0.668]
[0.    0.    0.    0.    0.    0.    0.041 0.025 0.668]
[0.    0.    0.    0.    0.    0.    0.041 0.025 0.668]
[0.    0.    0.    0.    0.    0.    0.041 0.025 0.668]
[0.    0.    0.    0.    0.    0.    0.041 0.025 0.668]
[0.    0.    0.    0.    0.    0.    0.041 0.025 0.668]
[0.    0.    0.    0.    0.    0.    0.041 0.025 0.668]
[0.    0.    0.    0.    0.    0.    0.041 0.025 0.668]
[0.    0.    0.    0.    0.    0.    0.041 0.025 0.668]
[0.    0.    0.    0.    0.    0.    0.041 0.025 0.668]
[0.    0.    0.    0.    0.    0.    0.041 0.025 0.668]
[0.    0.    0.    0.    0.    0.    0.041 0.025 0.668]
[0.    0.    0.    0.    0.    0.    0.041 0.025 0.668]
46,  0.71346,  0.62245,  0.24905,  1.14097,  4661.12714,  911.92503
delay:
[0.    0.    0.    0.    0.    0.    0.052 0.041 0.635]
[0.    0.    0.    0.    0.    0.    0.052 0.041 0.635]
[0.    0.    0.    0.    0.    0.    0.052 0.041 0.635]
[0.    0.    0.    0.    0.    0.    0.052 0.041 0.635]
[0.    0.    0.    0.    0.    0.    0.052 0.041 0.635]
[0.    0.    0.    0.    0.    0.    0.052 0.041 0.635]
[0.    0.    0.    0.    0.    0.    0.052 0.041 0.635]
[0.    0.    0.    0.    0.    0.    0.052 0.041 0.635]
[0.    0.    0.    0.    0.    0.    0.052 0.041 0.635]
[0.    0.    0.    0.    0.    0.    0.052 0.041 0.635]
[0.    0.    0.    0.    0.    0.    0.052 0.041 0.635]
[0.    0.    0.    0.    0.    0.    0.052 0.041 0.635]
[0.    0.    0.    0.    0.    0.    0.052 0.041 0.635]
[0.    0.    0.    0.    0.    0.    0.052 0.041 0.635]
[0.    0.    0.    0.    0.    0.    0.052 0.041 0.635]
[0.    0.    0.    0.    0.    0.    0.052 0.041 0.635]
[0.    0.    0.    0.    0.    0.    0.052 0.041 0.635]
[0.    0.    0.    0.    0.    0.    0.052 0.041 0.635]
[0.    0.    0.    0.    0.    0.    0.052 0.041 0.635]
[0.    0.    0.    0.    0.    0.    0.052 0.041 0.635]
[0.    0.    0.    0.    0.    0.    0.052 0.041 0.635]
[0.    0.    0.    0.    0.    0.    0.052 0.041 0.635]
[0.    0.    0.    0.    0.    0.    0.052 0.041 0.635]
[0.    0.    0.    0.    0.    0.    0.052 0.041 0.635]
[0.    0.    0.    0.    0.    0.    0.052 0.041 0.635]
[0.    0.    0.    0.    0.    0.    0.052 0.041 0.635]
[0.    0.    0.    0.    0.    0.    0.052 0.041 0.635]
[0.    0.    0.    0.    0.    0.    0.052 0.041 0.635]
[0.    0.    0.    0.    0.    0.    0.052 0.041 0.635]
[0.    0.    0.    0.    0.    0.    0.052 0.041 0.635]
[0.    0.    0.    0.    0.    0.    0.052 0.041 0.635]
[0.    0.    0.    0.    0.    0.    0.052 0.041 0.635]
47,  0.71746,  0.62234,  0.24907,  1.14142,  5068.08850,  920.42798
delay:
[0.    0.    0.    0.    0.    0.    0.039 0.029 0.623]
[0.    0.    0.    0.    0.    0.    0.039 0.029 0.623]
[0.    0.    0.    0.    0.    0.    0.039 0.029 0.623]
[0.    0.    0.    0.    0.    0.    0.039 0.029 0.623]
[0.    0.    0.    0.    0.    0.    0.039 0.029 0.623]
[0.    0.    0.    0.    0.    0.    0.039 0.029 0.623]
[0.    0.    0.    0.    0.    0.    0.039 0.029 0.623]
[0.    0.    0.    0.    0.    0.    0.039 0.029 0.623]
[0.    0.    0.    0.    0.    0.    0.039 0.029 0.623]
[0.    0.    0.    0.    0.    0.    0.039 0.029 0.623]
[0.    0.    0.    0.    0.    0.    0.039 0.029 0.623]
[0.    0.    0.    0.    0.    0.    0.039 0.029 0.623]
[0.    0.    0.    0.    0.    0.    0.039 0.029 0.623]
[0.    0.    0.    0.    0.    0.    0.039 0.029 0.623]
[0.    0.    0.    0.    0.    0.    0.039 0.029 0.623]
[0.    0.    0.    0.    0.    0.    0.039 0.029 0.623]
[0.    0.    0.    0.    0.    0.    0.039 0.029 0.623]
[0.    0.    0.    0.    0.    0.    0.039 0.029 0.623]
[0.    0.    0.    0.    0.    0.    0.039 0.029 0.623]
[0.    0.    0.    0.    0.    0.    0.039 0.029 0.623]
[0.    0.    0.    0.    0.    0.    0.039 0.029 0.623]
[0.    0.    0.    0.    0.    0.    0.039 0.029 0.623]
[0.    0.    0.    0.    0.    0.    0.039 0.029 0.623]
[0.    0.    0.    0.    0.    0.    0.039 0.029 0.623]
[0.    0.    0.    0.    0.    0.    0.039 0.029 0.623]
[0.    0.    0.    0.    0.    0.    0.039 0.029 0.623]
[0.    0.    0.    0.    0.    0.    0.039 0.029 0.623]
[0.    0.    0.    0.    0.    0.    0.039 0.029 0.623]
[0.    0.    0.    0.    0.    0.    0.039 0.029 0.623]
[0.    0.    0.    0.    0.    0.    0.039 0.029 0.623]
[0.    0.    0.    0.    0.    0.    0.039 0.029 0.623]
[0.    0.    0.    0.    0.    0.    0.039 0.029 0.623]
48,  0.71322,  0.62246,  0.24909,  1.14231,  4250.53020,  915.28549
delay:
[0.    0.    0.    0.    0.    0.    0.039 0.024 0.655]
[0.    0.    0.    0.    0.    0.    0.039 0.024 0.655]
[0.    0.    0.    0.    0.    0.    0.039 0.024 0.655]
[0.    0.    0.    0.    0.    0.    0.039 0.024 0.655]
[0.    0.    0.    0.    0.    0.    0.039 0.024 0.655]
[0.    0.    0.    0.    0.    0.    0.039 0.024 0.655]
[0.    0.    0.    0.    0.    0.    0.039 0.024 0.655]
[0.    0.    0.    0.    0.    0.    0.039 0.024 0.655]
[0.    0.    0.    0.    0.    0.    0.039 0.024 0.655]
[0.    0.    0.    0.    0.    0.    0.039 0.024 0.655]
[0.    0.    0.    0.    0.    0.    0.039 0.024 0.655]
[0.    0.    0.    0.    0.    0.    0.039 0.024 0.655]
[0.    0.    0.    0.    0.    0.    0.039 0.024 0.655]
[0.    0.    0.    0.    0.    0.    0.039 0.024 0.655]
[0.    0.    0.    0.    0.    0.    0.039 0.024 0.655]
[0.    0.    0.    0.    0.    0.    0.039 0.024 0.655]
[0.    0.    0.    0.    0.    0.    0.039 0.024 0.655]
[0.    0.    0.    0.    0.    0.    0.039 0.024 0.655]
[0.    0.    0.    0.    0.    0.    0.039 0.024 0.655]
[0.    0.    0.    0.    0.    0.    0.039 0.024 0.655]
[0.    0.    0.    0.    0.    0.    0.039 0.024 0.655]
[0.    0.    0.    0.    0.    0.    0.039 0.024 0.655]
[0.    0.    0.    0.    0.    0.    0.039 0.024 0.655]
[0.    0.    0.    0.    0.    0.    0.039 0.024 0.655]
[0.    0.    0.    0.    0.    0.    0.039 0.024 0.655]
[0.    0.    0.    0.    0.    0.    0.039 0.024 0.655]
[0.    0.    0.    0.    0.    0.    0.039 0.024 0.655]
[0.    0.    0.    0.    0.    0.    0.039 0.024 0.655]
[0.    0.    0.    0.    0.    0.    0.039 0.024 0.655]
[0.    0.    0.    0.    0.    0.    0.039 0.024 0.655]
[0.    0.    0.    0.    0.    0.    0.039 0.024 0.655]
[0.    0.    0.    0.    0.    0.    0.039 0.024 0.655]
49,  0.71545,  0.62253,  0.24902,  1.14313,  4890.21741,  923.93439
delay:
[0.    0.    0.    0.    0.    0.    0.035 0.035 0.635]
[0.    0.    0.    0.    0.    0.    0.035 0.035 0.635]
[0.    0.    0.    0.    0.    0.    0.035 0.035 0.635]
[0.    0.    0.    0.    0.    0.    0.035 0.035 0.635]
[0.    0.    0.    0.    0.    0.    0.035 0.035 0.635]
[0.    0.    0.    0.    0.    0.    0.035 0.035 0.635]
[0.    0.    0.    0.    0.    0.    0.035 0.035 0.635]
[0.    0.    0.    0.    0.    0.    0.035 0.035 0.635]
[0.    0.    0.    0.    0.    0.    0.035 0.035 0.635]
[0.    0.    0.    0.    0.    0.    0.035 0.035 0.635]
[0.    0.    0.    0.    0.    0.    0.035 0.035 0.635]
[0.    0.    0.    0.    0.    0.    0.035 0.035 0.635]
[0.    0.    0.    0.    0.    0.    0.035 0.035 0.635]
[0.    0.    0.    0.    0.    0.    0.035 0.035 0.635]
[0.    0.    0.    0.    0.    0.    0.035 0.035 0.635]
[0.    0.    0.    0.    0.    0.    0.035 0.035 0.635]
[0.    0.    0.    0.    0.    0.    0.035 0.035 0.635]
[0.    0.    0.    0.    0.    0.    0.035 0.035 0.635]
[0.    0.    0.    0.    0.    0.    0.035 0.035 0.635]
[0.    0.    0.    0.    0.    0.    0.035 0.035 0.635]
[0.    0.    0.    0.    0.    0.    0.035 0.035 0.635]
[0.    0.    0.    0.    0.    0.    0.035 0.035 0.635]
[0.    0.    0.    0.    0.    0.    0.035 0.035 0.635]
[0.    0.    0.    0.    0.    0.    0.035 0.035 0.635]
[0.    0.    0.    0.    0.    0.    0.035 0.035 0.635]
[0.    0.    0.    0.    0.    0.    0.035 0.035 0.635]
[0.    0.    0.    0.    0.    0.    0.035 0.035 0.635]
[0.    0.    0.    0.    0.    0.    0.035 0.035 0.635]
[0.    0.    0.    0.    0.    0.    0.035 0.035 0.635]
[0.    0.    0.    0.    0.    0.    0.035 0.035 0.635]
[0.    0.    0.    0.    0.    0.    0.035 0.035 0.635]
[0.    0.    0.    0.    0.    0.    0.035 0.035 0.635]
50,  0.44478,  0.62171,  0.24968,  1.06814,  852.21114,  1711.21085
delay:
[0.    0.    0.    0.    0.    0.    0.13  0.026 0.047]
[0.    0.    0.    0.    0.    0.    0.13  0.026 0.047]
[0.    0.    0.    0.    0.    0.    0.13  0.026 0.047]
[0.    0.    0.    0.    0.    0.    0.13  0.026 0.047]
[0.    0.    0.    0.    0.    0.    0.13  0.026 0.047]
[0.    0.    0.    0.    0.    0.    0.13  0.026 0.047]
[0.    0.    0.    0.    0.    0.    0.13  0.026 0.047]
[0.    0.    0.    0.    0.    0.    0.13  0.026 0.047]
[0.    0.    0.    0.    0.    0.    0.13  0.026 0.047]
[0.    0.    0.    0.    0.    0.    0.13  0.026 0.047]
[0.    0.    0.    0.    0.    0.    0.13  0.026 0.047]
[0.    0.    0.    0.    0.    0.    0.13  0.026 0.047]
[0.    0.    0.    0.    0.    0.    0.13  0.026 0.047]
[0.    0.    0.    0.    0.    0.    0.13  0.026 0.047]
[0.    0.    0.    0.    0.    0.    0.13  0.026 0.047]
[0.    0.    0.    0.    0.    0.    0.13  0.026 0.047]
[0.    0.    0.    0.    0.    0.    0.13  0.026 0.047]
[0.    0.    0.    0.    0.    0.    0.13  0.026 0.047]
[0.    0.    0.    0.    0.    0.    0.13  0.026 0.047]
[0.    0.    0.    0.    0.    0.    0.13  0.026 0.047]
[0.    0.    0.    0.    0.    0.    0.13  0.026 0.047]
[0.    0.    0.    0.    0.    0.    0.13  0.026 0.047]
[0.    0.    0.    0.    0.    0.    0.13  0.026 0.047]
[0.    0.    0.    0.    0.    0.    0.13  0.026 0.047]
[0.    0.    0.    0.    0.    0.    0.13  0.026 0.047]
[0.    0.    0.    0.    0.    0.    0.13  0.026 0.047]
[0.    0.    0.    0.    0.    0.    0.13  0.026 0.047]
[0.    0.    0.    0.    0.    0.    0.13  0.026 0.047]
[0.    0.    0.    0.    0.    0.    0.13  0.026 0.047]
[0.    0.    0.    0.    0.    0.    0.13  0.026 0.047]
[0.    0.    0.    0.    0.    0.    0.13  0.026 0.047]
[0.    0.    0.    0.    0.    0.    0.13  0.026 0.047]
51,  1.05898,  0.62256,  0.24866,  0.90341,  0.00000,  2364.92669
delay:
[0. 0. 0.]
[0. 0. 0.]
[0. 0. 0.]
52,  1.08884,  0.62283,  0.24868,  1.03179,  0.00000,  1075.92587
delay:
[0. 0. 0.]
[0. 0. 0.]
[0. 0. 0.]
53,  1.09479,  0.62299,  0.24869,  1.04655,  0.00000,  1017.86493
delay:
[0. 0. 0.]
[0. 0. 0.]
[0. 0. 0.]
54,  1.09932,  0.62298,  0.24869,  1.05215,  0.00000,  1020.46443
delay:
[0. 0. 0.]
[0. 0. 0.]
[0. 0. 0.]
55,  1.10203,  0.62293,  0.24870,  1.05542,  0.00000,  1046.37247
delay:
[0. 0. 0.]
[0. 0. 0.]
[0. 0. 0.]
56,  1.10407,  0.62306,  0.24870,  1.05798,  0.00000,  1032.44202
delay:
[0. 0. 0.]
[0. 0. 0.]
[0. 0. 0.]
57,  1.10557,  0.62331,  0.24870,  1.06038,  0.00000,  1023.00093
delay:
[0. 0. 0.]
[0. 0. 0.]
[0. 0. 0.]
58,  1.10855,  0.62330,  0.24870,  1.06214,  0.00000,  1041.40887
delay:
[0. 0. 0.]
[0. 0. 0.]
[0. 0. 0.]
59,  1.10909,  0.62338,  0.24870,  1.06403,  0.00000,  1034.86098
delay:
[0. 0. 0.]
[0. 0. 0.]
[0. 0. 0.]
60,  1.11099,  0.62339,  0.24870,  1.06545,  0.00000,  1038.31898
delay:
[0. 0. 0.]
[0. 0. 0.]
[0. 0. 0.]
61,  1.11166,  0.62347,  0.24870,  1.06706,  0.00000,  1018.69638
delay:
[0. 0. 0.]
[0. 0. 0.]
[0. 0. 0.]
62,  1.11210,  0.62348,  0.24871,  1.06758,  0.00000,  1004.75607
delay:
[0. 0. 0.]
[0. 0. 0.]
[0. 0. 0.]
63,  1.11256,  0.62340,  0.24870,  1.06828,  0.00000,  992.85905
delay:
[0. 0. 0.]
[0. 0. 0.]
[0. 0. 0.]
64,  1.11293,  0.62348,  0.24871,  1.06851,  0.00000,  984.77537
delay:
[0. 0. 0.]
[0. 0. 0.]
[0. 0. 0.]
65,  1.11376,  0.62344,  0.24871,  1.06932,  0.00000,  996.28519
delay:
[0. 0. 0.]
[0. 0. 0.]
[0. 0. 0.]
66,  1.11437,  0.62341,  0.24870,  1.06970,  0.00000,  997.18719
delay:
[0. 0. 0.]
[0. 0. 0.]
[0. 0. 0.]
67,  1.11377,  0.62353,  0.24871,  1.07037,  0.00000,  983.80864
delay:
[0. 0. 0.]
[0. 0. 0.]
[0. 0. 0.]
68,  1.11474,  0.62339,  0.24871,  1.07094,  0.00000,  998.26905
delay:
[0. 0. 0.]
[0. 0. 0.]
[0. 0. 0.]
69,  1.11507,  0.62356,  0.24871,  1.07152,  0.00000,  986.24841
delay:
[0. 0. 0.]
[0. 0. 0.]
[0. 0. 0.]
70,  1.11561,  0.62349,  0.24871,  1.07192,  0.00000,  969.42947
delay:
[0. 0. 0.]
[0. 0. 0.]
[0. 0. 0.]
71,  1.11592,  0.62360,  0.24871,  1.07237,  0.00000,  968.50429
delay:
[0. 0. 0.]
[0. 0. 0.]
[0. 0. 0.]
72,  1.11634,  0.62353,  0.24870,  1.07245,  0.00000,  984.92314
delay:
[0. 0. 0.]
[0. 0. 0.]
[0. 0. 0.]
73,  1.11642,  0.62352,  0.24871,  1.07296,  0.00000,  978.29485
delay:
[0. 0. 0.]
[0. 0. 0.]
[0. 0. 0.]
74,  1.11687,  0.62357,  0.24871,  1.07296,  0.00000,  972.33500
delay:
[0. 0. 0.]
[0. 0. 0.]
[0. 0. 0.]
75,  1.11694,  0.62358,  0.24871,  1.07340,  0.00000,  960.00478
delay:
[0. 0. 0.]
[0. 0. 0.]
[0. 0. 0.]
76,  0.99165,  0.62265,  0.24888,  1.09042,  1537.28282,  2257.66597
delay:
[0.    0.    0.    0.    0.    0.    0.022 0.017 0.025]
[0.    0.    0.    0.    0.    0.    0.022 0.017 0.025]
[0.    0.    0.    0.    0.    0.    0.022 0.017 0.025]
[0.    0.    0.    0.    0.    0.    0.022 0.017 0.025]
[0.    0.    0.    0.    0.    0.    0.022 0.017 0.025]
[0.    0.    0.    0.    0.    0.    0.022 0.017 0.025]
[0.    0.    0.    0.    0.    0.    0.022 0.017 0.025]
[0.    0.    0.    0.    0.    0.    0.022 0.017 0.025]
[0.    0.    0.    0.    0.    0.    0.022 0.017 0.025]
[0.    0.    0.    0.    0.    0.    0.022 0.017 0.025]
[0.    0.    0.    0.    0.    0.    0.022 0.017 0.025]
[0.    0.    0.    0.    0.    0.    0.022 0.017 0.025]
[0.    0.    0.    0.    0.    0.    0.022 0.017 0.025]
[0.    0.    0.    0.    0.    0.    0.022 0.017 0.025]
[0.    0.    0.    0.    0.    0.    0.022 0.017 0.025]
[0.    0.    0.    0.    0.    0.    0.022 0.017 0.025]
[0.    0.    0.    0.    0.    0.    0.022 0.017 0.025]
[0.    0.    0.    0.    0.    0.    0.022 0.017 0.025]
[0.    0.    0.    0.    0.    0.    0.022 0.017 0.025]
[0.    0.    0.    0.    0.    0.    0.022 0.017 0.025]
[0.    0.    0.    0.    0.    0.    0.022 0.017 0.025]
[0.    0.    0.    0.    0.    0.    0.022 0.017 0.025]
[0.    0.    0.    0.    0.    0.    0.022 0.017 0.025]
[0.    0.    0.    0.    0.    0.    0.022 0.017 0.025]
[0.    0.    0.    0.    0.    0.    0.022 0.017 0.025]
[0.    0.    0.    0.    0.    0.    0.022 0.017 0.025]
[0.    0.    0.    0.    0.    0.    0.022 0.017 0.025]
[0.    0.    0.    0.    0.    0.    0.022 0.017 0.025]
[0.    0.    0.    0.    0.    0.    0.022 0.017 0.025]
[0.    0.    0.    0.    0.    0.    0.022 0.017 0.025]
[0.    0.    0.    0.    0.    0.    0.022 0.017 0.025]
[0.    0.    0.    0.    0.    0.    0.022 0.017 0.025]
77,  0.97638,  0.62285,  0.24888,  1.11250,  1231.44139,  923.86213
delay:
[0.    0.    0.    0.    0.    0.    0.029 0.031 0.372]
[0.    0.    0.    0.    0.    0.    0.029 0.031 0.372]
[0.    0.    0.    0.    0.    0.    0.029 0.031 0.372]
[0.    0.    0.    0.    0.    0.    0.029 0.031 0.372]
[0.    0.    0.    0.    0.    0.    0.029 0.031 0.372]
[0.    0.    0.    0.    0.    0.    0.029 0.031 0.372]
[0.    0.    0.    0.    0.    0.    0.029 0.031 0.372]
[0.    0.    0.    0.    0.    0.    0.029 0.031 0.372]
[0.    0.    0.    0.    0.    0.    0.029 0.031 0.372]
[0.    0.    0.    0.    0.    0.    0.029 0.031 0.372]
[0.    0.    0.    0.    0.    0.    0.029 0.031 0.372]
[0.    0.    0.    0.    0.    0.    0.029 0.031 0.372]
[0.    0.    0.    0.    0.    0.    0.029 0.031 0.372]
[0.    0.    0.    0.    0.    0.    0.029 0.031 0.372]
[0.    0.    0.    0.    0.    0.    0.029 0.031 0.372]
[0.    0.    0.    0.    0.    0.    0.029 0.031 0.372]
[0.    0.    0.    0.    0.    0.    0.029 0.031 0.372]
[0.    0.    0.    0.    0.    0.    0.029 0.031 0.372]
[0.    0.    0.    0.    0.    0.    0.029 0.031 0.372]
[0.    0.    0.    0.    0.    0.    0.029 0.031 0.372]
[0.    0.    0.    0.    0.    0.    0.029 0.031 0.372]
[0.    0.    0.    0.    0.    0.    0.029 0.031 0.372]
[0.    0.    0.    0.    0.    0.    0.029 0.031 0.372]
[0.    0.    0.    0.    0.    0.    0.029 0.031 0.372]
[0.    0.    0.    0.    0.    0.    0.029 0.031 0.372]
[0.    0.    0.    0.    0.    0.    0.029 0.031 0.372]
[0.    0.    0.    0.    0.    0.    0.029 0.031 0.372]
[0.    0.    0.    0.    0.    0.    0.029 0.031 0.372]
[0.    0.    0.    0.    0.    0.    0.029 0.031 0.372]
[0.    0.    0.    0.    0.    0.    0.029 0.031 0.372]
[0.    0.    0.    0.    0.    0.    0.029 0.031 0.372]
[0.    0.    0.    0.    0.    0.    0.029 0.031 0.372]
78,  0.95918,  0.62291,  0.24889,  1.11948,  1440.40573,  841.52359
delay:
[0.    0.    0.    0.    0.    0.    0.038 0.031 0.569]
[0.    0.    0.    0.    0.    0.    0.038 0.031 0.569]
[0.    0.    0.    0.    0.    0.    0.038 0.031 0.569]
[0.    0.    0.    0.    0.    0.    0.038 0.031 0.569]
[0.    0.    0.    0.    0.    0.    0.038 0.031 0.569]
[0.    0.    0.    0.    0.    0.    0.038 0.031 0.569]
[0.    0.    0.    0.    0.    0.    0.038 0.031 0.569]
[0.    0.    0.    0.    0.    0.    0.038 0.031 0.569]
[0.    0.    0.    0.    0.    0.    0.038 0.031 0.569]
[0.    0.    0.    0.    0.    0.    0.038 0.031 0.569]
[0.    0.    0.    0.    0.    0.    0.038 0.031 0.569]
[0.    0.    0.    0.    0.    0.    0.038 0.031 0.569]
[0.    0.    0.    0.    0.    0.    0.038 0.031 0.569]
[0.    0.    0.    0.    0.    0.    0.038 0.031 0.569]
[0.    0.    0.    0.    0.    0.    0.038 0.031 0.569]
[0.    0.    0.    0.    0.    0.    0.038 0.031 0.569]
[0.    0.    0.    0.    0.    0.    0.038 0.031 0.569]
[0.    0.    0.    0.    0.    0.    0.038 0.031 0.569]
[0.    0.    0.    0.    0.    0.    0.038 0.031 0.569]
[0.    0.    0.    0.    0.    0.    0.038 0.031 0.569]
[0.    0.    0.    0.    0.    0.    0.038 0.031 0.569]
[0.    0.    0.    0.    0.    0.    0.038 0.031 0.569]
[0.    0.    0.    0.    0.    0.    0.038 0.031 0.569]
[0.    0.    0.    0.    0.    0.    0.038 0.031 0.569]
[0.    0.    0.    0.    0.    0.    0.038 0.031 0.569]
[0.    0.    0.    0.    0.    0.    0.038 0.031 0.569]
[0.    0.    0.    0.    0.    0.    0.038 0.031 0.569]
[0.    0.    0.    0.    0.    0.    0.038 0.031 0.569]
[0.    0.    0.    0.    0.    0.    0.038 0.031 0.569]
[0.    0.    0.    0.    0.    0.    0.038 0.031 0.569]
[0.    0.    0.    0.    0.    0.    0.038 0.031 0.569]
[0.    0.    0.    0.    0.    0.    0.038 0.031 0.569]
79,  0.93914,  0.62299,  0.24889,  1.12422,  1516.64214,  809.00367
delay:
[0.    0.    0.    0.    0.    0.    0.041 0.026 0.621]
[0.    0.    0.    0.    0.    0.    0.041 0.026 0.621]
[0.    0.    0.    0.    0.    0.    0.041 0.026 0.621]
[0.    0.    0.    0.    0.    0.    0.041 0.026 0.621]
[0.    0.    0.    0.    0.    0.    0.041 0.026 0.621]
[0.    0.    0.    0.    0.    0.    0.041 0.026 0.621]
[0.    0.    0.    0.    0.    0.    0.041 0.026 0.621]
[0.    0.    0.    0.    0.    0.    0.041 0.026 0.621]
[0.    0.    0.    0.    0.    0.    0.041 0.026 0.621]
[0.    0.    0.    0.    0.    0.    0.041 0.026 0.621]
[0.    0.    0.    0.    0.    0.    0.041 0.026 0.621]
[0.    0.    0.    0.    0.    0.    0.041 0.026 0.621]
[0.    0.    0.    0.    0.    0.    0.041 0.026 0.621]
[0.    0.    0.    0.    0.    0.    0.041 0.026 0.621]
[0.    0.    0.    0.    0.    0.    0.041 0.026 0.621]
[0.    0.    0.    0.    0.    0.    0.041 0.026 0.621]
[0.    0.    0.    0.    0.    0.    0.041 0.026 0.621]
[0.    0.    0.    0.    0.    0.    0.041 0.026 0.621]
[0.    0.    0.    0.    0.    0.    0.041 0.026 0.621]
[0.    0.    0.    0.    0.    0.    0.041 0.026 0.621]
[0.    0.    0.    0.    0.    0.    0.041 0.026 0.621]
[0.    0.    0.    0.    0.    0.    0.041 0.026 0.621]
[0.    0.    0.    0.    0.    0.    0.041 0.026 0.621]
[0.    0.    0.    0.    0.    0.    0.041 0.026 0.621]
[0.    0.    0.    0.    0.    0.    0.041 0.026 0.621]
[0.    0.    0.    0.    0.    0.    0.041 0.026 0.621]
[0.    0.    0.    0.    0.    0.    0.041 0.026 0.621]
[0.    0.    0.    0.    0.    0.    0.041 0.026 0.621]
[0.    0.    0.    0.    0.    0.    0.041 0.026 0.621]
[0.    0.    0.    0.    0.    0.    0.041 0.026 0.621]
[0.    0.    0.    0.    0.    0.    0.041 0.026 0.621]
[0.    0.    0.    0.    0.    0.    0.041 0.026 0.621]
80,  0.92257,  0.62291,  0.24891,  1.12731,  1614.12133,  792.52031
delay:
[0.    0.    0.    0.    0.    0.    0.042 0.04  0.633]
[0.    0.    0.    0.    0.    0.    0.042 0.04  0.633]
[0.    0.    0.    0.    0.    0.    0.042 0.04  0.633]
[0.    0.    0.    0.    0.    0.    0.042 0.04  0.633]
[0.    0.    0.    0.    0.    0.    0.042 0.04  0.633]
[0.    0.    0.    0.    0.    0.    0.042 0.04  0.633]
[0.    0.    0.    0.    0.    0.    0.042 0.04  0.633]
[0.    0.    0.    0.    0.    0.    0.042 0.04  0.633]
[0.    0.    0.    0.    0.    0.    0.042 0.04  0.633]
[0.    0.    0.    0.    0.    0.    0.042 0.04  0.633]
[0.    0.    0.    0.    0.    0.    0.042 0.04  0.633]
[0.    0.    0.    0.    0.    0.    0.042 0.04  0.633]
[0.    0.    0.    0.    0.    0.    0.042 0.04  0.633]
[0.    0.    0.    0.    0.    0.    0.042 0.04  0.633]
[0.    0.    0.    0.    0.    0.    0.042 0.04  0.633]
[0.    0.    0.    0.    0.    0.    0.042 0.04  0.633]
[0.    0.    0.    0.    0.    0.    0.042 0.04  0.633]
[0.    0.    0.    0.    0.    0.    0.042 0.04  0.633]
[0.    0.    0.    0.    0.    0.    0.042 0.04  0.633]
[0.    0.    0.    0.    0.    0.    0.042 0.04  0.633]
[0.    0.    0.    0.    0.    0.    0.042 0.04  0.633]
[0.    0.    0.    0.    0.    0.    0.042 0.04  0.633]
[0.    0.    0.    0.    0.    0.    0.042 0.04  0.633]
[0.    0.    0.    0.    0.    0.    0.042 0.04  0.633]
[0.    0.    0.    0.    0.    0.    0.042 0.04  0.633]
[0.    0.    0.    0.    0.    0.    0.042 0.04  0.633]
[0.    0.    0.    0.    0.    0.    0.042 0.04  0.633]
[0.    0.    0.    0.    0.    0.    0.042 0.04  0.633]
[0.    0.    0.    0.    0.    0.    0.042 0.04  0.633]
[0.    0.    0.    0.    0.    0.    0.042 0.04  0.633]
[0.    0.    0.    0.    0.    0.    0.042 0.04  0.633]
[0.    0.    0.    0.    0.    0.    0.042 0.04  0.633]
81,  0.91647,  0.62286,  0.24890,  1.12929,  1547.49098,  760.03630
delay:
[0.    0.    0.    0.    0.    0.    0.044 0.033 0.637]
[0.    0.    0.    0.    0.    0.    0.044 0.033 0.637]
[0.    0.    0.    0.    0.    0.    0.044 0.033 0.637]
[0.    0.    0.    0.    0.    0.    0.044 0.033 0.637]
[0.    0.    0.    0.    0.    0.    0.044 0.033 0.637]
[0.    0.    0.    0.    0.    0.    0.044 0.033 0.637]
[0.    0.    0.    0.    0.    0.    0.044 0.033 0.637]
[0.    0.    0.    0.    0.    0.    0.044 0.033 0.637]
[0.    0.    0.    0.    0.    0.    0.044 0.033 0.637]
[0.    0.    0.    0.    0.    0.    0.044 0.033 0.637]
[0.    0.    0.    0.    0.    0.    0.044 0.033 0.637]
[0.    0.    0.    0.    0.    0.    0.044 0.033 0.637]
[0.    0.    0.    0.    0.    0.    0.044 0.033 0.637]
[0.    0.    0.    0.    0.    0.    0.044 0.033 0.637]
[0.    0.    0.    0.    0.    0.    0.044 0.033 0.637]
[0.    0.    0.    0.    0.    0.    0.044 0.033 0.637]
[0.    0.    0.    0.    0.    0.    0.044 0.033 0.637]
[0.    0.    0.    0.    0.    0.    0.044 0.033 0.637]
[0.    0.    0.    0.    0.    0.    0.044 0.033 0.637]
[0.    0.    0.    0.    0.    0.    0.044 0.033 0.637]
[0.    0.    0.    0.    0.    0.    0.044 0.033 0.637]
[0.    0.    0.    0.    0.    0.    0.044 0.033 0.637]
[0.    0.    0.    0.    0.    0.    0.044 0.033 0.637]
[0.    0.    0.    0.    0.    0.    0.044 0.033 0.637]
[0.    0.    0.    0.    0.    0.    0.044 0.033 0.637]
[0.    0.    0.    0.    0.    0.    0.044 0.033 0.637]
[0.    0.    0.    0.    0.    0.    0.044 0.033 0.637]
[0.    0.    0.    0.    0.    0.    0.044 0.033 0.637]
[0.    0.    0.    0.    0.    0.    0.044 0.033 0.637]
[0.    0.    0.    0.    0.    0.    0.044 0.033 0.637]
[0.    0.    0.    0.    0.    0.    0.044 0.033 0.637]
[0.    0.    0.    0.    0.    0.    0.044 0.033 0.637]
82,  0.90890,  0.62288,  0.24890,  1.13059,  1541.19743,  751.62148
delay:
[0.    0.    0.    0.    0.    0.    0.043 0.034 0.641]
[0.    0.    0.    0.    0.    0.    0.043 0.034 0.641]
[0.    0.    0.    0.    0.    0.    0.043 0.034 0.641]
[0.    0.    0.    0.    0.    0.    0.043 0.034 0.641]
[0.    0.    0.    0.    0.    0.    0.043 0.034 0.641]
[0.    0.    0.    0.    0.    0.    0.043 0.034 0.641]
[0.    0.    0.    0.    0.    0.    0.043 0.034 0.641]
[0.    0.    0.    0.    0.    0.    0.043 0.034 0.641]
[0.    0.    0.    0.    0.    0.    0.043 0.034 0.641]
[0.    0.    0.    0.    0.    0.    0.043 0.034 0.641]
[0.    0.    0.    0.    0.    0.    0.043 0.034 0.641]
[0.    0.    0.    0.    0.    0.    0.043 0.034 0.641]
[0.    0.    0.    0.    0.    0.    0.043 0.034 0.641]
[0.    0.    0.    0.    0.    0.    0.043 0.034 0.641]
[0.    0.    0.    0.    0.    0.    0.043 0.034 0.641]
[0.    0.    0.    0.    0.    0.    0.043 0.034 0.641]
[0.    0.    0.    0.    0.    0.    0.043 0.034 0.641]
[0.    0.    0.    0.    0.    0.    0.043 0.034 0.641]
[0.    0.    0.    0.    0.    0.    0.043 0.034 0.641]
[0.    0.    0.    0.    0.    0.    0.043 0.034 0.641]
[0.    0.    0.    0.    0.    0.    0.043 0.034 0.641]
[0.    0.    0.    0.    0.    0.    0.043 0.034 0.641]
[0.    0.    0.    0.    0.    0.    0.043 0.034 0.641]
[0.    0.    0.    0.    0.    0.    0.043 0.034 0.641]
[0.    0.    0.    0.    0.    0.    0.043 0.034 0.641]
[0.    0.    0.    0.    0.    0.    0.043 0.034 0.641]
[0.    0.    0.    0.    0.    0.    0.043 0.034 0.641]
[0.    0.    0.    0.    0.    0.    0.043 0.034 0.641]
[0.    0.    0.    0.    0.    0.    0.043 0.034 0.641]
[0.    0.    0.    0.    0.    0.    0.043 0.034 0.641]
[0.    0.    0.    0.    0.    0.    0.043 0.034 0.641]
[0.    0.    0.    0.    0.    0.    0.043 0.034 0.641]
83,  0.90232,  0.62287,  0.24890,  1.13120,  1593.92953,  770.81491
delay:
[0.    0.    0.    0.    0.    0.    0.046 0.038 0.634]
[0.    0.    0.    0.    0.    0.    0.046 0.038 0.634]
[0.    0.    0.    0.    0.    0.    0.046 0.038 0.634]
[0.    0.    0.    0.    0.    0.    0.046 0.038 0.634]
[0.    0.    0.    0.    0.    0.    0.046 0.038 0.634]
[0.    0.    0.    0.    0.    0.    0.046 0.038 0.634]
[0.    0.    0.    0.    0.    0.    0.046 0.038 0.634]
[0.    0.    0.    0.    0.    0.    0.046 0.038 0.634]
[0.    0.    0.    0.    0.    0.    0.046 0.038 0.634]
[0.    0.    0.    0.    0.    0.    0.046 0.038 0.634]
[0.    0.    0.    0.    0.    0.    0.046 0.038 0.634]
[0.    0.    0.    0.    0.    0.    0.046 0.038 0.634]
[0.    0.    0.    0.    0.    0.    0.046 0.038 0.634]
[0.    0.    0.    0.    0.    0.    0.046 0.038 0.634]
[0.    0.    0.    0.    0.    0.    0.046 0.038 0.634]
[0.    0.    0.    0.    0.    0.    0.046 0.038 0.634]
[0.    0.    0.    0.    0.    0.    0.046 0.038 0.634]
[0.    0.    0.    0.    0.    0.    0.046 0.038 0.634]
[0.    0.    0.    0.    0.    0.    0.046 0.038 0.634]
[0.    0.    0.    0.    0.    0.    0.046 0.038 0.634]
[0.    0.    0.    0.    0.    0.    0.046 0.038 0.634]
[0.    0.    0.    0.    0.    0.    0.046 0.038 0.634]
[0.    0.    0.    0.    0.    0.    0.046 0.038 0.634]
[0.    0.    0.    0.    0.    0.    0.046 0.038 0.634]
[0.    0.    0.    0.    0.    0.    0.046 0.038 0.634]
[0.    0.    0.    0.    0.    0.    0.046 0.038 0.634]
[0.    0.    0.    0.    0.    0.    0.046 0.038 0.634]
[0.    0.    0.    0.    0.    0.    0.046 0.038 0.634]
[0.    0.    0.    0.    0.    0.    0.046 0.038 0.634]
[0.    0.    0.    0.    0.    0.    0.046 0.038 0.634]
[0.    0.    0.    0.    0.    0.    0.046 0.038 0.634]
[0.    0.    0.    0.    0.    0.    0.046 0.038 0.634]
84,  0.89529,  0.62283,  0.24891,  1.13215,  1661.92798,  763.80736
delay:
[0.    0.    0.    0.    0.    0.    0.042 0.038 0.638]
[0.    0.    0.    0.    0.    0.    0.042 0.038 0.638]
[0.    0.    0.    0.    0.    0.    0.042 0.038 0.638]
[0.    0.    0.    0.    0.    0.    0.042 0.038 0.638]
[0.    0.    0.    0.    0.    0.    0.042 0.038 0.638]
[0.    0.    0.    0.    0.    0.    0.042 0.038 0.638]
[0.    0.    0.    0.    0.    0.    0.042 0.038 0.638]
[0.    0.    0.    0.    0.    0.    0.042 0.038 0.638]
[0.    0.    0.    0.    0.    0.    0.042 0.038 0.638]
[0.    0.    0.    0.    0.    0.    0.042 0.038 0.638]
[0.    0.    0.    0.    0.    0.    0.042 0.038 0.638]
[0.    0.    0.    0.    0.    0.    0.042 0.038 0.638]
[0.    0.    0.    0.    0.    0.    0.042 0.038 0.638]
[0.    0.    0.    0.    0.    0.    0.042 0.038 0.638]
[0.    0.    0.    0.    0.    0.    0.042 0.038 0.638]
[0.    0.    0.    0.    0.    0.    0.042 0.038 0.638]
[0.    0.    0.    0.    0.    0.    0.042 0.038 0.638]
[0.    0.    0.    0.    0.    0.    0.042 0.038 0.638]
[0.    0.    0.    0.    0.    0.    0.042 0.038 0.638]
[0.    0.    0.    0.    0.    0.    0.042 0.038 0.638]
[0.    0.    0.    0.    0.    0.    0.042 0.038 0.638]
[0.    0.    0.    0.    0.    0.    0.042 0.038 0.638]
[0.    0.    0.    0.    0.    0.    0.042 0.038 0.638]
[0.    0.    0.    0.    0.    0.    0.042 0.038 0.638]
[0.    0.    0.    0.    0.    0.    0.042 0.038 0.638]
[0.    0.    0.    0.    0.    0.    0.042 0.038 0.638]
[0.    0.    0.    0.    0.    0.    0.042 0.038 0.638]
[0.    0.    0.    0.    0.    0.    0.042 0.038 0.638]
[0.    0.    0.    0.    0.    0.    0.042 0.038 0.638]
[0.    0.    0.    0.    0.    0.    0.042 0.038 0.638]
[0.    0.    0.    0.    0.    0.    0.042 0.038 0.638]
[0.    0.    0.    0.    0.    0.    0.042 0.038 0.638]
85,  0.88888,  0.62286,  0.24891,  1.13289,  1697.72046,  763.75366
delay:
[0.    0.    0.    0.    0.    0.    0.046 0.035 0.635]
[0.    0.    0.    0.    0.    0.    0.046 0.035 0.635]
[0.    0.    0.    0.    0.    0.    0.046 0.035 0.635]
[0.    0.    0.    0.    0.    0.    0.046 0.035 0.635]
[0.    0.    0.    0.    0.    0.    0.046 0.035 0.635]
[0.    0.    0.    0.    0.    0.    0.046 0.035 0.635]
[0.    0.    0.    0.    0.    0.    0.046 0.035 0.635]
[0.    0.    0.    0.    0.    0.    0.046 0.035 0.635]
[0.    0.    0.    0.    0.    0.    0.046 0.035 0.635]
[0.    0.    0.    0.    0.    0.    0.046 0.035 0.635]
[0.    0.    0.    0.    0.    0.    0.046 0.035 0.635]
[0.    0.    0.    0.    0.    0.    0.046 0.035 0.635]
[0.    0.    0.    0.    0.    0.    0.046 0.035 0.635]
[0.    0.    0.    0.    0.    0.    0.046 0.035 0.635]
[0.    0.    0.    0.    0.    0.    0.046 0.035 0.635]
[0.    0.    0.    0.    0.    0.    0.046 0.035 0.635]
[0.    0.    0.    0.    0.    0.    0.046 0.035 0.635]
[0.    0.    0.    0.    0.    0.    0.046 0.035 0.635]
[0.    0.    0.    0.    0.    0.    0.046 0.035 0.635]
[0.    0.    0.    0.    0.    0.    0.046 0.035 0.635]
[0.    0.    0.    0.    0.    0.    0.046 0.035 0.635]
[0.    0.    0.    0.    0.    0.    0.046 0.035 0.635]
[0.    0.    0.    0.    0.    0.    0.046 0.035 0.635]
[0.    0.    0.    0.    0.    0.    0.046 0.035 0.635]
[0.    0.    0.    0.    0.    0.    0.046 0.035 0.635]
[0.    0.    0.    0.    0.    0.    0.046 0.035 0.635]
[0.    0.    0.    0.    0.    0.    0.046 0.035 0.635]
[0.    0.    0.    0.    0.    0.    0.046 0.035 0.635]
[0.    0.    0.    0.    0.    0.    0.046 0.035 0.635]
[0.    0.    0.    0.    0.    0.    0.046 0.035 0.635]
[0.    0.    0.    0.    0.    0.    0.046 0.035 0.635]
[0.    0.    0.    0.    0.    0.    0.046 0.035 0.635]
86,  0.88294,  0.62290,  0.24892,  1.13351,  1653.23505,  748.00505
delay:
[0.    0.    0.    0.    0.    0.    0.046 0.038 0.626]
[0.    0.    0.    0.    0.    0.    0.046 0.038 0.626]
[0.    0.    0.    0.    0.    0.    0.046 0.038 0.626]
[0.    0.    0.    0.    0.    0.    0.046 0.038 0.626]
[0.    0.    0.    0.    0.    0.    0.046 0.038 0.626]
[0.    0.    0.    0.    0.    0.    0.046 0.038 0.626]
[0.    0.    0.    0.    0.    0.    0.046 0.038 0.626]
[0.    0.    0.    0.    0.    0.    0.046 0.038 0.626]
[0.    0.    0.    0.    0.    0.    0.046 0.038 0.626]
[0.    0.    0.    0.    0.    0.    0.046 0.038 0.626]
[0.    0.    0.    0.    0.    0.    0.046 0.038 0.626]
[0.    0.    0.    0.    0.    0.    0.046 0.038 0.626]
[0.    0.    0.    0.    0.    0.    0.046 0.038 0.626]
[0.    0.    0.    0.    0.    0.    0.046 0.038 0.626]
[0.    0.    0.    0.    0.    0.    0.046 0.038 0.626]
[0.    0.    0.    0.    0.    0.    0.046 0.038 0.626]
[0.    0.    0.    0.    0.    0.    0.046 0.038 0.626]
[0.    0.    0.    0.    0.    0.    0.046 0.038 0.626]
[0.    0.    0.    0.    0.    0.    0.046 0.038 0.626]
[0.    0.    0.    0.    0.    0.    0.046 0.038 0.626]
[0.    0.    0.    0.    0.    0.    0.046 0.038 0.626]
[0.    0.    0.    0.    0.    0.    0.046 0.038 0.626]
[0.    0.    0.    0.    0.    0.    0.046 0.038 0.626]
[0.    0.    0.    0.    0.    0.    0.046 0.038 0.626]
[0.    0.    0.    0.    0.    0.    0.046 0.038 0.626]
[0.    0.    0.    0.    0.    0.    0.046 0.038 0.626]
[0.    0.    0.    0.    0.    0.    0.046 0.038 0.626]
[0.    0.    0.    0.    0.    0.    0.046 0.038 0.626]
[0.    0.    0.    0.    0.    0.    0.046 0.038 0.626]
[0.    0.    0.    0.    0.    0.    0.046 0.038 0.626]
[0.    0.    0.    0.    0.    0.    0.046 0.038 0.626]
[0.    0.    0.    0.    0.    0.    0.046 0.038 0.626]
87,  0.87787,  0.62290,  0.24892,  1.13424,  1735.17932,  742.16186
delay:
[0.    0.    0.    0.    0.    0.    0.048 0.033 0.639]
[0.    0.    0.    0.    0.    0.    0.048 0.033 0.639]
[0.    0.    0.    0.    0.    0.    0.048 0.033 0.639]
[0.    0.    0.    0.    0.    0.    0.048 0.033 0.639]
[0.    0.    0.    0.    0.    0.    0.048 0.033 0.639]
[0.    0.    0.    0.    0.    0.    0.048 0.033 0.639]
[0.    0.    0.    0.    0.    0.    0.048 0.033 0.639]
[0.    0.    0.    0.    0.    0.    0.048 0.033 0.639]
[0.    0.    0.    0.    0.    0.    0.048 0.033 0.639]
[0.    0.    0.    0.    0.    0.    0.048 0.033 0.639]
[0.    0.    0.    0.    0.    0.    0.048 0.033 0.639]
[0.    0.    0.    0.    0.    0.    0.048 0.033 0.639]
[0.    0.    0.    0.    0.    0.    0.048 0.033 0.639]
[0.    0.    0.    0.    0.    0.    0.048 0.033 0.639]
[0.    0.    0.    0.    0.    0.    0.048 0.033 0.639]
[0.    0.    0.    0.    0.    0.    0.048 0.033 0.639]
[0.    0.    0.    0.    0.    0.    0.048 0.033 0.639]
[0.    0.    0.    0.    0.    0.    0.048 0.033 0.639]
[0.    0.    0.    0.    0.    0.    0.048 0.033 0.639]
[0.    0.    0.    0.    0.    0.    0.048 0.033 0.639]
[0.    0.    0.    0.    0.    0.    0.048 0.033 0.639]
[0.    0.    0.    0.    0.    0.    0.048 0.033 0.639]
[0.    0.    0.    0.    0.    0.    0.048 0.033 0.639]
[0.    0.    0.    0.    0.    0.    0.048 0.033 0.639]
[0.    0.    0.    0.    0.    0.    0.048 0.033 0.639]
[0.    0.    0.    0.    0.    0.    0.048 0.033 0.639]
[0.    0.    0.    0.    0.    0.    0.048 0.033 0.639]
[0.    0.    0.    0.    0.    0.    0.048 0.033 0.639]
[0.    0.    0.    0.    0.    0.    0.048 0.033 0.639]
[0.    0.    0.    0.    0.    0.    0.048 0.033 0.639]
[0.    0.    0.    0.    0.    0.    0.048 0.033 0.639]
[0.    0.    0.    0.    0.    0.    0.048 0.033 0.639]
