Namespace(data='data/toy_one/3dim_20000seq_64ev/', epoch=100, batch_size=128, d_model=16, d_rnn=8, d_inner_hid=32, d_k=16, d_v=16, n_head=1, n_layers=1, dropout=0.1, lr=0.001, smooth=0.1, log='data/toy_one/3dim_20000seq_64ev/100_20_input16_hidden64_softplus_batch128_grad.txt', num_events=64, lr_delay=0.001, n_hidden=64, n_input=16, device=device(type='cpu'))
Epoch, Log-likelihood-Test, Accuracy, RMSE, Log-likelihood-Train, Gradient_Masker, Gradient_THP
1,  0.40904,  0.58460,  0.31926, -0.07954,  0.00000,  6277.36601
delay:
0.0
0.0
0.0
2,  0.56098,  0.62193,  0.29048,  0.52026,  0.00000,  1617.07706
delay:
0.0
0.0
0.0
3,  0.58497,  0.61902,  0.25711,  0.57590,  0.00000,  650.17343
delay:
0.0
0.0
0.0
4,  0.60462,  0.62123,  0.25675,  0.59634,  0.00000,  620.75658
delay:
0.0
0.0
0.0
5,  0.62302,  0.62145,  0.25580,  0.61478,  0.00000,  553.15655
delay:
0.0
0.0
0.0
6,  0.64507,  0.62121,  0.25346,  0.63264,  0.00000,  642.05042
delay:
0.0
0.0
0.0
7,  0.69734,  0.62110,  0.25303,  0.66119,  0.00000,  1078.13007
delay:
0.0
0.0
0.0
8,  0.75113,  0.62149,  0.25353,  0.70873,  0.00000,  1971.81079
delay:
0.0
0.0
0.0
9,  0.79772,  0.62183,  0.25532,  0.75282,  0.00000,  2533.56568
delay:
0.0
0.0
0.0
10,  0.84034,  0.62259,  0.25042,  0.78987,  0.00000,  1890.78698
delay:
0.0
0.0
0.0
11,  0.85959,  0.62275,  0.24997,  0.82184,  0.00000,  1657.62729
delay:
0.0
0.0
0.0
12,  0.87484,  0.62298,  0.24970,  0.83895,  0.00000,  1773.34588
delay:
0.0
0.0
0.0
13,  0.88998,  0.62319,  0.24978,  0.85457,  0.00000,  1905.06351
delay:
0.0
0.0
0.0
14,  0.90382,  0.62306,  0.24979,  0.86864,  0.00000,  1990.76743
delay:
0.0
0.0
0.0
15,  0.91532,  0.62305,  0.24988,  0.88137,  0.00000,  2115.95705
delay:
0.0
0.0
0.0
16,  0.92843,  0.62286,  0.25018,  0.89400,  0.00000,  2201.88131
delay:
0.0
0.0
0.0
17,  0.94099,  0.62293,  0.25031,  0.90588,  0.00000,  2004.60720
delay:
0.0
0.0
0.0
18,  0.95055,  0.62321,  0.25043,  0.91634,  0.00000,  2309.84268
delay:
0.0
0.0
0.0
19,  0.96131,  0.62313,  0.25042,  0.92701,  0.00000,  2196.15644
delay:
0.0
0.0
0.0
20,  0.96975,  0.62325,  0.25055,  0.93662,  0.00000,  2450.42917
delay:
0.0
0.0
0.0
21,  0.95906,  0.62327,  0.25069,  0.91036,  844.78963,  3858.77560
delay:
0.002
0.003
0.04
22,  0.98500,  0.62317,  0.25039,  0.94121,  255.93390,  3003.82813
delay:
0.001
0.001
0.039
23,  1.01666,  0.62358,  0.24975,  0.96794,  125.68083,  2923.88178
delay:
0.001
0.001
0.02
24,  1.05850,  0.62344,  0.24937,  1.00189,  49.48062,  3009.21167
delay:
0.001
0.003
0.014
25,  1.09068,  0.62361,  0.24931,  1.04177,  327.28294,  3726.20957
delay:
0.053
0.058
0.009
26,  1.10462,  0.62355,  0.24929,  1.06997,  905.59205,  4060.96589
delay:
0.036
0.036
0.01
27,  1.11512,  0.62340,  0.24931,  1.08520,  556.67750,  3517.58702
delay:
0.026
0.018
0.149
28,  1.12225,  0.62367,  0.24930,  1.09691,  324.94328,  3236.74456
delay:
0.015
0.01
0.587
29,  1.13025,  0.62359,  0.24927,  1.10471,  228.59022,  3500.70761
delay:
0.01
0.006
0.638
30,  1.13393,  0.62367,  0.24929,  1.11140,  238.06084,  3438.89172
delay:
0.005
0.004
0.627
31,  1.13789,  0.62369,  0.24924,  1.11594,  173.66374,  2714.29968
delay:
0.004
0.003
0.564
32,  1.14116,  0.62363,  0.24929,  1.11828,  185.14961,  2844.50680
delay:
0.003
0.002
0.589
33,  1.14258,  0.62370,  0.24927,  1.12100,  209.96672,  3169.67410
delay:
0.002
0.002
0.551
34,  1.14531,  0.62370,  0.24923,  1.12322,  168.13204,  2577.34439
delay:
0.002
0.001
0.484
35,  1.14474,  0.62368,  0.24926,  1.12527,  189.32163,  3309.07326
delay:
0.001
0.001
0.514
36,  1.14783,  0.62375,  0.24923,  1.12724,  219.07888,  3225.88253
delay:
0.001
0.001
0.55
37,  1.15001,  0.62362,  0.24921,  1.12930,  231.37588,  3098.76624
delay:
0.001
0.001
0.488
38,  1.15084,  0.62356,  0.24921,  1.13102,  277.26476,  3424.66490
delay:
0.001
0.001
0.525
39,  1.15311,  0.62368,  0.24920,  1.13278,  223.00439,  3106.56229
delay:
0.0
0.0
0.485
40,  1.15498,  0.62356,  0.24918,  1.13461,  192.85088,  2675.09693
delay:
0.0
0.0
0.485
41, -1.47139,  0.62126,  0.24988,  1.13581,  561.73502,  3340.09941
delay:
0.0
0.0
0.485
42, -1.49046,  0.62041,  0.24992,  1.13663,  561.73502,  2839.92205
delay:
0.0
0.0
0.485
43, -1.49791,  0.62158,  0.24981,  1.13726,  561.73502,  2776.32154
delay:
0.0
0.0
0.485
44, -1.48145,  0.62091,  0.24979,  1.13759,  561.73502,  3157.43948
delay:
0.0
0.0
0.485
45, -1.48969,  0.62080,  0.25024,  1.13849,  561.73502,  2526.71086
delay:
0.0
0.0
0.485
46, -1.49174,  0.62101,  0.24984,  1.13900,  561.73502,  2604.88065
delay:
0.0
0.0
0.485
47, -1.50709,  0.62024,  0.25015,  1.13950,  561.73502,  3148.45975
delay:
0.0
0.0
0.485
48, -1.51511,  0.62090,  0.25012,  1.13987,  561.73502,  2530.46991
delay:
0.0
0.0
0.485
49, -1.52957,  0.62037,  0.24988,  1.14084,  561.73502,  2516.27231
delay:
0.0
0.0
0.485
50, -1.59826,  0.61459,  0.25082,  1.01540,  561.73502,  10657.59110
delay:
0.0
0.0
0.485
51, -1.70401,  0.61221,  0.25095,  1.08315,  561.73502,  2292.89093
delay:
0.0
0.0
0.485
52, -1.68071,  0.61215,  0.25082,  1.09317,  561.73502,  2171.02149
delay:
0.0
0.0
0.485
53, -1.63132,  0.61366,  0.25057,  1.09989,  561.73502,  2030.94121
delay:
0.0
0.0
0.485
54, -1.58798,  0.61479,  0.25053,  1.10509,  561.73502,  1969.09654
delay:
0.0
0.0
0.485
55, -1.55049,  0.61583,  0.25041,  1.10959,  561.73502,  2029.44238
delay:
0.0
0.0
0.485
56, -1.52282,  0.61660,  0.25030,  1.11328,  561.73502,  1905.81904
delay:
0.0
0.0
0.485
57, -1.49618,  0.61660,  0.25043,  1.11631,  561.73502,  1901.27417
delay:
0.0
0.0
0.485
58, -1.48337,  0.61652,  0.25054,  1.11923,  561.73502,  1978.52732
delay:
0.0
0.0
0.485
59, -1.48552,  0.61660,  0.25029,  1.12178,  561.73502,  1847.13340
delay:
0.0
0.0
0.485
60, -1.46932,  0.61678,  0.25030,  1.12429,  561.73502,  1921.85662
delay:
0.0
0.0
0.485
61,  1.14512,  0.62353,  0.24912,  1.12667,  478.90814,  2484.88641
delay:
0.0
0.0
0.612
62,  1.14739,  0.62358,  0.24910,  1.12957,  368.27338,  2405.96434
delay:
0.0
0.0
0.573
63,  1.15023,  0.62361,  0.24912,  1.13197,  314.34081,  2349.00372
delay:
0.0
0.0
0.571
64,  1.15238,  0.62364,  0.24910,  1.13411,  300.00898,  2249.62065
delay:
0.0
0.0
0.521
65,  1.15339,  0.62355,  0.24907,  1.13626,  258.69591,  2411.79536
delay:
0.0
0.0
0.502
66,  1.15616,  0.62342,  0.24906,  1.13789,  340.07443,  2807.94561
delay:
0.0
0.0
0.482
67,  1.15706,  0.62363,  0.24904,  1.14002,  409.39182,  2693.52512
delay:
0.0
0.0
0.46
68,  1.15909,  0.62347,  0.24903,  1.14168,  430.00854,  2637.94046
delay:
0.0
0.0
0.435
69,  1.16091,  0.62343,  0.24901,  1.14310,  337.70748,  2461.81297
delay:
0.0
0.0
0.451
70,  1.16328,  0.62360,  0.24901,  1.14477,  333.41649,  2731.11634
delay:
0.0
0.0
0.384
71,  1.16389,  0.62353,  0.24902,  1.14596,  244.79828,  2181.53579
delay:
0.0
0.0
0.405
72,  1.16545,  0.62355,  0.24899,  1.14721,  238.51224,  2279.28249
delay:
0.0
0.0
0.389
73,  1.16619,  0.62354,  0.24898,  1.14802,  265.14551,  2259.96725
delay:
0.0
0.0
0.381
74,  1.16754,  0.62351,  0.24898,  1.14907,  233.78540,  2257.15378
delay:
0.0
0.0
0.36
75,  1.16721,  0.62356,  0.24900,  1.14998,  218.72275,  2256.87168
delay:
0.0
0.0
0.352
76,  1.16869,  0.62350,  0.24897,  1.15031,  256.43477,  2497.19539
delay:
0.0
0.0
0.367
77,  1.16859,  0.62356,  0.24898,  1.15059,  204.21496,  2575.35793
delay:
0.0
0.0
0.355
78,  1.16986,  0.62353,  0.24899,  1.15104,  205.61320,  2272.72627
delay:
0.0
0.0
0.359
79,  1.17001,  0.62353,  0.24898,  1.15143,  238.21574,  2286.89585
delay:
0.0
0.0
0.365
80,  1.17044,  0.62357,  0.24897,  1.15202,  220.90108,  2519.29174
delay:
0.0
0.0
0.353
81, -2.14692,  0.62010,  0.24991,  1.15199,  31.74419,  1969.88997
delay:
0.0
0.0
0.353
82, -2.16509,  0.62037,  0.24984,  1.15201,  31.74419,  1945.99160
delay:
0.0
0.0
0.353
83, -2.16167,  0.62000,  0.24985,  1.15229,  31.74419,  1879.52074
delay:
0.0
0.0
0.353
84, -2.15510,  0.62006,  0.25004,  1.15229,  31.74419,  1959.74654
delay:
0.0
0.0
0.353
85, -2.16659,  0.61968,  0.25004,  1.15248,  31.74419,  1987.99635
delay:
0.0
0.0
0.353
86, -2.16817,  0.61952,  0.24989,  1.15272,  31.74419,  1993.00598
delay:
0.0
0.0
0.353
87, -2.18260,  0.61973,  0.25006,  1.15269,  31.74419,  2036.83820
delay:
0.0
0.0
0.353
88, -2.17629,  0.61936,  0.24996,  1.15278,  31.74419,  1995.69564
delay:
0.0
0.0
0.353
89, -2.18069,  0.62002,  0.24981,  1.15296,  31.74419,  1921.35312
delay:
0.0
0.0
0.353
90, -2.18438,  0.61996,  0.25005,  1.15305,  31.74419,  2061.15017
delay:
0.0
0.0
0.353
91, -2.19866,  0.61959,  0.24993,  1.15331,  31.74419,  1882.41855
delay:
0.0
0.0
0.353
92, -2.20418,  0.61965,  0.24996,  1.15309,  31.74419,  1895.95285
delay:
0.0
0.0
0.353
93, -2.21085,  0.61957,  0.24986,  1.15315,  31.74419,  1916.25173
delay:
0.0
0.0
0.353
94, -2.20938,  0.61955,  0.24986,  1.15331,  31.74419,  2002.30718
delay:
0.0
0.0
0.353
95, -2.21016,  0.61935,  0.24986,  1.15339,  31.74419,  1865.12123
delay:
0.0
0.0
0.353
96, -2.21919,  0.61951,  0.24999,  1.15342,  31.74419,  1944.48540
delay:
0.0
0.0
0.353
97, -2.21769,  0.61935,  0.24989,  1.15351,  31.74419,  1872.66007
delay:
0.0
0.0
0.353
98, -2.21352,  0.61950,  0.25002,  1.15357,  31.74419,  1871.45863
delay:
0.0
0.0
0.353
99, -2.21801,  0.61955,  0.24991,  1.15353,  31.74419,  1927.29015
delay:
0.0
0.0
0.353
100, -1.60156,  0.62148,  0.24983,  0.93022,  31.74419,  28163.76975
delay:
0.0
0.0
0.353
