Namespace(data='data/toy_one/3dim_20000seq_64ev/', epoch=100, batch_size=128, d_model=16, d_rnn=8, d_inner_hid=32, d_k=16, d_v=16, n_head=1, n_layers=1, dropout=0.1, lr=0.001, smooth=0.1, log='data/toy_one/3dim_20000seq_64ev/100_20_input3_hidden16_softplus_batch128_grad.txt', num_events=64, lr_delay=0.001, n_hidden=16, n_input=3, device=device(type='cpu'))
Epoch, Log-likelihood-Test, Accuracy, RMSE, Log-likelihood-Train, Gradient_Masker, Gradient_THP
1,  0.45920,  0.61452,  0.36334,  0.02379,  0.00000,  5805.17249
delay:
0.0
0.0
0.0
2,  0.55039,  0.62136,  0.25758,  0.52838,  0.00000,  1193.51736
delay:
0.0
0.0
0.0
3,  0.57863,  0.62184,  0.26606,  0.56721,  0.00000,  714.29986
delay:
0.0
0.0
0.0
4,  0.60565,  0.62225,  0.27155,  0.59368,  0.00000,  629.50606
delay:
0.0
0.0
0.0
5,  0.62282,  0.62227,  0.26207,  0.61514,  0.00000,  633.81574
delay:
0.0
0.0
0.0
6,  0.63765,  0.62194,  0.25380,  0.62916,  0.00000,  708.50803
delay:
0.0
0.0
0.0
7,  0.66003,  0.62147,  0.25286,  0.64668,  0.00000,  754.15372
delay:
0.0
0.0
0.0
8,  0.68119,  0.62177,  0.25267,  0.66574,  0.00000,  1039.49442
delay:
0.0
0.0
0.0
9,  0.70666,  0.62156,  0.25268,  0.68615,  0.00000,  1214.54326
delay:
0.0
0.0
0.0
10,  0.74015,  0.62257,  0.25306,  0.71104,  0.00000,  1497.66466
delay:
0.0
0.0
0.0
11,  0.76867,  0.62263,  0.25250,  0.73874,  0.00000,  1619.67029
delay:
0.0
0.0
0.0
12,  0.79108,  0.62248,  0.25247,  0.76200,  0.00000,  1767.10332
delay:
0.0
0.0
0.0
13,  0.80777,  0.62218,  0.25292,  0.77889,  0.00000,  1775.64673
delay:
0.0
0.0
0.0
14,  0.82076,  0.62229,  0.25412,  0.79293,  0.00000,  2038.82721
delay:
0.0
0.0
0.0
15,  0.83612,  0.62242,  0.25467,  0.80567,  0.00000,  1903.42023
delay:
0.0
0.0
0.0
16,  0.84889,  0.62277,  0.25531,  0.81754,  0.00000,  1957.11378
delay:
0.0
0.0
0.0
17,  0.86120,  0.62273,  0.25569,  0.82895,  0.00000,  1886.39797
delay:
0.0
0.0
0.0
18,  0.87220,  0.62284,  0.25544,  0.83990,  0.00000,  2193.30082
delay:
0.0
0.0
0.0
19,  0.88453,  0.62317,  0.25481,  0.85052,  0.00000,  2012.29062
delay:
0.0
0.0
0.0
20,  0.89663,  0.62314,  0.25421,  0.86064,  0.00000,  2122.86599
delay:
0.0
0.0
0.0
21,  0.93895,  0.62284,  0.25196,  0.86408,  369.70756,  2162.40849
delay:
0.157
0.236
1.151
22,  0.99843,  0.62277,  0.25146,  0.93901,  608.93733,  2395.38013
delay:
0.119
0.192
0.996
23,  1.03387,  0.62333,  0.25143,  0.98685,  623.63901,  2839.99061
delay:
0.08
0.149
0.903
24,  1.05564,  0.62350,  0.25115,  1.01453,  509.08589,  2711.90063
delay:
0.061
0.128
0.835
25,  1.07043,  0.62383,  0.25095,  1.03282,  448.44015,  2889.54381
delay:
0.046
0.115
0.806
26,  1.08004,  0.62400,  0.25049,  1.04668,  494.42947,  3025.08984
delay:
0.04
0.093
0.834
27,  1.08965,  0.62367,  0.25032,  1.05781,  398.03400,  3248.10055
delay:
0.032
0.079
0.825
28,  1.09596,  0.62390,  0.24983,  1.06598,  429.36644,  4049.01833
delay:
0.029
0.068
0.806
29,  1.10254,  0.62397,  0.24967,  1.07345,  300.95453,  3556.27512
delay:
0.026
0.06
0.791
30,  1.10792,  0.62399,  0.24948,  1.08005,  293.21196,  3909.00779
delay:
0.022
0.05
0.809
31,  1.10908,  0.62402,  0.24932,  1.08423,  212.76079,  2792.20895
delay:
0.021
0.05
0.783
32,  1.11193,  0.62404,  0.24938,  1.08704,  182.91911,  2612.94206
delay:
0.02
0.044
0.814
33,  1.11430,  0.62403,  0.24922,  1.08926,  193.99801,  2677.97406
delay:
0.018
0.043
0.791
34,  1.11652,  0.62404,  0.24917,  1.09135,  203.21966,  3366.68444
delay:
0.017
0.04
0.79
35,  1.11707,  0.62395,  0.24912,  1.09403,  155.81468,  2901.21934
delay:
0.016
0.038
0.79
36,  1.12032,  0.62397,  0.24909,  1.09615,  166.42785,  2832.01101
delay:
0.014
0.036
0.803
37,  1.12164,  0.62372,  0.24902,  1.09772,  148.57672,  3020.87569
delay:
0.013
0.032
0.769
38,  1.12326,  0.62393,  0.24893,  1.10025,  140.70992,  2718.39640
delay:
0.012
0.03
0.774
39,  1.12497,  0.62392,  0.24895,  1.10182,  138.38135,  2447.87190
delay:
0.011
0.03
0.787
40,  1.12530,  0.62396,  0.24891,  1.10391,  119.79941,  2863.31667
delay:
0.01
0.026
0.779
41, -1.83171,  0.62365,  0.26238,  1.10543,  767.31825,  2763.25427
delay:
0.01
0.026
0.779
42, -1.83329,  0.62394,  0.25794,  1.10646,  767.31825,  2738.67625
delay:
0.01
0.026
0.779
43, -1.85044,  0.62387,  0.25892,  1.10707,  767.31825,  2580.48236
delay:
0.01
0.026
0.779
44, -1.85839,  0.62393,  0.25771,  1.10805,  767.31825,  2436.19105
delay:
0.01
0.026
0.779
45, -1.89860,  0.62385,  0.26179,  1.10881,  767.31825,  2237.69566
delay:
0.01
0.026
0.779
46, -1.89522,  0.62393,  0.26010,  1.10956,  767.31825,  2828.30750
delay:
0.01
0.026
0.779
47, -1.91310,  0.62376,  0.25916,  1.11067,  767.31825,  2341.03568
delay:
0.01
0.026
0.779
48, -1.93352,  0.62383,  0.26038,  1.11142,  767.31825,  2420.91904
delay:
0.01
0.026
0.779
49, -1.93457,  0.62391,  0.25857,  1.11243,  767.31825,  2257.52979
delay:
0.01
0.026
0.779
50, -1.77620,  0.62233,  0.25526,  0.92166,  767.31825,  17617.74058
delay:
0.01
0.026
0.779
51, -1.88543,  0.62254,  0.25610,  1.04387,  767.31825,  2759.74854
delay:
0.01
0.026
0.779
52, -1.92512,  0.62279,  0.25702,  1.06149,  767.31825,  2484.14293
delay:
0.01
0.026
0.779
53, -1.94316,  0.62297,  0.25795,  1.07318,  767.31825,  2220.82661
delay:
0.01
0.026
0.779
54, -1.95578,  0.62321,  0.25902,  1.08146,  767.31825,  2312.83852
delay:
0.01
0.026
0.779
55, -1.96222,  0.62329,  0.25778,  1.08720,  767.31825,  1946.49433
delay:
0.01
0.026
0.779
56, -1.96629,  0.62340,  0.25932,  1.09139,  767.31825,  1821.23488
delay:
0.01
0.026
0.779
57, -1.96839,  0.62348,  0.25848,  1.09504,  767.31825,  1819.82417
delay:
0.01
0.026
0.779
58, -1.97249,  0.62358,  0.26123,  1.09800,  767.31825,  1807.97275
delay:
0.01
0.026
0.779
59, -1.96891,  0.62382,  0.25936,  1.10021,  767.31825,  1806.35173
delay:
0.01
0.026
0.779
60, -1.96862,  0.62372,  0.25989,  1.10218,  767.31825,  1878.80340
delay:
0.01
0.026
0.779
61,  1.12021,  0.62375,  0.24884,  1.10459,  86.13622,  1790.71922
delay:
0.012
0.021
1.108
62,  1.12279,  0.62373,  0.24889,  1.10733,  72.59633,  1751.59327
delay:
0.013
0.018
1.056
63,  1.12437,  0.62393,  0.24882,  1.10899,  92.72337,  2124.58300
delay:
0.014
0.016
1.001
64,  1.12627,  0.62398,  0.24881,  1.11065,  93.99289,  2087.49795
delay:
0.015
0.014
0.966
65,  1.12807,  0.62399,  0.24880,  1.11225,  85.73496,  2386.77476
delay:
0.015
0.012
0.932
66,  1.12926,  0.62390,  0.24878,  1.11388,  78.70290,  2073.57671
delay:
0.015
0.011
0.911
67,  1.13108,  0.62398,  0.24877,  1.11521,  84.66453,  2415.74340
delay:
0.015
0.01
0.878
68,  1.13269,  0.62396,  0.24877,  1.11655,  78.38718,  2187.74694
delay:
0.014
0.009
0.873
69,  1.13385,  0.62379,  0.24875,  1.11776,  70.26223,  1887.90023
delay:
0.013
0.008
0.839
70,  1.13504,  0.62384,  0.24877,  1.11903,  93.30178,  2851.62899
delay:
0.012
0.008
0.82
71,  1.13631,  0.62390,  0.24877,  1.12015,  65.47718,  1996.23829
delay:
0.012
0.007
0.801
72,  1.13705,  0.62393,  0.24874,  1.12075,  61.53874,  1838.32191
delay:
0.012
0.007
0.775
73,  1.13811,  0.62386,  0.24875,  1.12172,  63.36552,  1898.71988
delay:
0.012
0.007
0.769
74,  1.13878,  0.62381,  0.24874,  1.12237,  67.19850,  2076.18633
delay:
0.011
0.006
0.746
75,  1.13963,  0.62387,  0.24874,  1.12307,  60.42766,  1985.25063
delay:
0.011
0.006
0.728
76,  1.14011,  0.62383,  0.24874,  1.12343,  58.43709,  2204.22921
delay:
0.01
0.006
0.738
77,  1.14041,  0.62390,  0.24875,  1.12407,  51.32675,  1896.62503
delay:
0.01
0.006
0.742
78,  1.14085,  0.62387,  0.24873,  1.12448,  54.51865,  2165.96512
delay:
0.009
0.005
0.746
79,  1.14103,  0.62384,  0.24871,  1.12488,  54.65606,  2127.54735
delay:
0.009
0.005
0.745
80,  1.14170,  0.62390,  0.24876,  1.12514,  46.32966,  1884.01982
delay:
0.008
0.005
0.749
81, -2.61874,  0.62370,  0.26016,  1.12556,  7.26094,  1524.49112
delay:
0.008
0.005
0.749
82, -2.62599,  0.62370,  0.26051,  1.12563,  7.26094,  1596.26324
delay:
0.008
0.005
0.749
83, -2.63037,  0.62369,  0.26011,  1.12569,  7.26094,  1487.45685
delay:
0.008
0.005
0.749
84, -2.63775,  0.62367,  0.25923,  1.12574,  7.26094,  1523.63714
delay:
0.008
0.005
0.749
85, -2.63704,  0.62364,  0.26031,  1.12595,  7.26094,  1530.23119
delay:
0.008
0.005
0.749
86, -2.64144,  0.62375,  0.25994,  1.12594,  7.26094,  1534.27693
delay:
0.008
0.005
0.749
87, -2.64734,  0.62368,  0.26073,  1.12604,  7.26094,  1619.89968
delay:
0.008
0.005
0.749
88, -2.64943,  0.62371,  0.26032,  1.12598,  7.26094,  1563.74863
delay:
0.008
0.005
0.749
89, -2.65116,  0.62372,  0.26070,  1.12607,  7.26094,  1456.88049
delay:
0.008
0.005
0.749
90, -2.65787,  0.62373,  0.25904,  1.12623,  7.26094,  1568.75653
delay:
0.008
0.005
0.749
91, -2.65970,  0.62375,  0.26110,  1.12653,  7.26094,  1444.07540
delay:
0.008
0.005
0.749
92, -2.66435,  0.62370,  0.25947,  1.12632,  7.26094,  1425.99691
delay:
0.008
0.005
0.749
93, -2.66677,  0.62369,  0.26088,  1.12651,  7.26094,  1434.60084
delay:
0.008
0.005
0.749
94, -2.67047,  0.62372,  0.25992,  1.12661,  7.26094,  1486.48565
delay:
0.008
0.005
0.749
95, -2.66968,  0.62368,  0.26039,  1.12669,  7.26094,  1489.36435
delay:
0.008
0.005
0.749
96, -2.67440,  0.62374,  0.25893,  1.12652,  7.26094,  1487.13823
delay:
0.008
0.005
0.749
97, -2.67966,  0.62368,  0.26034,  1.12679,  7.26094,  1531.21228
delay:
0.008
0.005
0.749
98, -2.68510,  0.62371,  0.25987,  1.12693,  7.26094,  1486.77731
delay:
0.008
0.005
0.749
99, -2.68919,  0.62370,  0.26022,  1.12704,  7.26094,  1484.08413
delay:
0.008
0.005
0.749
100, -2.16404,  0.62326,  0.25554,  0.77043,  7.26094,  51142.80383
delay:
0.008
0.005
0.749
