Namespace(batch_size=32, d_inner_hid=64, d_k=16, d_model=16, d_rnn=8, d_v=16, data='data/toy_one/3dim_20000seq_64ev/', device=device(type='cpu'), dropout=0.1, epoch=100, log='data/toy_one/3dim_20000seq_64ev/100_25_softplus_input3_hidden32.txt', lr=0.001, lr_delay=0.01, n_head=1, n_hidden=32, n_input=3, n_layers=1, num_events=64, smooth=0.1)
Epoch, Log-likelihood, Accuracy, RMSE, Gradient_Masker, Gradient_THP
1,  0.57270,  0.62215,  0.32907,  0.38457,  0.00000,  657.86451
delay:
[0. 0. 0.]
[0. 0. 0.]
[0. 0. 0.]
2,  0.63006,  0.62249,  0.26574,  0.60309,  0.00000,  243.14938
delay:
[0. 0. 0.]
[0. 0. 0.]
[0. 0. 0.]
3,  0.69027,  0.62298,  0.25132,  0.65935,  0.00000,  313.09699
delay:
[0. 0. 0.]
[0. 0. 0.]
[0. 0. 0.]
4,  0.76702,  0.62043,  0.25384,  0.71528,  0.00000,  609.91805
delay:
[0. 0. 0.]
[0. 0. 0.]
[0. 0. 0.]
5,  0.84048,  0.61983,  0.25380,  0.79298,  0.00000,  769.06846
delay:
[0. 0. 0.]
[0. 0. 0.]
[0. 0. 0.]
6,  0.89911,  0.61973,  0.25068,  0.85737,  0.00000,  1040.49948
delay:
[0. 0. 0.]
[0. 0. 0.]
[0. 0. 0.]
7,  0.94611,  0.62000,  0.24976,  0.90897,  0.00000,  1311.29110
delay:
[0. 0. 0.]
[0. 0. 0.]
[0. 0. 0.]
8,  0.98217,  0.61978,  0.24946,  0.95054,  0.00000,  1381.87267
delay:
[0. 0. 0.]
[0. 0. 0.]
[0. 0. 0.]
9,  1.01556,  0.62006,  0.24926,  0.98587,  0.00000,  1351.11501
delay:
[0. 0. 0.]
[0. 0. 0.]
[0. 0. 0.]
10,  1.04021,  0.62081,  0.24926,  1.01492,  0.00000,  1465.43045
delay:
[0. 0. 0.]
[0. 0. 0.]
[0. 0. 0.]
11,  1.05182,  0.62110,  0.24931,  1.03442,  0.00000,  1252.08898
delay:
[0. 0. 0.]
[0. 0. 0.]
[0. 0. 0.]
12,  1.06210,  0.62110,  0.24922,  1.04506,  0.00000,  1297.58896
delay:
[0. 0. 0.]
[0. 0. 0.]
[0. 0. 0.]
13,  1.07071,  0.62125,  0.24931,  1.05477,  0.00000,  1307.20889
delay:
[0. 0. 0.]
[0. 0. 0.]
[0. 0. 0.]
14,  1.07911,  0.62132,  0.24924,  1.06389,  0.00000,  1520.81990
delay:
[0. 0. 0.]
[0. 0. 0.]
[0. 0. 0.]
15,  1.08666,  0.62140,  0.24926,  1.07235,  0.00000,  1421.05185
delay:
[0. 0. 0.]
[0. 0. 0.]
[0. 0. 0.]
16,  1.09347,  0.62169,  0.24962,  1.07976,  0.00000,  1506.91980
delay:
[0. 0. 0.]
[0. 0. 0.]
[0. 0. 0.]
17,  1.09908,  0.62175,  0.24935,  1.08676,  0.00000,  1571.82398
delay:
[0. 0. 0.]
[0. 0. 0.]
[0. 0. 0.]
18,  1.10455,  0.62183,  0.24925,  1.09339,  0.00000,  1551.61888
delay:
[0. 0. 0.]
[0. 0. 0.]
[0. 0. 0.]
19,  1.11065,  0.62211,  0.24927,  1.09928,  0.00000,  1665.61100
delay:
[0. 0. 0.]
[0. 0. 0.]
[0. 0. 0.]
20,  1.11562,  0.62209,  0.24928,  1.10469,  0.00000,  1874.60179
delay:
[0. 0. 0.]
[0. 0. 0.]
[0. 0. 0.]
21,  1.11888,  0.62210,  0.24929,  1.10979,  0.00000,  1399.26618
delay:
[0. 0. 0.]
[0. 0. 0.]
[0. 0. 0.]
22,  1.12200,  0.62221,  0.24925,  1.11244,  0.00000,  1487.64654
delay:
[0. 0. 0.]
[0. 0. 0.]
[0. 0. 0.]
23,  1.12447,  0.62201,  0.24923,  1.11498,  0.00000,  1458.91643
delay:
[0. 0. 0.]
[0. 0. 0.]
[0. 0. 0.]
24,  1.12642,  0.62217,  0.24931,  1.11751,  0.00000,  1509.03165
delay:
[0. 0. 0.]
[0. 0. 0.]
[0. 0. 0.]
25,  1.12857,  0.62227,  0.24924,  1.11988,  0.00000,  1554.37049
delay:
[0. 0. 0.]
[0. 0. 0.]
[0. 0. 0.]
26,  1.03801,  0.62144,  0.24957,  1.08082,  27.04010,  1526.24515
delay:
[0.    0.    0.    0.    0.    0.    0.    0.    1.933]
[0.    0.    0.    0.    0.    0.    0.    0.    1.933]
[0.    0.    0.    0.    0.    0.    0.    0.    1.933]
[0.    0.    0.    0.    0.    0.    0.    0.    1.933]
[0.    0.    0.    0.    0.    0.    0.    0.    1.933]
[0.    0.    0.    0.    0.    0.    0.    0.    1.933]
[0.    0.    0.    0.    0.    0.    0.    0.    1.933]
[0.    0.    0.    0.    0.    0.    0.    0.    1.933]
[0.    0.    0.    0.    0.    0.    0.    0.    1.933]
[0.    0.    0.    0.    0.    0.    0.    0.    1.933]
[0.    0.    0.    0.    0.    0.    0.    0.    1.933]
[0.    0.    0.    0.    0.    0.    0.    0.    1.933]
[0.    0.    0.    0.    0.    0.    0.    0.    1.933]
[0.    0.    0.    0.    0.    0.    0.    0.    1.933]
[0.    0.    0.    0.    0.    0.    0.    0.    1.933]
[0.    0.    0.    0.    0.    0.    0.    0.    1.933]
[0.    0.    0.    0.    0.    0.    0.    0.    1.933]
[0.    0.    0.    0.    0.    0.    0.    0.    1.933]
[0.    0.    0.    0.    0.    0.    0.    0.    1.933]
[0.    0.    0.    0.    0.    0.    0.    0.    1.933]
[0.    0.    0.    0.    0.    0.    0.    0.    1.933]
[0.    0.    0.    0.    0.    0.    0.    0.    1.933]
[0.    0.    0.    0.    0.    0.    0.    0.    1.933]
[0.    0.    0.    0.    0.    0.    0.    0.    1.933]
[0.    0.    0.    0.    0.    0.    0.    0.    1.933]
[0.    0.    0.    0.    0.    0.    0.    0.    1.933]
[0.    0.    0.    0.    0.    0.    0.    0.    1.933]
[0.    0.    0.    0.    0.    0.    0.    0.    1.933]
[0.    0.    0.    0.    0.    0.    0.    0.    1.933]
[0.    0.    0.    0.    0.    0.    0.    0.    1.933]
[0.    0.    0.    0.    0.    0.    0.    0.    1.933]
[0.    0.    0.    0.    0.    0.    0.    0.    1.933]
27,  1.04520,  0.62099,  0.24965,  1.10644,  10.25412,  1144.44506
delay:
[0.    0.    0.    0.    0.    0.    0.    0.    2.321]
[0.    0.    0.    0.    0.    0.    0.    0.    2.321]
[0.    0.    0.    0.    0.    0.    0.    0.    2.321]
[0.    0.    0.    0.    0.    0.    0.    0.    2.321]
[0.    0.    0.    0.    0.    0.    0.    0.    2.321]
[0.    0.    0.    0.    0.    0.    0.    0.    2.321]
[0.    0.    0.    0.    0.    0.    0.    0.    2.321]
[0.    0.    0.    0.    0.    0.    0.    0.    2.321]
[0.    0.    0.    0.    0.    0.    0.    0.    2.321]
[0.    0.    0.    0.    0.    0.    0.    0.    2.321]
[0.    0.    0.    0.    0.    0.    0.    0.    2.321]
[0.    0.    0.    0.    0.    0.    0.    0.    2.321]
[0.    0.    0.    0.    0.    0.    0.    0.    2.321]
[0.    0.    0.    0.    0.    0.    0.    0.    2.321]
[0.    0.    0.    0.    0.    0.    0.    0.    2.321]
[0.    0.    0.    0.    0.    0.    0.    0.    2.321]
[0.    0.    0.    0.    0.    0.    0.    0.    2.321]
[0.    0.    0.    0.    0.    0.    0.    0.    2.321]
[0.    0.    0.    0.    0.    0.    0.    0.    2.321]
[0.    0.    0.    0.    0.    0.    0.    0.    2.321]
[0.    0.    0.    0.    0.    0.    0.    0.    2.321]
[0.    0.    0.    0.    0.    0.    0.    0.    2.321]
[0.    0.    0.    0.    0.    0.    0.    0.    2.321]
[0.    0.    0.    0.    0.    0.    0.    0.    2.321]
[0.    0.    0.    0.    0.    0.    0.    0.    2.321]
[0.    0.    0.    0.    0.    0.    0.    0.    2.321]
[0.    0.    0.    0.    0.    0.    0.    0.    2.321]
[0.    0.    0.    0.    0.    0.    0.    0.    2.321]
[0.    0.    0.    0.    0.    0.    0.    0.    2.321]
[0.    0.    0.    0.    0.    0.    0.    0.    2.321]
[0.    0.    0.    0.    0.    0.    0.    0.    2.321]
[0.    0.    0.    0.    0.    0.    0.    0.    2.321]
28,  1.05328,  0.62134,  0.24953,  1.11233,  11.45596,  1197.81969
delay:
[0.    0.    0.    0.    0.    0.    0.    0.    2.123]
[0.    0.    0.    0.    0.    0.    0.    0.    2.123]
[0.    0.    0.    0.    0.    0.    0.    0.    2.123]
[0.    0.    0.    0.    0.    0.    0.    0.    2.123]
[0.    0.    0.    0.    0.    0.    0.    0.    2.123]
[0.    0.    0.    0.    0.    0.    0.    0.    2.123]
[0.    0.    0.    0.    0.    0.    0.    0.    2.123]
[0.    0.    0.    0.    0.    0.    0.    0.    2.123]
[0.    0.    0.    0.    0.    0.    0.    0.    2.123]
[0.    0.    0.    0.    0.    0.    0.    0.    2.123]
[0.    0.    0.    0.    0.    0.    0.    0.    2.123]
[0.    0.    0.    0.    0.    0.    0.    0.    2.123]
[0.    0.    0.    0.    0.    0.    0.    0.    2.123]
[0.    0.    0.    0.    0.    0.    0.    0.    2.123]
[0.    0.    0.    0.    0.    0.    0.    0.    2.123]
[0.    0.    0.    0.    0.    0.    0.    0.    2.123]
[0.    0.    0.    0.    0.    0.    0.    0.    2.123]
[0.    0.    0.    0.    0.    0.    0.    0.    2.123]
[0.    0.    0.    0.    0.    0.    0.    0.    2.123]
[0.    0.    0.    0.    0.    0.    0.    0.    2.123]
[0.    0.    0.    0.    0.    0.    0.    0.    2.123]
[0.    0.    0.    0.    0.    0.    0.    0.    2.123]
[0.    0.    0.    0.    0.    0.    0.    0.    2.123]
[0.    0.    0.    0.    0.    0.    0.    0.    2.123]
[0.    0.    0.    0.    0.    0.    0.    0.    2.123]
[0.    0.    0.    0.    0.    0.    0.    0.    2.123]
[0.    0.    0.    0.    0.    0.    0.    0.    2.123]
[0.    0.    0.    0.    0.    0.    0.    0.    2.123]
[0.    0.    0.    0.    0.    0.    0.    0.    2.123]
[0.    0.    0.    0.    0.    0.    0.    0.    2.123]
[0.    0.    0.    0.    0.    0.    0.    0.    2.123]
[0.    0.    0.    0.    0.    0.    0.    0.    2.123]
29,  1.05688,  0.62074,  0.24964,  1.11671,  12.14284,  1304.41791
delay:
[0.    0.    0.    0.    0.    0.    0.    0.    0.974]
[0.    0.    0.    0.    0.    0.    0.    0.    0.974]
[0.    0.    0.    0.    0.    0.    0.    0.    0.974]
[0.    0.    0.    0.    0.    0.    0.    0.    0.974]
[0.    0.    0.    0.    0.    0.    0.    0.    0.974]
[0.    0.    0.    0.    0.    0.    0.    0.    0.974]
[0.    0.    0.    0.    0.    0.    0.    0.    0.974]
[0.    0.    0.    0.    0.    0.    0.    0.    0.974]
[0.    0.    0.    0.    0.    0.    0.    0.    0.974]
[0.    0.    0.    0.    0.    0.    0.    0.    0.974]
[0.    0.    0.    0.    0.    0.    0.    0.    0.974]
[0.    0.    0.    0.    0.    0.    0.    0.    0.974]
[0.    0.    0.    0.    0.    0.    0.    0.    0.974]
[0.    0.    0.    0.    0.    0.    0.    0.    0.974]
[0.    0.    0.    0.    0.    0.    0.    0.    0.974]
[0.    0.    0.    0.    0.    0.    0.    0.    0.974]
[0.    0.    0.    0.    0.    0.    0.    0.    0.974]
[0.    0.    0.    0.    0.    0.    0.    0.    0.974]
[0.    0.    0.    0.    0.    0.    0.    0.    0.974]
[0.    0.    0.    0.    0.    0.    0.    0.    0.974]
[0.    0.    0.    0.    0.    0.    0.    0.    0.974]
[0.    0.    0.    0.    0.    0.    0.    0.    0.974]
[0.    0.    0.    0.    0.    0.    0.    0.    0.974]
[0.    0.    0.    0.    0.    0.    0.    0.    0.974]
[0.    0.    0.    0.    0.    0.    0.    0.    0.974]
[0.    0.    0.    0.    0.    0.    0.    0.    0.974]
[0.    0.    0.    0.    0.    0.    0.    0.    0.974]
[0.    0.    0.    0.    0.    0.    0.    0.    0.974]
[0.    0.    0.    0.    0.    0.    0.    0.    0.974]
[0.    0.    0.    0.    0.    0.    0.    0.    0.974]
[0.    0.    0.    0.    0.    0.    0.    0.    0.974]
[0.    0.    0.    0.    0.    0.    0.    0.    0.974]
30,  1.11881,  0.62199,  0.24957,  1.12485,  101.73063,  1542.79718
delay:
[0.    0.    0.    0.    0.    0.    0.    0.    0.008]
[0.    0.    0.    0.    0.    0.    0.    0.    0.008]
[0.    0.    0.    0.    0.    0.    0.    0.    0.008]
[0.    0.    0.    0.    0.    0.    0.    0.    0.008]
[0.    0.    0.    0.    0.    0.    0.    0.    0.008]
[0.    0.    0.    0.    0.    0.    0.    0.    0.008]
[0.    0.    0.    0.    0.    0.    0.    0.    0.008]
[0.    0.    0.    0.    0.    0.    0.    0.    0.008]
[0.    0.    0.    0.    0.    0.    0.    0.    0.008]
[0.    0.    0.    0.    0.    0.    0.    0.    0.008]
[0.    0.    0.    0.    0.    0.    0.    0.    0.008]
[0.    0.    0.    0.    0.    0.    0.    0.    0.008]
[0.    0.    0.    0.    0.    0.    0.    0.    0.008]
[0.    0.    0.    0.    0.    0.    0.    0.    0.008]
[0.    0.    0.    0.    0.    0.    0.    0.    0.008]
[0.    0.    0.    0.    0.    0.    0.    0.    0.008]
[0.    0.    0.    0.    0.    0.    0.    0.    0.008]
[0.    0.    0.    0.    0.    0.    0.    0.    0.008]
[0.    0.    0.    0.    0.    0.    0.    0.    0.008]
[0.    0.    0.    0.    0.    0.    0.    0.    0.008]
[0.    0.    0.    0.    0.    0.    0.    0.    0.008]
[0.    0.    0.    0.    0.    0.    0.    0.    0.008]
[0.    0.    0.    0.    0.    0.    0.    0.    0.008]
[0.    0.    0.    0.    0.    0.    0.    0.    0.008]
[0.    0.    0.    0.    0.    0.    0.    0.    0.008]
[0.    0.    0.    0.    0.    0.    0.    0.    0.008]
[0.    0.    0.    0.    0.    0.    0.    0.    0.008]
[0.    0.    0.    0.    0.    0.    0.    0.    0.008]
[0.    0.    0.    0.    0.    0.    0.    0.    0.008]
[0.    0.    0.    0.    0.    0.    0.    0.    0.008]
[0.    0.    0.    0.    0.    0.    0.    0.    0.008]
[0.    0.    0.    0.    0.    0.    0.    0.    0.008]
31,  1.11457,  0.62110,  0.24966,  1.12956,  6.35924,  1316.96435
delay:
[0.    0.    0.    0.    0.    0.    0.    0.    0.003]
[0.    0.    0.    0.    0.    0.    0.    0.    0.003]
[0.    0.    0.    0.    0.    0.    0.    0.    0.003]
[0.    0.    0.    0.    0.    0.    0.    0.    0.003]
[0.    0.    0.    0.    0.    0.    0.    0.    0.003]
[0.    0.    0.    0.    0.    0.    0.    0.    0.003]
[0.    0.    0.    0.    0.    0.    0.    0.    0.003]
[0.    0.    0.    0.    0.    0.    0.    0.    0.003]
[0.    0.    0.    0.    0.    0.    0.    0.    0.003]
[0.    0.    0.    0.    0.    0.    0.    0.    0.003]
[0.    0.    0.    0.    0.    0.    0.    0.    0.003]
[0.    0.    0.    0.    0.    0.    0.    0.    0.003]
[0.    0.    0.    0.    0.    0.    0.    0.    0.003]
[0.    0.    0.    0.    0.    0.    0.    0.    0.003]
[0.    0.    0.    0.    0.    0.    0.    0.    0.003]
[0.    0.    0.    0.    0.    0.    0.    0.    0.003]
[0.    0.    0.    0.    0.    0.    0.    0.    0.003]
[0.    0.    0.    0.    0.    0.    0.    0.    0.003]
[0.    0.    0.    0.    0.    0.    0.    0.    0.003]
[0.    0.    0.    0.    0.    0.    0.    0.    0.003]
[0.    0.    0.    0.    0.    0.    0.    0.    0.003]
[0.    0.    0.    0.    0.    0.    0.    0.    0.003]
[0.    0.    0.    0.    0.    0.    0.    0.    0.003]
[0.    0.    0.    0.    0.    0.    0.    0.    0.003]
[0.    0.    0.    0.    0.    0.    0.    0.    0.003]
[0.    0.    0.    0.    0.    0.    0.    0.    0.003]
[0.    0.    0.    0.    0.    0.    0.    0.    0.003]
[0.    0.    0.    0.    0.    0.    0.    0.    0.003]
[0.    0.    0.    0.    0.    0.    0.    0.    0.003]
[0.    0.    0.    0.    0.    0.    0.    0.    0.003]
[0.    0.    0.    0.    0.    0.    0.    0.    0.003]
[0.    0.    0.    0.    0.    0.    0.    0.    0.003]
32,  1.11206,  0.62175,  0.24958,  1.13182,  2.40221,  1298.77500
delay:
[0.    0.    0.    0.    0.    0.    0.    0.    0.001]
[0.    0.    0.    0.    0.    0.    0.    0.    0.001]
[0.    0.    0.    0.    0.    0.    0.    0.    0.001]
[0.    0.    0.    0.    0.    0.    0.    0.    0.001]
[0.    0.    0.    0.    0.    0.    0.    0.    0.001]
[0.    0.    0.    0.    0.    0.    0.    0.    0.001]
[0.    0.    0.    0.    0.    0.    0.    0.    0.001]
[0.    0.    0.    0.    0.    0.    0.    0.    0.001]
[0.    0.    0.    0.    0.    0.    0.    0.    0.001]
[0.    0.    0.    0.    0.    0.    0.    0.    0.001]
[0.    0.    0.    0.    0.    0.    0.    0.    0.001]
[0.    0.    0.    0.    0.    0.    0.    0.    0.001]
[0.    0.    0.    0.    0.    0.    0.    0.    0.001]
[0.    0.    0.    0.    0.    0.    0.    0.    0.001]
[0.    0.    0.    0.    0.    0.    0.    0.    0.001]
[0.    0.    0.    0.    0.    0.    0.    0.    0.001]
[0.    0.    0.    0.    0.    0.    0.    0.    0.001]
[0.    0.    0.    0.    0.    0.    0.    0.    0.001]
[0.    0.    0.    0.    0.    0.    0.    0.    0.001]
[0.    0.    0.    0.    0.    0.    0.    0.    0.001]
[0.    0.    0.    0.    0.    0.    0.    0.    0.001]
[0.    0.    0.    0.    0.    0.    0.    0.    0.001]
[0.    0.    0.    0.    0.    0.    0.    0.    0.001]
[0.    0.    0.    0.    0.    0.    0.    0.    0.001]
[0.    0.    0.    0.    0.    0.    0.    0.    0.001]
[0.    0.    0.    0.    0.    0.    0.    0.    0.001]
[0.    0.    0.    0.    0.    0.    0.    0.    0.001]
[0.    0.    0.    0.    0.    0.    0.    0.    0.001]
[0.    0.    0.    0.    0.    0.    0.    0.    0.001]
[0.    0.    0.    0.    0.    0.    0.    0.    0.001]
[0.    0.    0.    0.    0.    0.    0.    0.    0.001]
[0.    0.    0.    0.    0.    0.    0.    0.    0.001]
33,  1.11133,  0.62150,  0.24961,  1.13350,  1.48025,  1349.14905
delay:
[0.    0.    0.    0.    0.    0.    0.    0.    0.001]
[0.    0.    0.    0.    0.    0.    0.    0.    0.001]
[0.    0.    0.    0.    0.    0.    0.    0.    0.001]
[0.    0.    0.    0.    0.    0.    0.    0.    0.001]
[0.    0.    0.    0.    0.    0.    0.    0.    0.001]
[0.    0.    0.    0.    0.    0.    0.    0.    0.001]
[0.    0.    0.    0.    0.    0.    0.    0.    0.001]
[0.    0.    0.    0.    0.    0.    0.    0.    0.001]
[0.    0.    0.    0.    0.    0.    0.    0.    0.001]
[0.    0.    0.    0.    0.    0.    0.    0.    0.001]
[0.    0.    0.    0.    0.    0.    0.    0.    0.001]
[0.    0.    0.    0.    0.    0.    0.    0.    0.001]
[0.    0.    0.    0.    0.    0.    0.    0.    0.001]
[0.    0.    0.    0.    0.    0.    0.    0.    0.001]
[0.    0.    0.    0.    0.    0.    0.    0.    0.001]
[0.    0.    0.    0.    0.    0.    0.    0.    0.001]
[0.    0.    0.    0.    0.    0.    0.    0.    0.001]
[0.    0.    0.    0.    0.    0.    0.    0.    0.001]
[0.    0.    0.    0.    0.    0.    0.    0.    0.001]
[0.    0.    0.    0.    0.    0.    0.    0.    0.001]
[0.    0.    0.    0.    0.    0.    0.    0.    0.001]
[0.    0.    0.    0.    0.    0.    0.    0.    0.001]
[0.    0.    0.    0.    0.    0.    0.    0.    0.001]
[0.    0.    0.    0.    0.    0.    0.    0.    0.001]
[0.    0.    0.    0.    0.    0.    0.    0.    0.001]
[0.    0.    0.    0.    0.    0.    0.    0.    0.001]
[0.    0.    0.    0.    0.    0.    0.    0.    0.001]
[0.    0.    0.    0.    0.    0.    0.    0.    0.001]
[0.    0.    0.    0.    0.    0.    0.    0.    0.001]
[0.    0.    0.    0.    0.    0.    0.    0.    0.001]
[0.    0.    0.    0.    0.    0.    0.    0.    0.001]
[0.    0.    0.    0.    0.    0.    0.    0.    0.001]
34,  1.10976,  0.62119,  0.24965,  1.13521,  0.77244,  1306.89425
delay:
[0. 0. 0. 0. 0. 0. 0. 0. 0.]
[0. 0. 0. 0. 0. 0. 0. 0. 0.]
[0. 0. 0. 0. 0. 0. 0. 0. 0.]
[0. 0. 0. 0. 0. 0. 0. 0. 0.]
[0. 0. 0. 0. 0. 0. 0. 0. 0.]
[0. 0. 0. 0. 0. 0. 0. 0. 0.]
[0. 0. 0. 0. 0. 0. 0. 0. 0.]
[0. 0. 0. 0. 0. 0. 0. 0. 0.]
[0. 0. 0. 0. 0. 0. 0. 0. 0.]
[0. 0. 0. 0. 0. 0. 0. 0. 0.]
[0. 0. 0. 0. 0. 0. 0. 0. 0.]
[0. 0. 0. 0. 0. 0. 0. 0. 0.]
[0. 0. 0. 0. 0. 0. 0. 0. 0.]
[0. 0. 0. 0. 0. 0. 0. 0. 0.]
[0. 0. 0. 0. 0. 0. 0. 0. 0.]
[0. 0. 0. 0. 0. 0. 0. 0. 0.]
[0. 0. 0. 0. 0. 0. 0. 0. 0.]
[0. 0. 0. 0. 0. 0. 0. 0. 0.]
[0. 0. 0. 0. 0. 0. 0. 0. 0.]
[0. 0. 0. 0. 0. 0. 0. 0. 0.]
[0. 0. 0. 0. 0. 0. 0. 0. 0.]
[0. 0. 0. 0. 0. 0. 0. 0. 0.]
[0. 0. 0. 0. 0. 0. 0. 0. 0.]
[0. 0. 0. 0. 0. 0. 0. 0. 0.]
[0. 0. 0. 0. 0. 0. 0. 0. 0.]
[0. 0. 0. 0. 0. 0. 0. 0. 0.]
[0. 0. 0. 0. 0. 0. 0. 0. 0.]
[0. 0. 0. 0. 0. 0. 0. 0. 0.]
[0. 0. 0. 0. 0. 0. 0. 0. 0.]
[0. 0. 0. 0. 0. 0. 0. 0. 0.]
[0. 0. 0. 0. 0. 0. 0. 0. 0.]
[0. 0. 0. 0. 0. 0. 0. 0. 0.]
35,  1.10317,  0.62162,  0.24965,  1.13684,  0.48385,  1292.51798
delay:
[0. 0. 0. 0. 0. 0. 0. 0. 0.]
[0. 0. 0. 0. 0. 0. 0. 0. 0.]
[0. 0. 0. 0. 0. 0. 0. 0. 0.]
[0. 0. 0. 0. 0. 0. 0. 0. 0.]
[0. 0. 0. 0. 0. 0. 0. 0. 0.]
[0. 0. 0. 0. 0. 0. 0. 0. 0.]
[0. 0. 0. 0. 0. 0. 0. 0. 0.]
[0. 0. 0. 0. 0. 0. 0. 0. 0.]
[0. 0. 0. 0. 0. 0. 0. 0. 0.]
[0. 0. 0. 0. 0. 0. 0. 0. 0.]
[0. 0. 0. 0. 0. 0. 0. 0. 0.]
[0. 0. 0. 0. 0. 0. 0. 0. 0.]
[0. 0. 0. 0. 0. 0. 0. 0. 0.]
[0. 0. 0. 0. 0. 0. 0. 0. 0.]
[0. 0. 0. 0. 0. 0. 0. 0. 0.]
[0. 0. 0. 0. 0. 0. 0. 0. 0.]
[0. 0. 0. 0. 0. 0. 0. 0. 0.]
[0. 0. 0. 0. 0. 0. 0. 0. 0.]
[0. 0. 0. 0. 0. 0. 0. 0. 0.]
[0. 0. 0. 0. 0. 0. 0. 0. 0.]
[0. 0. 0. 0. 0. 0. 0. 0. 0.]
[0. 0. 0. 0. 0. 0. 0. 0. 0.]
[0. 0. 0. 0. 0. 0. 0. 0. 0.]
[0. 0. 0. 0. 0. 0. 0. 0. 0.]
[0. 0. 0. 0. 0. 0. 0. 0. 0.]
[0. 0. 0. 0. 0. 0. 0. 0. 0.]
[0. 0. 0. 0. 0. 0. 0. 0. 0.]
[0. 0. 0. 0. 0. 0. 0. 0. 0.]
[0. 0. 0. 0. 0. 0. 0. 0. 0.]
[0. 0. 0. 0. 0. 0. 0. 0. 0.]
[0. 0. 0. 0. 0. 0. 0. 0. 0.]
[0. 0. 0. 0. 0. 0. 0. 0. 0.]
36,  1.10116,  0.62079,  0.24967,  1.13842,  0.37477,  1372.17181
delay:
[0. 0. 0. 0. 0. 0. 0. 0. 0.]
[0. 0. 0. 0. 0. 0. 0. 0. 0.]
[0. 0. 0. 0. 0. 0. 0. 0. 0.]
[0. 0. 0. 0. 0. 0. 0. 0. 0.]
[0. 0. 0. 0. 0. 0. 0. 0. 0.]
[0. 0. 0. 0. 0. 0. 0. 0. 0.]
[0. 0. 0. 0. 0. 0. 0. 0. 0.]
[0. 0. 0. 0. 0. 0. 0. 0. 0.]
[0. 0. 0. 0. 0. 0. 0. 0. 0.]
[0. 0. 0. 0. 0. 0. 0. 0. 0.]
[0. 0. 0. 0. 0. 0. 0. 0. 0.]
[0. 0. 0. 0. 0. 0. 0. 0. 0.]
[0. 0. 0. 0. 0. 0. 0. 0. 0.]
[0. 0. 0. 0. 0. 0. 0. 0. 0.]
[0. 0. 0. 0. 0. 0. 0. 0. 0.]
[0. 0. 0. 0. 0. 0. 0. 0. 0.]
[0. 0. 0. 0. 0. 0. 0. 0. 0.]
[0. 0. 0. 0. 0. 0. 0. 0. 0.]
[0. 0. 0. 0. 0. 0. 0. 0. 0.]
[0. 0. 0. 0. 0. 0. 0. 0. 0.]
[0. 0. 0. 0. 0. 0. 0. 0. 0.]
[0. 0. 0. 0. 0. 0. 0. 0. 0.]
[0. 0. 0. 0. 0. 0. 0. 0. 0.]
[0. 0. 0. 0. 0. 0. 0. 0. 0.]
[0. 0. 0. 0. 0. 0. 0. 0. 0.]
[0. 0. 0. 0. 0. 0. 0. 0. 0.]
[0. 0. 0. 0. 0. 0. 0. 0. 0.]
[0. 0. 0. 0. 0. 0. 0. 0. 0.]
[0. 0. 0. 0. 0. 0. 0. 0. 0.]
[0. 0. 0. 0. 0. 0. 0. 0. 0.]
[0. 0. 0. 0. 0. 0. 0. 0. 0.]
[0. 0. 0. 0. 0. 0. 0. 0. 0.]
37,  1.09243,  0.62132,  0.24971,  1.14003,  0.23322,  1296.88079
delay:
[0. 0. 0. 0. 0. 0. 0. 0. 0.]
[0. 0. 0. 0. 0. 0. 0. 0. 0.]
[0. 0. 0. 0. 0. 0. 0. 0. 0.]
[0. 0. 0. 0. 0. 0. 0. 0. 0.]
[0. 0. 0. 0. 0. 0. 0. 0. 0.]
[0. 0. 0. 0. 0. 0. 0. 0. 0.]
[0. 0. 0. 0. 0. 0. 0. 0. 0.]
[0. 0. 0. 0. 0. 0. 0. 0. 0.]
[0. 0. 0. 0. 0. 0. 0. 0. 0.]
[0. 0. 0. 0. 0. 0. 0. 0. 0.]
[0. 0. 0. 0. 0. 0. 0. 0. 0.]
[0. 0. 0. 0. 0. 0. 0. 0. 0.]
[0. 0. 0. 0. 0. 0. 0. 0. 0.]
[0. 0. 0. 0. 0. 0. 0. 0. 0.]
[0. 0. 0. 0. 0. 0. 0. 0. 0.]
[0. 0. 0. 0. 0. 0. 0. 0. 0.]
[0. 0. 0. 0. 0. 0. 0. 0. 0.]
[0. 0. 0. 0. 0. 0. 0. 0. 0.]
[0. 0. 0. 0. 0. 0. 0. 0. 0.]
[0. 0. 0. 0. 0. 0. 0. 0. 0.]
[0. 0. 0. 0. 0. 0. 0. 0. 0.]
[0. 0. 0. 0. 0. 0. 0. 0. 0.]
[0. 0. 0. 0. 0. 0. 0. 0. 0.]
[0. 0. 0. 0. 0. 0. 0. 0. 0.]
[0. 0. 0. 0. 0. 0. 0. 0. 0.]
[0. 0. 0. 0. 0. 0. 0. 0. 0.]
[0. 0. 0. 0. 0. 0. 0. 0. 0.]
[0. 0. 0. 0. 0. 0. 0. 0. 0.]
[0. 0. 0. 0. 0. 0. 0. 0. 0.]
[0. 0. 0. 0. 0. 0. 0. 0. 0.]
[0. 0. 0. 0. 0. 0. 0. 0. 0.]
[0. 0. 0. 0. 0. 0. 0. 0. 0.]
38,  1.08956,  0.62081,  0.24973,  1.14142,  0.16802,  1310.25743
delay:
[0. 0. 0. 0. 0. 0. 0. 0. 0.]
[0. 0. 0. 0. 0. 0. 0. 0. 0.]
[0. 0. 0. 0. 0. 0. 0. 0. 0.]
[0. 0. 0. 0. 0. 0. 0. 0. 0.]
[0. 0. 0. 0. 0. 0. 0. 0. 0.]
[0. 0. 0. 0. 0. 0. 0. 0. 0.]
[0. 0. 0. 0. 0. 0. 0. 0. 0.]
[0. 0. 0. 0. 0. 0. 0. 0. 0.]
[0. 0. 0. 0. 0. 0. 0. 0. 0.]
[0. 0. 0. 0. 0. 0. 0. 0. 0.]
[0. 0. 0. 0. 0. 0. 0. 0. 0.]
[0. 0. 0. 0. 0. 0. 0. 0. 0.]
[0. 0. 0. 0. 0. 0. 0. 0. 0.]
[0. 0. 0. 0. 0. 0. 0. 0. 0.]
[0. 0. 0. 0. 0. 0. 0. 0. 0.]
[0. 0. 0. 0. 0. 0. 0. 0. 0.]
[0. 0. 0. 0. 0. 0. 0. 0. 0.]
[0. 0. 0. 0. 0. 0. 0. 0. 0.]
[0. 0. 0. 0. 0. 0. 0. 0. 0.]
[0. 0. 0. 0. 0. 0. 0. 0. 0.]
[0. 0. 0. 0. 0. 0. 0. 0. 0.]
[0. 0. 0. 0. 0. 0. 0. 0. 0.]
[0. 0. 0. 0. 0. 0. 0. 0. 0.]
[0. 0. 0. 0. 0. 0. 0. 0. 0.]
[0. 0. 0. 0. 0. 0. 0. 0. 0.]
[0. 0. 0. 0. 0. 0. 0. 0. 0.]
[0. 0. 0. 0. 0. 0. 0. 0. 0.]
[0. 0. 0. 0. 0. 0. 0. 0. 0.]
[0. 0. 0. 0. 0. 0. 0. 0. 0.]
[0. 0. 0. 0. 0. 0. 0. 0. 0.]
[0. 0. 0. 0. 0. 0. 0. 0. 0.]
[0. 0. 0. 0. 0. 0. 0. 0. 0.]
39,  1.08663,  0.62032,  0.24980,  1.14323,  0.13279,  1307.99812
delay:
[0. 0. 0. 0. 0. 0. 0. 0. 0.]
[0. 0. 0. 0. 0. 0. 0. 0. 0.]
[0. 0. 0. 0. 0. 0. 0. 0. 0.]
[0. 0. 0. 0. 0. 0. 0. 0. 0.]
[0. 0. 0. 0. 0. 0. 0. 0. 0.]
[0. 0. 0. 0. 0. 0. 0. 0. 0.]
[0. 0. 0. 0. 0. 0. 0. 0. 0.]
[0. 0. 0. 0. 0. 0. 0. 0. 0.]
[0. 0. 0. 0. 0. 0. 0. 0. 0.]
[0. 0. 0. 0. 0. 0. 0. 0. 0.]
[0. 0. 0. 0. 0. 0. 0. 0. 0.]
[0. 0. 0. 0. 0. 0. 0. 0. 0.]
[0. 0. 0. 0. 0. 0. 0. 0. 0.]
[0. 0. 0. 0. 0. 0. 0. 0. 0.]
[0. 0. 0. 0. 0. 0. 0. 0. 0.]
[0. 0. 0. 0. 0. 0. 0. 0. 0.]
[0. 0. 0. 0. 0. 0. 0. 0. 0.]
[0. 0. 0. 0. 0. 0. 0. 0. 0.]
[0. 0. 0. 0. 0. 0. 0. 0. 0.]
[0. 0. 0. 0. 0. 0. 0. 0. 0.]
[0. 0. 0. 0. 0. 0. 0. 0. 0.]
[0. 0. 0. 0. 0. 0. 0. 0. 0.]
[0. 0. 0. 0. 0. 0. 0. 0. 0.]
[0. 0. 0. 0. 0. 0. 0. 0. 0.]
[0. 0. 0. 0. 0. 0. 0. 0. 0.]
[0. 0. 0. 0. 0. 0. 0. 0. 0.]
[0. 0. 0. 0. 0. 0. 0. 0. 0.]
[0. 0. 0. 0. 0. 0. 0. 0. 0.]
[0. 0. 0. 0. 0. 0. 0. 0. 0.]
[0. 0. 0. 0. 0. 0. 0. 0. 0.]
[0. 0. 0. 0. 0. 0. 0. 0. 0.]
[0. 0. 0. 0. 0. 0. 0. 0. 0.]
40,  1.08128,  0.62029,  0.24985,  1.14456,  0.12552,  1340.34191
delay:
[0. 0. 0. 0. 0. 0. 0. 0. 0.]
[0. 0. 0. 0. 0. 0. 0. 0. 0.]
[0. 0. 0. 0. 0. 0. 0. 0. 0.]
[0. 0. 0. 0. 0. 0. 0. 0. 0.]
[0. 0. 0. 0. 0. 0. 0. 0. 0.]
[0. 0. 0. 0. 0. 0. 0. 0. 0.]
[0. 0. 0. 0. 0. 0. 0. 0. 0.]
[0. 0. 0. 0. 0. 0. 0. 0. 0.]
[0. 0. 0. 0. 0. 0. 0. 0. 0.]
[0. 0. 0. 0. 0. 0. 0. 0. 0.]
[0. 0. 0. 0. 0. 0. 0. 0. 0.]
[0. 0. 0. 0. 0. 0. 0. 0. 0.]
[0. 0. 0. 0. 0. 0. 0. 0. 0.]
[0. 0. 0. 0. 0. 0. 0. 0. 0.]
[0. 0. 0. 0. 0. 0. 0. 0. 0.]
[0. 0. 0. 0. 0. 0. 0. 0. 0.]
[0. 0. 0. 0. 0. 0. 0. 0. 0.]
[0. 0. 0. 0. 0. 0. 0. 0. 0.]
[0. 0. 0. 0. 0. 0. 0. 0. 0.]
[0. 0. 0. 0. 0. 0. 0. 0. 0.]
[0. 0. 0. 0. 0. 0. 0. 0. 0.]
[0. 0. 0. 0. 0. 0. 0. 0. 0.]
[0. 0. 0. 0. 0. 0. 0. 0. 0.]
[0. 0. 0. 0. 0. 0. 0. 0. 0.]
[0. 0. 0. 0. 0. 0. 0. 0. 0.]
[0. 0. 0. 0. 0. 0. 0. 0. 0.]
[0. 0. 0. 0. 0. 0. 0. 0. 0.]
[0. 0. 0. 0. 0. 0. 0. 0. 0.]
[0. 0. 0. 0. 0. 0. 0. 0. 0.]
[0. 0. 0. 0. 0. 0. 0. 0. 0.]
[0. 0. 0. 0. 0. 0. 0. 0. 0.]
[0. 0. 0. 0. 0. 0. 0. 0. 0.]
41,  1.07234,  0.62033,  0.24981,  1.14624,  6.37973,  1164.96813
delay:
[0.    0.    0.    0.    0.    0.    0.011 0.    0.   ]
[0.    0.    0.    0.    0.    0.    0.011 0.    0.   ]
[0.    0.    0.    0.    0.    0.    0.011 0.    0.   ]
[0.    0.    0.    0.    0.    0.    0.011 0.    0.   ]
[0.    0.    0.    0.    0.    0.    0.011 0.    0.   ]
[0.    0.    0.    0.    0.    0.    0.011 0.    0.   ]
[0.    0.    0.    0.    0.    0.    0.011 0.    0.   ]
[0.    0.    0.    0.    0.    0.    0.011 0.    0.   ]
[0.    0.    0.    0.    0.    0.    0.011 0.    0.   ]
[0.    0.    0.    0.    0.    0.    0.011 0.    0.   ]
[0.    0.    0.    0.    0.    0.    0.011 0.    0.   ]
[0.    0.    0.    0.    0.    0.    0.011 0.    0.   ]
[0.    0.    0.    0.    0.    0.    0.011 0.    0.   ]
[0.    0.    0.    0.    0.    0.    0.011 0.    0.   ]
[0.    0.    0.    0.    0.    0.    0.011 0.    0.   ]
[0.    0.    0.    0.    0.    0.    0.011 0.    0.   ]
[0.    0.    0.    0.    0.    0.    0.011 0.    0.   ]
[0.    0.    0.    0.    0.    0.    0.011 0.    0.   ]
[0.    0.    0.    0.    0.    0.    0.011 0.    0.   ]
[0.    0.    0.    0.    0.    0.    0.011 0.    0.   ]
[0.    0.    0.    0.    0.    0.    0.011 0.    0.   ]
[0.    0.    0.    0.    0.    0.    0.011 0.    0.   ]
[0.    0.    0.    0.    0.    0.    0.011 0.    0.   ]
[0.    0.    0.    0.    0.    0.    0.011 0.    0.   ]
[0.    0.    0.    0.    0.    0.    0.011 0.    0.   ]
[0.    0.    0.    0.    0.    0.    0.011 0.    0.   ]
[0.    0.    0.    0.    0.    0.    0.011 0.    0.   ]
[0.    0.    0.    0.    0.    0.    0.011 0.    0.   ]
[0.    0.    0.    0.    0.    0.    0.011 0.    0.   ]
[0.    0.    0.    0.    0.    0.    0.011 0.    0.   ]
[0.    0.    0.    0.    0.    0.    0.011 0.    0.   ]
[0.    0.    0.    0.    0.    0.    0.011 0.    0.   ]
42,  1.06804,  0.61980,  0.24984,  1.14680,  14.45085,  1197.51592
delay:
[0.    0.    0.    0.    0.    0.    0.026 0.    0.   ]
[0.    0.    0.    0.    0.    0.    0.026 0.    0.   ]
[0.    0.    0.    0.    0.    0.    0.026 0.    0.   ]
[0.    0.    0.    0.    0.    0.    0.026 0.    0.   ]
[0.    0.    0.    0.    0.    0.    0.026 0.    0.   ]
[0.    0.    0.    0.    0.    0.    0.026 0.    0.   ]
[0.    0.    0.    0.    0.    0.    0.026 0.    0.   ]
[0.    0.    0.    0.    0.    0.    0.026 0.    0.   ]
[0.    0.    0.    0.    0.    0.    0.026 0.    0.   ]
[0.    0.    0.    0.    0.    0.    0.026 0.    0.   ]
[0.    0.    0.    0.    0.    0.    0.026 0.    0.   ]
[0.    0.    0.    0.    0.    0.    0.026 0.    0.   ]
[0.    0.    0.    0.    0.    0.    0.026 0.    0.   ]
[0.    0.    0.    0.    0.    0.    0.026 0.    0.   ]
[0.    0.    0.    0.    0.    0.    0.026 0.    0.   ]
[0.    0.    0.    0.    0.    0.    0.026 0.    0.   ]
[0.    0.    0.    0.    0.    0.    0.026 0.    0.   ]
[0.    0.    0.    0.    0.    0.    0.026 0.    0.   ]
[0.    0.    0.    0.    0.    0.    0.026 0.    0.   ]
[0.    0.    0.    0.    0.    0.    0.026 0.    0.   ]
[0.    0.    0.    0.    0.    0.    0.026 0.    0.   ]
[0.    0.    0.    0.    0.    0.    0.026 0.    0.   ]
[0.    0.    0.    0.    0.    0.    0.026 0.    0.   ]
[0.    0.    0.    0.    0.    0.    0.026 0.    0.   ]
[0.    0.    0.    0.    0.    0.    0.026 0.    0.   ]
[0.    0.    0.    0.    0.    0.    0.026 0.    0.   ]
[0.    0.    0.    0.    0.    0.    0.026 0.    0.   ]
[0.    0.    0.    0.    0.    0.    0.026 0.    0.   ]
[0.    0.    0.    0.    0.    0.    0.026 0.    0.   ]
[0.    0.    0.    0.    0.    0.    0.026 0.    0.   ]
[0.    0.    0.    0.    0.    0.    0.026 0.    0.   ]
[0.    0.    0.    0.    0.    0.    0.026 0.    0.   ]
43,  1.06782,  0.61981,  0.24984,  1.14786,  18.65890,  1161.48386
delay:
[0.    0.    0.    0.    0.    0.    0.028 0.    0.   ]
[0.    0.    0.    0.    0.    0.    0.028 0.    0.   ]
[0.    0.    0.    0.    0.    0.    0.028 0.    0.   ]
[0.    0.    0.    0.    0.    0.    0.028 0.    0.   ]
[0.    0.    0.    0.    0.    0.    0.028 0.    0.   ]
[0.    0.    0.    0.    0.    0.    0.028 0.    0.   ]
[0.    0.    0.    0.    0.    0.    0.028 0.    0.   ]
[0.    0.    0.    0.    0.    0.    0.028 0.    0.   ]
[0.    0.    0.    0.    0.    0.    0.028 0.    0.   ]
[0.    0.    0.    0.    0.    0.    0.028 0.    0.   ]
[0.    0.    0.    0.    0.    0.    0.028 0.    0.   ]
[0.    0.    0.    0.    0.    0.    0.028 0.    0.   ]
[0.    0.    0.    0.    0.    0.    0.028 0.    0.   ]
[0.    0.    0.    0.    0.    0.    0.028 0.    0.   ]
[0.    0.    0.    0.    0.    0.    0.028 0.    0.   ]
[0.    0.    0.    0.    0.    0.    0.028 0.    0.   ]
[0.    0.    0.    0.    0.    0.    0.028 0.    0.   ]
[0.    0.    0.    0.    0.    0.    0.028 0.    0.   ]
[0.    0.    0.    0.    0.    0.    0.028 0.    0.   ]
[0.    0.    0.    0.    0.    0.    0.028 0.    0.   ]
[0.    0.    0.    0.    0.    0.    0.028 0.    0.   ]
[0.    0.    0.    0.    0.    0.    0.028 0.    0.   ]
[0.    0.    0.    0.    0.    0.    0.028 0.    0.   ]
[0.    0.    0.    0.    0.    0.    0.028 0.    0.   ]
[0.    0.    0.    0.    0.    0.    0.028 0.    0.   ]
[0.    0.    0.    0.    0.    0.    0.028 0.    0.   ]
[0.    0.    0.    0.    0.    0.    0.028 0.    0.   ]
[0.    0.    0.    0.    0.    0.    0.028 0.    0.   ]
[0.    0.    0.    0.    0.    0.    0.028 0.    0.   ]
[0.    0.    0.    0.    0.    0.    0.028 0.    0.   ]
[0.    0.    0.    0.    0.    0.    0.028 0.    0.   ]
[0.    0.    0.    0.    0.    0.    0.028 0.    0.   ]
44,  1.06232,  0.61998,  0.24986,  1.14858,  22.44907,  1199.78848
delay:
[0.    0.    0.    0.    0.    0.    0.033 0.    0.   ]
[0.    0.    0.    0.    0.    0.    0.033 0.    0.   ]
[0.    0.    0.    0.    0.    0.    0.033 0.    0.   ]
[0.    0.    0.    0.    0.    0.    0.033 0.    0.   ]
[0.    0.    0.    0.    0.    0.    0.033 0.    0.   ]
[0.    0.    0.    0.    0.    0.    0.033 0.    0.   ]
[0.    0.    0.    0.    0.    0.    0.033 0.    0.   ]
[0.    0.    0.    0.    0.    0.    0.033 0.    0.   ]
[0.    0.    0.    0.    0.    0.    0.033 0.    0.   ]
[0.    0.    0.    0.    0.    0.    0.033 0.    0.   ]
[0.    0.    0.    0.    0.    0.    0.033 0.    0.   ]
[0.    0.    0.    0.    0.    0.    0.033 0.    0.   ]
[0.    0.    0.    0.    0.    0.    0.033 0.    0.   ]
[0.    0.    0.    0.    0.    0.    0.033 0.    0.   ]
[0.    0.    0.    0.    0.    0.    0.033 0.    0.   ]
[0.    0.    0.    0.    0.    0.    0.033 0.    0.   ]
[0.    0.    0.    0.    0.    0.    0.033 0.    0.   ]
[0.    0.    0.    0.    0.    0.    0.033 0.    0.   ]
[0.    0.    0.    0.    0.    0.    0.033 0.    0.   ]
[0.    0.    0.    0.    0.    0.    0.033 0.    0.   ]
[0.    0.    0.    0.    0.    0.    0.033 0.    0.   ]
[0.    0.    0.    0.    0.    0.    0.033 0.    0.   ]
[0.    0.    0.    0.    0.    0.    0.033 0.    0.   ]
[0.    0.    0.    0.    0.    0.    0.033 0.    0.   ]
[0.    0.    0.    0.    0.    0.    0.033 0.    0.   ]
[0.    0.    0.    0.    0.    0.    0.033 0.    0.   ]
[0.    0.    0.    0.    0.    0.    0.033 0.    0.   ]
[0.    0.    0.    0.    0.    0.    0.033 0.    0.   ]
[0.    0.    0.    0.    0.    0.    0.033 0.    0.   ]
[0.    0.    0.    0.    0.    0.    0.033 0.    0.   ]
[0.    0.    0.    0.    0.    0.    0.033 0.    0.   ]
[0.    0.    0.    0.    0.    0.    0.033 0.    0.   ]
45,  1.05585,  0.61979,  0.24988,  1.14919,  26.00619,  1250.30626
delay:
[0.   0.   0.   0.   0.   0.   0.03 0.   0.  ]
[0.   0.   0.   0.   0.   0.   0.03 0.   0.  ]
[0.   0.   0.   0.   0.   0.   0.03 0.   0.  ]
[0.   0.   0.   0.   0.   0.   0.03 0.   0.  ]
[0.   0.   0.   0.   0.   0.   0.03 0.   0.  ]
[0.   0.   0.   0.   0.   0.   0.03 0.   0.  ]
[0.   0.   0.   0.   0.   0.   0.03 0.   0.  ]
[0.   0.   0.   0.   0.   0.   0.03 0.   0.  ]
[0.   0.   0.   0.   0.   0.   0.03 0.   0.  ]
[0.   0.   0.   0.   0.   0.   0.03 0.   0.  ]
[0.   0.   0.   0.   0.   0.   0.03 0.   0.  ]
[0.   0.   0.   0.   0.   0.   0.03 0.   0.  ]
[0.   0.   0.   0.   0.   0.   0.03 0.   0.  ]
[0.   0.   0.   0.   0.   0.   0.03 0.   0.  ]
[0.   0.   0.   0.   0.   0.   0.03 0.   0.  ]
[0.   0.   0.   0.   0.   0.   0.03 0.   0.  ]
[0.   0.   0.   0.   0.   0.   0.03 0.   0.  ]
[0.   0.   0.   0.   0.   0.   0.03 0.   0.  ]
[0.   0.   0.   0.   0.   0.   0.03 0.   0.  ]
[0.   0.   0.   0.   0.   0.   0.03 0.   0.  ]
[0.   0.   0.   0.   0.   0.   0.03 0.   0.  ]
[0.   0.   0.   0.   0.   0.   0.03 0.   0.  ]
[0.   0.   0.   0.   0.   0.   0.03 0.   0.  ]
[0.   0.   0.   0.   0.   0.   0.03 0.   0.  ]
[0.   0.   0.   0.   0.   0.   0.03 0.   0.  ]
[0.   0.   0.   0.   0.   0.   0.03 0.   0.  ]
[0.   0.   0.   0.   0.   0.   0.03 0.   0.  ]
[0.   0.   0.   0.   0.   0.   0.03 0.   0.  ]
[0.   0.   0.   0.   0.   0.   0.03 0.   0.  ]
[0.   0.   0.   0.   0.   0.   0.03 0.   0.  ]
[0.   0.   0.   0.   0.   0.   0.03 0.   0.  ]
[0.   0.   0.   0.   0.   0.   0.03 0.   0.  ]
46,  1.05537,  0.62010,  0.24988,  1.15018,  28.61525,  1174.34710
delay:
[0.    0.    0.    0.    0.    0.    0.035 0.    0.   ]
[0.    0.    0.    0.    0.    0.    0.035 0.    0.   ]
[0.    0.    0.    0.    0.    0.    0.035 0.    0.   ]
[0.    0.    0.    0.    0.    0.    0.035 0.    0.   ]
[0.    0.    0.    0.    0.    0.    0.035 0.    0.   ]
[0.    0.    0.    0.    0.    0.    0.035 0.    0.   ]
[0.    0.    0.    0.    0.    0.    0.035 0.    0.   ]
[0.    0.    0.    0.    0.    0.    0.035 0.    0.   ]
[0.    0.    0.    0.    0.    0.    0.035 0.    0.   ]
[0.    0.    0.    0.    0.    0.    0.035 0.    0.   ]
[0.    0.    0.    0.    0.    0.    0.035 0.    0.   ]
[0.    0.    0.    0.    0.    0.    0.035 0.    0.   ]
[0.    0.    0.    0.    0.    0.    0.035 0.    0.   ]
[0.    0.    0.    0.    0.    0.    0.035 0.    0.   ]
[0.    0.    0.    0.    0.    0.    0.035 0.    0.   ]
[0.    0.    0.    0.    0.    0.    0.035 0.    0.   ]
[0.    0.    0.    0.    0.    0.    0.035 0.    0.   ]
[0.    0.    0.    0.    0.    0.    0.035 0.    0.   ]
[0.    0.    0.    0.    0.    0.    0.035 0.    0.   ]
[0.    0.    0.    0.    0.    0.    0.035 0.    0.   ]
[0.    0.    0.    0.    0.    0.    0.035 0.    0.   ]
[0.    0.    0.    0.    0.    0.    0.035 0.    0.   ]
[0.    0.    0.    0.    0.    0.    0.035 0.    0.   ]
[0.    0.    0.    0.    0.    0.    0.035 0.    0.   ]
[0.    0.    0.    0.    0.    0.    0.035 0.    0.   ]
[0.    0.    0.    0.    0.    0.    0.035 0.    0.   ]
[0.    0.    0.    0.    0.    0.    0.035 0.    0.   ]
[0.    0.    0.    0.    0.    0.    0.035 0.    0.   ]
[0.    0.    0.    0.    0.    0.    0.035 0.    0.   ]
[0.    0.    0.    0.    0.    0.    0.035 0.    0.   ]
[0.    0.    0.    0.    0.    0.    0.035 0.    0.   ]
[0.    0.    0.    0.    0.    0.    0.035 0.    0.   ]
47,  1.05465,  0.61976,  0.24983,  1.15091,  29.12398,  1166.29527
delay:
[0.    0.    0.    0.    0.    0.    0.032 0.    0.   ]
[0.    0.    0.    0.    0.    0.    0.032 0.    0.   ]
[0.    0.    0.    0.    0.    0.    0.032 0.    0.   ]
[0.    0.    0.    0.    0.    0.    0.032 0.    0.   ]
[0.    0.    0.    0.    0.    0.    0.032 0.    0.   ]
[0.    0.    0.    0.    0.    0.    0.032 0.    0.   ]
[0.    0.    0.    0.    0.    0.    0.032 0.    0.   ]
[0.    0.    0.    0.    0.    0.    0.032 0.    0.   ]
[0.    0.    0.    0.    0.    0.    0.032 0.    0.   ]
[0.    0.    0.    0.    0.    0.    0.032 0.    0.   ]
[0.    0.    0.    0.    0.    0.    0.032 0.    0.   ]
[0.    0.    0.    0.    0.    0.    0.032 0.    0.   ]
[0.    0.    0.    0.    0.    0.    0.032 0.    0.   ]
[0.    0.    0.    0.    0.    0.    0.032 0.    0.   ]
[0.    0.    0.    0.    0.    0.    0.032 0.    0.   ]
[0.    0.    0.    0.    0.    0.    0.032 0.    0.   ]
[0.    0.    0.    0.    0.    0.    0.032 0.    0.   ]
[0.    0.    0.    0.    0.    0.    0.032 0.    0.   ]
[0.    0.    0.    0.    0.    0.    0.032 0.    0.   ]
[0.    0.    0.    0.    0.    0.    0.032 0.    0.   ]
[0.    0.    0.    0.    0.    0.    0.032 0.    0.   ]
[0.    0.    0.    0.    0.    0.    0.032 0.    0.   ]
[0.    0.    0.    0.    0.    0.    0.032 0.    0.   ]
[0.    0.    0.    0.    0.    0.    0.032 0.    0.   ]
[0.    0.    0.    0.    0.    0.    0.032 0.    0.   ]
[0.    0.    0.    0.    0.    0.    0.032 0.    0.   ]
[0.    0.    0.    0.    0.    0.    0.032 0.    0.   ]
[0.    0.    0.    0.    0.    0.    0.032 0.    0.   ]
[0.    0.    0.    0.    0.    0.    0.032 0.    0.   ]
[0.    0.    0.    0.    0.    0.    0.032 0.    0.   ]
[0.    0.    0.    0.    0.    0.    0.032 0.    0.   ]
[0.    0.    0.    0.    0.    0.    0.032 0.    0.   ]
48,  1.05000,  0.61975,  0.24993,  1.15157,  31.10040,  1216.83885
delay:
[0.    0.    0.    0.    0.    0.    0.035 0.    0.   ]
[0.    0.    0.    0.    0.    0.    0.035 0.    0.   ]
[0.    0.    0.    0.    0.    0.    0.035 0.    0.   ]
[0.    0.    0.    0.    0.    0.    0.035 0.    0.   ]
[0.    0.    0.    0.    0.    0.    0.035 0.    0.   ]
[0.    0.    0.    0.    0.    0.    0.035 0.    0.   ]
[0.    0.    0.    0.    0.    0.    0.035 0.    0.   ]
[0.    0.    0.    0.    0.    0.    0.035 0.    0.   ]
[0.    0.    0.    0.    0.    0.    0.035 0.    0.   ]
[0.    0.    0.    0.    0.    0.    0.035 0.    0.   ]
[0.    0.    0.    0.    0.    0.    0.035 0.    0.   ]
[0.    0.    0.    0.    0.    0.    0.035 0.    0.   ]
[0.    0.    0.    0.    0.    0.    0.035 0.    0.   ]
[0.    0.    0.    0.    0.    0.    0.035 0.    0.   ]
[0.    0.    0.    0.    0.    0.    0.035 0.    0.   ]
[0.    0.    0.    0.    0.    0.    0.035 0.    0.   ]
[0.    0.    0.    0.    0.    0.    0.035 0.    0.   ]
[0.    0.    0.    0.    0.    0.    0.035 0.    0.   ]
[0.    0.    0.    0.    0.    0.    0.035 0.    0.   ]
[0.    0.    0.    0.    0.    0.    0.035 0.    0.   ]
[0.    0.    0.    0.    0.    0.    0.035 0.    0.   ]
[0.    0.    0.    0.    0.    0.    0.035 0.    0.   ]
[0.    0.    0.    0.    0.    0.    0.035 0.    0.   ]
[0.    0.    0.    0.    0.    0.    0.035 0.    0.   ]
[0.    0.    0.    0.    0.    0.    0.035 0.    0.   ]
[0.    0.    0.    0.    0.    0.    0.035 0.    0.   ]
[0.    0.    0.    0.    0.    0.    0.035 0.    0.   ]
[0.    0.    0.    0.    0.    0.    0.035 0.    0.   ]
[0.    0.    0.    0.    0.    0.    0.035 0.    0.   ]
[0.    0.    0.    0.    0.    0.    0.035 0.    0.   ]
[0.    0.    0.    0.    0.    0.    0.035 0.    0.   ]
[0.    0.    0.    0.    0.    0.    0.035 0.    0.   ]
49,  1.04542,  0.61945,  0.24992,  1.15223,  36.76852,  1188.92518
delay:
[0.    0.    0.    0.    0.    0.    0.037 0.011 0.   ]
[0.    0.    0.    0.    0.    0.    0.037 0.011 0.   ]
[0.    0.    0.    0.    0.    0.    0.037 0.011 0.   ]
[0.    0.    0.    0.    0.    0.    0.037 0.011 0.   ]
[0.    0.    0.    0.    0.    0.    0.037 0.011 0.   ]
[0.    0.    0.    0.    0.    0.    0.037 0.011 0.   ]
[0.    0.    0.    0.    0.    0.    0.037 0.011 0.   ]
[0.    0.    0.    0.    0.    0.    0.037 0.011 0.   ]
[0.    0.    0.    0.    0.    0.    0.037 0.011 0.   ]
[0.    0.    0.    0.    0.    0.    0.037 0.011 0.   ]
[0.    0.    0.    0.    0.    0.    0.037 0.011 0.   ]
[0.    0.    0.    0.    0.    0.    0.037 0.011 0.   ]
[0.    0.    0.    0.    0.    0.    0.037 0.011 0.   ]
[0.    0.    0.    0.    0.    0.    0.037 0.011 0.   ]
[0.    0.    0.    0.    0.    0.    0.037 0.011 0.   ]
[0.    0.    0.    0.    0.    0.    0.037 0.011 0.   ]
[0.    0.    0.    0.    0.    0.    0.037 0.011 0.   ]
[0.    0.    0.    0.    0.    0.    0.037 0.011 0.   ]
[0.    0.    0.    0.    0.    0.    0.037 0.011 0.   ]
[0.    0.    0.    0.    0.    0.    0.037 0.011 0.   ]
[0.    0.    0.    0.    0.    0.    0.037 0.011 0.   ]
[0.    0.    0.    0.    0.    0.    0.037 0.011 0.   ]
[0.    0.    0.    0.    0.    0.    0.037 0.011 0.   ]
[0.    0.    0.    0.    0.    0.    0.037 0.011 0.   ]
[0.    0.    0.    0.    0.    0.    0.037 0.011 0.   ]
[0.    0.    0.    0.    0.    0.    0.037 0.011 0.   ]
[0.    0.    0.    0.    0.    0.    0.037 0.011 0.   ]
[0.    0.    0.    0.    0.    0.    0.037 0.011 0.   ]
[0.    0.    0.    0.    0.    0.    0.037 0.011 0.   ]
[0.    0.    0.    0.    0.    0.    0.037 0.011 0.   ]
[0.    0.    0.    0.    0.    0.    0.037 0.011 0.   ]
[0.    0.    0.    0.    0.    0.    0.037 0.011 0.   ]
50,  1.00399,  0.61837,  0.25019,  1.14347,  4.68095,  1328.59511
delay:
[0.    0.    0.    0.    0.    0.    0.056 0.002 0.   ]
[0.    0.    0.    0.    0.    0.    0.056 0.002 0.   ]
[0.    0.    0.    0.    0.    0.    0.056 0.002 0.   ]
[0.    0.    0.    0.    0.    0.    0.056 0.002 0.   ]
[0.    0.    0.    0.    0.    0.    0.056 0.002 0.   ]
[0.    0.    0.    0.    0.    0.    0.056 0.002 0.   ]
[0.    0.    0.    0.    0.    0.    0.056 0.002 0.   ]
[0.    0.    0.    0.    0.    0.    0.056 0.002 0.   ]
[0.    0.    0.    0.    0.    0.    0.056 0.002 0.   ]
[0.    0.    0.    0.    0.    0.    0.056 0.002 0.   ]
[0.    0.    0.    0.    0.    0.    0.056 0.002 0.   ]
[0.    0.    0.    0.    0.    0.    0.056 0.002 0.   ]
[0.    0.    0.    0.    0.    0.    0.056 0.002 0.   ]
[0.    0.    0.    0.    0.    0.    0.056 0.002 0.   ]
[0.    0.    0.    0.    0.    0.    0.056 0.002 0.   ]
[0.    0.    0.    0.    0.    0.    0.056 0.002 0.   ]
[0.    0.    0.    0.    0.    0.    0.056 0.002 0.   ]
[0.    0.    0.    0.    0.    0.    0.056 0.002 0.   ]
[0.    0.    0.    0.    0.    0.    0.056 0.002 0.   ]
[0.    0.    0.    0.    0.    0.    0.056 0.002 0.   ]
[0.    0.    0.    0.    0.    0.    0.056 0.002 0.   ]
[0.    0.    0.    0.    0.    0.    0.056 0.002 0.   ]
[0.    0.    0.    0.    0.    0.    0.056 0.002 0.   ]
[0.    0.    0.    0.    0.    0.    0.056 0.002 0.   ]
[0.    0.    0.    0.    0.    0.    0.056 0.002 0.   ]
[0.    0.    0.    0.    0.    0.    0.056 0.002 0.   ]
[0.    0.    0.    0.    0.    0.    0.056 0.002 0.   ]
[0.    0.    0.    0.    0.    0.    0.056 0.002 0.   ]
[0.    0.    0.    0.    0.    0.    0.056 0.002 0.   ]
[0.    0.    0.    0.    0.    0.    0.056 0.002 0.   ]
[0.    0.    0.    0.    0.    0.    0.056 0.002 0.   ]
[0.    0.    0.    0.    0.    0.    0.056 0.002 0.   ]
51,  1.14990,  0.62206,  0.24931,  1.13426,  0.00000,  1957.30335
delay:
[0. 0. 0.]
[0. 0. 0.]
[0. 0. 0.]
52,  1.15069,  0.62206,  0.24929,  1.14283,  0.00000,  1271.03009
delay:
[0. 0. 0.]
[0. 0. 0.]
[0. 0. 0.]
53,  1.15133,  0.62199,  0.24926,  1.14403,  0.00000,  1260.37370
delay:
[0. 0. 0.]
[0. 0. 0.]
[0. 0. 0.]
54,  1.15180,  0.62211,  0.24927,  1.14488,  0.00000,  1279.62062
delay:
[0. 0. 0.]
[0. 0. 0.]
[0. 0. 0.]
55,  1.15219,  0.62211,  0.24925,  1.14539,  0.00000,  1285.12625
delay:
[0. 0. 0.]
[0. 0. 0.]
[0. 0. 0.]
56,  1.15234,  0.62210,  0.24926,  1.14569,  0.00000,  1309.29658
delay:
[0. 0. 0.]
[0. 0. 0.]
[0. 0. 0.]
57,  1.15281,  0.62211,  0.24925,  1.14633,  0.00000,  1270.75009
delay:
[0. 0. 0.]
[0. 0. 0.]
[0. 0. 0.]
58,  1.15268,  0.62193,  0.24924,  1.14662,  0.00000,  1276.66324
delay:
[0. 0. 0.]
[0. 0. 0.]
[0. 0. 0.]
59,  1.15302,  0.62205,  0.24924,  1.14704,  0.00000,  1297.56344
delay:
[0. 0. 0.]
[0. 0. 0.]
[0. 0. 0.]
60,  1.15339,  0.62210,  0.24926,  1.14730,  0.00000,  1303.18228
delay:
[0. 0. 0.]
[0. 0. 0.]
[0. 0. 0.]
61,  1.15364,  0.62198,  0.24924,  1.14778,  0.00000,  1246.55760
delay:
[0. 0. 0.]
[0. 0. 0.]
[0. 0. 0.]
62,  1.15353,  0.62202,  0.24924,  1.14793,  0.00000,  1218.90564
delay:
[0. 0. 0.]
[0. 0. 0.]
[0. 0. 0.]
63,  1.15393,  0.62201,  0.24924,  1.14792,  0.00000,  1222.49500
delay:
[0. 0. 0.]
[0. 0. 0.]
[0. 0. 0.]
64,  1.15407,  0.62202,  0.24923,  1.14820,  0.00000,  1213.64956
delay:
[0. 0. 0.]
[0. 0. 0.]
[0. 0. 0.]
65,  1.15423,  0.62198,  0.24924,  1.14832,  0.00000,  1220.58983
delay:
[0. 0. 0.]
[0. 0. 0.]
[0. 0. 0.]
66,  1.15442,  0.62202,  0.24924,  1.14850,  0.00000,  1244.70759
delay:
[0. 0. 0.]
[0. 0. 0.]
[0. 0. 0.]
67,  1.15440,  0.62198,  0.24923,  1.14842,  0.00000,  1257.47784
delay:
[0. 0. 0.]
[0. 0. 0.]
[0. 0. 0.]
68,  1.15455,  0.62201,  0.24924,  1.14850,  0.00000,  1305.92023
delay:
[0. 0. 0.]
[0. 0. 0.]
[0. 0. 0.]
69,  1.15454,  0.62197,  0.24924,  1.14889,  0.00000,  1250.91547
delay:
[0. 0. 0.]
[0. 0. 0.]
[0. 0. 0.]
70,  1.15485,  0.62200,  0.24923,  1.14898,  0.00000,  1252.18213
delay:
[0. 0. 0.]
[0. 0. 0.]
[0. 0. 0.]
71,  1.15482,  0.62195,  0.24923,  1.14907,  0.00000,  1244.28058
delay:
[0. 0. 0.]
[0. 0. 0.]
[0. 0. 0.]
72,  1.15488,  0.62196,  0.24923,  1.14919,  0.00000,  1221.79929
delay:
[0. 0. 0.]
[0. 0. 0.]
[0. 0. 0.]
73,  1.15488,  0.62197,  0.24923,  1.14929,  0.00000,  1203.35112
delay:
[0. 0. 0.]
[0. 0. 0.]
[0. 0. 0.]
74,  1.15501,  0.62198,  0.24923,  1.14921,  0.00000,  1238.82591
delay:
[0. 0. 0.]
[0. 0. 0.]
[0. 0. 0.]
75,  1.15504,  0.62196,  0.24923,  1.14938,  0.00000,  1248.04764
delay:
[0. 0. 0.]
[0. 0. 0.]
[0. 0. 0.]
76,  1.08831,  0.62215,  0.24955,  1.14447,  27.14600,  2069.72652
delay:
[0.    0.    0.    0.    0.    0.    0.011 0.001 0.   ]
[0.    0.    0.    0.    0.    0.    0.011 0.001 0.   ]
[0.    0.    0.    0.    0.    0.    0.011 0.001 0.   ]
[0.    0.    0.    0.    0.    0.    0.011 0.001 0.   ]
[0.    0.    0.    0.    0.    0.    0.011 0.001 0.   ]
[0.    0.    0.    0.    0.    0.    0.011 0.001 0.   ]
[0.    0.    0.    0.    0.    0.    0.011 0.001 0.   ]
[0.    0.    0.    0.    0.    0.    0.011 0.001 0.   ]
[0.    0.    0.    0.    0.    0.    0.011 0.001 0.   ]
[0.    0.    0.    0.    0.    0.    0.011 0.001 0.   ]
[0.    0.    0.    0.    0.    0.    0.011 0.001 0.   ]
[0.    0.    0.    0.    0.    0.    0.011 0.001 0.   ]
[0.    0.    0.    0.    0.    0.    0.011 0.001 0.   ]
[0.    0.    0.    0.    0.    0.    0.011 0.001 0.   ]
[0.    0.    0.    0.    0.    0.    0.011 0.001 0.   ]
[0.    0.    0.    0.    0.    0.    0.011 0.001 0.   ]
[0.    0.    0.    0.    0.    0.    0.011 0.001 0.   ]
[0.    0.    0.    0.    0.    0.    0.011 0.001 0.   ]
[0.    0.    0.    0.    0.    0.    0.011 0.001 0.   ]
[0.    0.    0.    0.    0.    0.    0.011 0.001 0.   ]
[0.    0.    0.    0.    0.    0.    0.011 0.001 0.   ]
[0.    0.    0.    0.    0.    0.    0.011 0.001 0.   ]
[0.    0.    0.    0.    0.    0.    0.011 0.001 0.   ]
[0.    0.    0.    0.    0.    0.    0.011 0.001 0.   ]
[0.    0.    0.    0.    0.    0.    0.011 0.001 0.   ]
[0.    0.    0.    0.    0.    0.    0.011 0.001 0.   ]
[0.    0.    0.    0.    0.    0.    0.011 0.001 0.   ]
[0.    0.    0.    0.    0.    0.    0.011 0.001 0.   ]
[0.    0.    0.    0.    0.    0.    0.011 0.001 0.   ]
[0.    0.    0.    0.    0.    0.    0.011 0.001 0.   ]
[0.    0.    0.    0.    0.    0.    0.011 0.001 0.   ]
[0.    0.    0.    0.    0.    0.    0.011 0.001 0.   ]
77,  1.08755,  0.62206,  0.24958,  1.15091,  5.52997,  1159.17670
delay:
[0.    0.    0.    0.    0.    0.    0.009 0.001 0.   ]
[0.    0.    0.    0.    0.    0.    0.009 0.001 0.   ]
[0.    0.    0.    0.    0.    0.    0.009 0.001 0.   ]
[0.    0.    0.    0.    0.    0.    0.009 0.001 0.   ]
[0.    0.    0.    0.    0.    0.    0.009 0.001 0.   ]
[0.    0.    0.    0.    0.    0.    0.009 0.001 0.   ]
[0.    0.    0.    0.    0.    0.    0.009 0.001 0.   ]
[0.    0.    0.    0.    0.    0.    0.009 0.001 0.   ]
[0.    0.    0.    0.    0.    0.    0.009 0.001 0.   ]
[0.    0.    0.    0.    0.    0.    0.009 0.001 0.   ]
[0.    0.    0.    0.    0.    0.    0.009 0.001 0.   ]
[0.    0.    0.    0.    0.    0.    0.009 0.001 0.   ]
[0.    0.    0.    0.    0.    0.    0.009 0.001 0.   ]
[0.    0.    0.    0.    0.    0.    0.009 0.001 0.   ]
[0.    0.    0.    0.    0.    0.    0.009 0.001 0.   ]
[0.    0.    0.    0.    0.    0.    0.009 0.001 0.   ]
[0.    0.    0.    0.    0.    0.    0.009 0.001 0.   ]
[0.    0.    0.    0.    0.    0.    0.009 0.001 0.   ]
[0.    0.    0.    0.    0.    0.    0.009 0.001 0.   ]
[0.    0.    0.    0.    0.    0.    0.009 0.001 0.   ]
[0.    0.    0.    0.    0.    0.    0.009 0.001 0.   ]
[0.    0.    0.    0.    0.    0.    0.009 0.001 0.   ]
[0.    0.    0.    0.    0.    0.    0.009 0.001 0.   ]
[0.    0.    0.    0.    0.    0.    0.009 0.001 0.   ]
[0.    0.    0.    0.    0.    0.    0.009 0.001 0.   ]
[0.    0.    0.    0.    0.    0.    0.009 0.001 0.   ]
[0.    0.    0.    0.    0.    0.    0.009 0.001 0.   ]
[0.    0.    0.    0.    0.    0.    0.009 0.001 0.   ]
[0.    0.    0.    0.    0.    0.    0.009 0.001 0.   ]
[0.    0.    0.    0.    0.    0.    0.009 0.001 0.   ]
[0.    0.    0.    0.    0.    0.    0.009 0.001 0.   ]
[0.    0.    0.    0.    0.    0.    0.009 0.001 0.   ]
78,  1.08654,  0.62183,  0.24962,  1.15244,  5.24845,  1085.79228
delay:
[0.    0.    0.    0.    0.    0.    0.009 0.001 0.   ]
[0.    0.    0.    0.    0.    0.    0.009 0.001 0.   ]
[0.    0.    0.    0.    0.    0.    0.009 0.001 0.   ]
[0.    0.    0.    0.    0.    0.    0.009 0.001 0.   ]
[0.    0.    0.    0.    0.    0.    0.009 0.001 0.   ]
[0.    0.    0.    0.    0.    0.    0.009 0.001 0.   ]
[0.    0.    0.    0.    0.    0.    0.009 0.001 0.   ]
[0.    0.    0.    0.    0.    0.    0.009 0.001 0.   ]
[0.    0.    0.    0.    0.    0.    0.009 0.001 0.   ]
[0.    0.    0.    0.    0.    0.    0.009 0.001 0.   ]
[0.    0.    0.    0.    0.    0.    0.009 0.001 0.   ]
[0.    0.    0.    0.    0.    0.    0.009 0.001 0.   ]
[0.    0.    0.    0.    0.    0.    0.009 0.001 0.   ]
[0.    0.    0.    0.    0.    0.    0.009 0.001 0.   ]
[0.    0.    0.    0.    0.    0.    0.009 0.001 0.   ]
[0.    0.    0.    0.    0.    0.    0.009 0.001 0.   ]
[0.    0.    0.    0.    0.    0.    0.009 0.001 0.   ]
[0.    0.    0.    0.    0.    0.    0.009 0.001 0.   ]
[0.    0.    0.    0.    0.    0.    0.009 0.001 0.   ]
[0.    0.    0.    0.    0.    0.    0.009 0.001 0.   ]
[0.    0.    0.    0.    0.    0.    0.009 0.001 0.   ]
[0.    0.    0.    0.    0.    0.    0.009 0.001 0.   ]
[0.    0.    0.    0.    0.    0.    0.009 0.001 0.   ]
[0.    0.    0.    0.    0.    0.    0.009 0.001 0.   ]
[0.    0.    0.    0.    0.    0.    0.009 0.001 0.   ]
[0.    0.    0.    0.    0.    0.    0.009 0.001 0.   ]
[0.    0.    0.    0.    0.    0.    0.009 0.001 0.   ]
[0.    0.    0.    0.    0.    0.    0.009 0.001 0.   ]
[0.    0.    0.    0.    0.    0.    0.009 0.001 0.   ]
[0.    0.    0.    0.    0.    0.    0.009 0.001 0.   ]
[0.    0.    0.    0.    0.    0.    0.009 0.001 0.   ]
[0.    0.    0.    0.    0.    0.    0.009 0.001 0.   ]
79,  1.08564,  0.62198,  0.24961,  1.15316,  6.58922,  1088.75629
delay:
[0.   0.   0.   0.   0.   0.   0.01 0.   0.  ]
[0.   0.   0.   0.   0.   0.   0.01 0.   0.  ]
[0.   0.   0.   0.   0.   0.   0.01 0.   0.  ]
[0.   0.   0.   0.   0.   0.   0.01 0.   0.  ]
[0.   0.   0.   0.   0.   0.   0.01 0.   0.  ]
[0.   0.   0.   0.   0.   0.   0.01 0.   0.  ]
[0.   0.   0.   0.   0.   0.   0.01 0.   0.  ]
[0.   0.   0.   0.   0.   0.   0.01 0.   0.  ]
[0.   0.   0.   0.   0.   0.   0.01 0.   0.  ]
[0.   0.   0.   0.   0.   0.   0.01 0.   0.  ]
[0.   0.   0.   0.   0.   0.   0.01 0.   0.  ]
[0.   0.   0.   0.   0.   0.   0.01 0.   0.  ]
[0.   0.   0.   0.   0.   0.   0.01 0.   0.  ]
[0.   0.   0.   0.   0.   0.   0.01 0.   0.  ]
[0.   0.   0.   0.   0.   0.   0.01 0.   0.  ]
[0.   0.   0.   0.   0.   0.   0.01 0.   0.  ]
[0.   0.   0.   0.   0.   0.   0.01 0.   0.  ]
[0.   0.   0.   0.   0.   0.   0.01 0.   0.  ]
[0.   0.   0.   0.   0.   0.   0.01 0.   0.  ]
[0.   0.   0.   0.   0.   0.   0.01 0.   0.  ]
[0.   0.   0.   0.   0.   0.   0.01 0.   0.  ]
[0.   0.   0.   0.   0.   0.   0.01 0.   0.  ]
[0.   0.   0.   0.   0.   0.   0.01 0.   0.  ]
[0.   0.   0.   0.   0.   0.   0.01 0.   0.  ]
[0.   0.   0.   0.   0.   0.   0.01 0.   0.  ]
[0.   0.   0.   0.   0.   0.   0.01 0.   0.  ]
[0.   0.   0.   0.   0.   0.   0.01 0.   0.  ]
[0.   0.   0.   0.   0.   0.   0.01 0.   0.  ]
[0.   0.   0.   0.   0.   0.   0.01 0.   0.  ]
[0.   0.   0.   0.   0.   0.   0.01 0.   0.  ]
[0.   0.   0.   0.   0.   0.   0.01 0.   0.  ]
[0.   0.   0.   0.   0.   0.   0.01 0.   0.  ]
80,  1.08535,  0.62160,  0.24963,  1.15372,  7.79737,  1102.27859
delay:
[0.    0.    0.    0.    0.    0.    0.014 0.    0.   ]
[0.    0.    0.    0.    0.    0.    0.014 0.    0.   ]
[0.    0.    0.    0.    0.    0.    0.014 0.    0.   ]
[0.    0.    0.    0.    0.    0.    0.014 0.    0.   ]
[0.    0.    0.    0.    0.    0.    0.014 0.    0.   ]
[0.    0.    0.    0.    0.    0.    0.014 0.    0.   ]
[0.    0.    0.    0.    0.    0.    0.014 0.    0.   ]
[0.    0.    0.    0.    0.    0.    0.014 0.    0.   ]
[0.    0.    0.    0.    0.    0.    0.014 0.    0.   ]
[0.    0.    0.    0.    0.    0.    0.014 0.    0.   ]
[0.    0.    0.    0.    0.    0.    0.014 0.    0.   ]
[0.    0.    0.    0.    0.    0.    0.014 0.    0.   ]
[0.    0.    0.    0.    0.    0.    0.014 0.    0.   ]
[0.    0.    0.    0.    0.    0.    0.014 0.    0.   ]
[0.    0.    0.    0.    0.    0.    0.014 0.    0.   ]
[0.    0.    0.    0.    0.    0.    0.014 0.    0.   ]
[0.    0.    0.    0.    0.    0.    0.014 0.    0.   ]
[0.    0.    0.    0.    0.    0.    0.014 0.    0.   ]
[0.    0.    0.    0.    0.    0.    0.014 0.    0.   ]
[0.    0.    0.    0.    0.    0.    0.014 0.    0.   ]
[0.    0.    0.    0.    0.    0.    0.014 0.    0.   ]
[0.    0.    0.    0.    0.    0.    0.014 0.    0.   ]
[0.    0.    0.    0.    0.    0.    0.014 0.    0.   ]
[0.    0.    0.    0.    0.    0.    0.014 0.    0.   ]
[0.    0.    0.    0.    0.    0.    0.014 0.    0.   ]
[0.    0.    0.    0.    0.    0.    0.014 0.    0.   ]
[0.    0.    0.    0.    0.    0.    0.014 0.    0.   ]
[0.    0.    0.    0.    0.    0.    0.014 0.    0.   ]
[0.    0.    0.    0.    0.    0.    0.014 0.    0.   ]
[0.    0.    0.    0.    0.    0.    0.014 0.    0.   ]
[0.    0.    0.    0.    0.    0.    0.014 0.    0.   ]
[0.    0.    0.    0.    0.    0.    0.014 0.    0.   ]
81,  1.08447,  0.62158,  0.24965,  1.15392,  9.93670,  1095.46120
delay:
[0.    0.    0.    0.    0.    0.    0.015 0.    0.   ]
[0.    0.    0.    0.    0.    0.    0.015 0.    0.   ]
[0.    0.    0.    0.    0.    0.    0.015 0.    0.   ]
[0.    0.    0.    0.    0.    0.    0.015 0.    0.   ]
[0.    0.    0.    0.    0.    0.    0.015 0.    0.   ]
[0.    0.    0.    0.    0.    0.    0.015 0.    0.   ]
[0.    0.    0.    0.    0.    0.    0.015 0.    0.   ]
[0.    0.    0.    0.    0.    0.    0.015 0.    0.   ]
[0.    0.    0.    0.    0.    0.    0.015 0.    0.   ]
[0.    0.    0.    0.    0.    0.    0.015 0.    0.   ]
[0.    0.    0.    0.    0.    0.    0.015 0.    0.   ]
[0.    0.    0.    0.    0.    0.    0.015 0.    0.   ]
[0.    0.    0.    0.    0.    0.    0.015 0.    0.   ]
[0.    0.    0.    0.    0.    0.    0.015 0.    0.   ]
[0.    0.    0.    0.    0.    0.    0.015 0.    0.   ]
[0.    0.    0.    0.    0.    0.    0.015 0.    0.   ]
[0.    0.    0.    0.    0.    0.    0.015 0.    0.   ]
[0.    0.    0.    0.    0.    0.    0.015 0.    0.   ]
[0.    0.    0.    0.    0.    0.    0.015 0.    0.   ]
[0.    0.    0.    0.    0.    0.    0.015 0.    0.   ]
[0.    0.    0.    0.    0.    0.    0.015 0.    0.   ]
[0.    0.    0.    0.    0.    0.    0.015 0.    0.   ]
[0.    0.    0.    0.    0.    0.    0.015 0.    0.   ]
[0.    0.    0.    0.    0.    0.    0.015 0.    0.   ]
[0.    0.    0.    0.    0.    0.    0.015 0.    0.   ]
[0.    0.    0.    0.    0.    0.    0.015 0.    0.   ]
[0.    0.    0.    0.    0.    0.    0.015 0.    0.   ]
[0.    0.    0.    0.    0.    0.    0.015 0.    0.   ]
[0.    0.    0.    0.    0.    0.    0.015 0.    0.   ]
[0.    0.    0.    0.    0.    0.    0.015 0.    0.   ]
[0.    0.    0.    0.    0.    0.    0.015 0.    0.   ]
[0.    0.    0.    0.    0.    0.    0.015 0.    0.   ]
82,  1.08348,  0.62158,  0.24965,  1.15430,  10.97407,  1074.20226
delay:
[0.    0.    0.    0.    0.    0.    0.017 0.    0.   ]
[0.    0.    0.    0.    0.    0.    0.017 0.    0.   ]
[0.    0.    0.    0.    0.    0.    0.017 0.    0.   ]
[0.    0.    0.    0.    0.    0.    0.017 0.    0.   ]
[0.    0.    0.    0.    0.    0.    0.017 0.    0.   ]
[0.    0.    0.    0.    0.    0.    0.017 0.    0.   ]
[0.    0.    0.    0.    0.    0.    0.017 0.    0.   ]
[0.    0.    0.    0.    0.    0.    0.017 0.    0.   ]
[0.    0.    0.    0.    0.    0.    0.017 0.    0.   ]
[0.    0.    0.    0.    0.    0.    0.017 0.    0.   ]
[0.    0.    0.    0.    0.    0.    0.017 0.    0.   ]
[0.    0.    0.    0.    0.    0.    0.017 0.    0.   ]
[0.    0.    0.    0.    0.    0.    0.017 0.    0.   ]
[0.    0.    0.    0.    0.    0.    0.017 0.    0.   ]
[0.    0.    0.    0.    0.    0.    0.017 0.    0.   ]
[0.    0.    0.    0.    0.    0.    0.017 0.    0.   ]
[0.    0.    0.    0.    0.    0.    0.017 0.    0.   ]
[0.    0.    0.    0.    0.    0.    0.017 0.    0.   ]
[0.    0.    0.    0.    0.    0.    0.017 0.    0.   ]
[0.    0.    0.    0.    0.    0.    0.017 0.    0.   ]
[0.    0.    0.    0.    0.    0.    0.017 0.    0.   ]
[0.    0.    0.    0.    0.    0.    0.017 0.    0.   ]
[0.    0.    0.    0.    0.    0.    0.017 0.    0.   ]
[0.    0.    0.    0.    0.    0.    0.017 0.    0.   ]
[0.    0.    0.    0.    0.    0.    0.017 0.    0.   ]
[0.    0.    0.    0.    0.    0.    0.017 0.    0.   ]
[0.    0.    0.    0.    0.    0.    0.017 0.    0.   ]
[0.    0.    0.    0.    0.    0.    0.017 0.    0.   ]
[0.    0.    0.    0.    0.    0.    0.017 0.    0.   ]
[0.    0.    0.    0.    0.    0.    0.017 0.    0.   ]
[0.    0.    0.    0.    0.    0.    0.017 0.    0.   ]
[0.    0.    0.    0.    0.    0.    0.017 0.    0.   ]
83,  1.08324,  0.62157,  0.24966,  1.15441,  12.22261,  1093.91371
delay:
[0.    0.    0.    0.    0.    0.    0.019 0.    0.   ]
[0.    0.    0.    0.    0.    0.    0.019 0.    0.   ]
[0.    0.    0.    0.    0.    0.    0.019 0.    0.   ]
[0.    0.    0.    0.    0.    0.    0.019 0.    0.   ]
[0.    0.    0.    0.    0.    0.    0.019 0.    0.   ]
[0.    0.    0.    0.    0.    0.    0.019 0.    0.   ]
[0.    0.    0.    0.    0.    0.    0.019 0.    0.   ]
[0.    0.    0.    0.    0.    0.    0.019 0.    0.   ]
[0.    0.    0.    0.    0.    0.    0.019 0.    0.   ]
[0.    0.    0.    0.    0.    0.    0.019 0.    0.   ]
[0.    0.    0.    0.    0.    0.    0.019 0.    0.   ]
[0.    0.    0.    0.    0.    0.    0.019 0.    0.   ]
[0.    0.    0.    0.    0.    0.    0.019 0.    0.   ]
[0.    0.    0.    0.    0.    0.    0.019 0.    0.   ]
[0.    0.    0.    0.    0.    0.    0.019 0.    0.   ]
[0.    0.    0.    0.    0.    0.    0.019 0.    0.   ]
[0.    0.    0.    0.    0.    0.    0.019 0.    0.   ]
[0.    0.    0.    0.    0.    0.    0.019 0.    0.   ]
[0.    0.    0.    0.    0.    0.    0.019 0.    0.   ]
[0.    0.    0.    0.    0.    0.    0.019 0.    0.   ]
[0.    0.    0.    0.    0.    0.    0.019 0.    0.   ]
[0.    0.    0.    0.    0.    0.    0.019 0.    0.   ]
[0.    0.    0.    0.    0.    0.    0.019 0.    0.   ]
[0.    0.    0.    0.    0.    0.    0.019 0.    0.   ]
[0.    0.    0.    0.    0.    0.    0.019 0.    0.   ]
[0.    0.    0.    0.    0.    0.    0.019 0.    0.   ]
[0.    0.    0.    0.    0.    0.    0.019 0.    0.   ]
[0.    0.    0.    0.    0.    0.    0.019 0.    0.   ]
[0.    0.    0.    0.    0.    0.    0.019 0.    0.   ]
[0.    0.    0.    0.    0.    0.    0.019 0.    0.   ]
[0.    0.    0.    0.    0.    0.    0.019 0.    0.   ]
[0.    0.    0.    0.    0.    0.    0.019 0.    0.   ]
84,  1.08268,  0.62149,  0.24967,  1.15449,  13.68966,  1097.87557
delay:
[0.    0.    0.    0.    0.    0.    0.02  0.001 0.   ]
[0.    0.    0.    0.    0.    0.    0.02  0.001 0.   ]
[0.    0.    0.    0.    0.    0.    0.02  0.001 0.   ]
[0.    0.    0.    0.    0.    0.    0.02  0.001 0.   ]
[0.    0.    0.    0.    0.    0.    0.02  0.001 0.   ]
[0.    0.    0.    0.    0.    0.    0.02  0.001 0.   ]
[0.    0.    0.    0.    0.    0.    0.02  0.001 0.   ]
[0.    0.    0.    0.    0.    0.    0.02  0.001 0.   ]
[0.    0.    0.    0.    0.    0.    0.02  0.001 0.   ]
[0.    0.    0.    0.    0.    0.    0.02  0.001 0.   ]
[0.    0.    0.    0.    0.    0.    0.02  0.001 0.   ]
[0.    0.    0.    0.    0.    0.    0.02  0.001 0.   ]
[0.    0.    0.    0.    0.    0.    0.02  0.001 0.   ]
[0.    0.    0.    0.    0.    0.    0.02  0.001 0.   ]
[0.    0.    0.    0.    0.    0.    0.02  0.001 0.   ]
[0.    0.    0.    0.    0.    0.    0.02  0.001 0.   ]
[0.    0.    0.    0.    0.    0.    0.02  0.001 0.   ]
[0.    0.    0.    0.    0.    0.    0.02  0.001 0.   ]
[0.    0.    0.    0.    0.    0.    0.02  0.001 0.   ]
[0.    0.    0.    0.    0.    0.    0.02  0.001 0.   ]
[0.    0.    0.    0.    0.    0.    0.02  0.001 0.   ]
[0.    0.    0.    0.    0.    0.    0.02  0.001 0.   ]
[0.    0.    0.    0.    0.    0.    0.02  0.001 0.   ]
[0.    0.    0.    0.    0.    0.    0.02  0.001 0.   ]
[0.    0.    0.    0.    0.    0.    0.02  0.001 0.   ]
[0.    0.    0.    0.    0.    0.    0.02  0.001 0.   ]
[0.    0.    0.    0.    0.    0.    0.02  0.001 0.   ]
[0.    0.    0.    0.    0.    0.    0.02  0.001 0.   ]
[0.    0.    0.    0.    0.    0.    0.02  0.001 0.   ]
[0.    0.    0.    0.    0.    0.    0.02  0.001 0.   ]
[0.    0.    0.    0.    0.    0.    0.02  0.001 0.   ]
[0.    0.    0.    0.    0.    0.    0.02  0.001 0.   ]
85,  1.08225,  0.62146,  0.24968,  1.15489,  13.97521,  1077.14215
delay:
[0.    0.    0.    0.    0.    0.    0.022 0.001 0.   ]
[0.    0.    0.    0.    0.    0.    0.022 0.001 0.   ]
[0.    0.    0.    0.    0.    0.    0.022 0.001 0.   ]
[0.    0.    0.    0.    0.    0.    0.022 0.001 0.   ]
[0.    0.    0.    0.    0.    0.    0.022 0.001 0.   ]
[0.    0.    0.    0.    0.    0.    0.022 0.001 0.   ]
[0.    0.    0.    0.    0.    0.    0.022 0.001 0.   ]
[0.    0.    0.    0.    0.    0.    0.022 0.001 0.   ]
[0.    0.    0.    0.    0.    0.    0.022 0.001 0.   ]
[0.    0.    0.    0.    0.    0.    0.022 0.001 0.   ]
[0.    0.    0.    0.    0.    0.    0.022 0.001 0.   ]
[0.    0.    0.    0.    0.    0.    0.022 0.001 0.   ]
[0.    0.    0.    0.    0.    0.    0.022 0.001 0.   ]
[0.    0.    0.    0.    0.    0.    0.022 0.001 0.   ]
[0.    0.    0.    0.    0.    0.    0.022 0.001 0.   ]
[0.    0.    0.    0.    0.    0.    0.022 0.001 0.   ]
[0.    0.    0.    0.    0.    0.    0.022 0.001 0.   ]
[0.    0.    0.    0.    0.    0.    0.022 0.001 0.   ]
[0.    0.    0.    0.    0.    0.    0.022 0.001 0.   ]
[0.    0.    0.    0.    0.    0.    0.022 0.001 0.   ]
[0.    0.    0.    0.    0.    0.    0.022 0.001 0.   ]
[0.    0.    0.    0.    0.    0.    0.022 0.001 0.   ]
[0.    0.    0.    0.    0.    0.    0.022 0.001 0.   ]
[0.    0.    0.    0.    0.    0.    0.022 0.001 0.   ]
[0.    0.    0.    0.    0.    0.    0.022 0.001 0.   ]
[0.    0.    0.    0.    0.    0.    0.022 0.001 0.   ]
[0.    0.    0.    0.    0.    0.    0.022 0.001 0.   ]
[0.    0.    0.    0.    0.    0.    0.022 0.001 0.   ]
[0.    0.    0.    0.    0.    0.    0.022 0.001 0.   ]
[0.    0.    0.    0.    0.    0.    0.022 0.001 0.   ]
[0.    0.    0.    0.    0.    0.    0.022 0.001 0.   ]
[0.    0.    0.    0.    0.    0.    0.022 0.001 0.   ]
86,  1.08145,  0.62144,  0.24968,  1.15492,  15.55186,  1081.17453
delay:
[0.    0.    0.    0.    0.    0.    0.024 0.001 0.   ]
[0.    0.    0.    0.    0.    0.    0.024 0.001 0.   ]
[0.    0.    0.    0.    0.    0.    0.024 0.001 0.   ]
[0.    0.    0.    0.    0.    0.    0.024 0.001 0.   ]
[0.    0.    0.    0.    0.    0.    0.024 0.001 0.   ]
[0.    0.    0.    0.    0.    0.    0.024 0.001 0.   ]
[0.    0.    0.    0.    0.    0.    0.024 0.001 0.   ]
[0.    0.    0.    0.    0.    0.    0.024 0.001 0.   ]
[0.    0.    0.    0.    0.    0.    0.024 0.001 0.   ]
[0.    0.    0.    0.    0.    0.    0.024 0.001 0.   ]
[0.    0.    0.    0.    0.    0.    0.024 0.001 0.   ]
[0.    0.    0.    0.    0.    0.    0.024 0.001 0.   ]
[0.    0.    0.    0.    0.    0.    0.024 0.001 0.   ]
[0.    0.    0.    0.    0.    0.    0.024 0.001 0.   ]
[0.    0.    0.    0.    0.    0.    0.024 0.001 0.   ]
[0.    0.    0.    0.    0.    0.    0.024 0.001 0.   ]
[0.    0.    0.    0.    0.    0.    0.024 0.001 0.   ]
[0.    0.    0.    0.    0.    0.    0.024 0.001 0.   ]
[0.    0.    0.    0.    0.    0.    0.024 0.001 0.   ]
[0.    0.    0.    0.    0.    0.    0.024 0.001 0.   ]
[0.    0.    0.    0.    0.    0.    0.024 0.001 0.   ]
[0.    0.    0.    0.    0.    0.    0.024 0.001 0.   ]
[0.    0.    0.    0.    0.    0.    0.024 0.001 0.   ]
[0.    0.    0.    0.    0.    0.    0.024 0.001 0.   ]
[0.    0.    0.    0.    0.    0.    0.024 0.001 0.   ]
[0.    0.    0.    0.    0.    0.    0.024 0.001 0.   ]
[0.    0.    0.    0.    0.    0.    0.024 0.001 0.   ]
[0.    0.    0.    0.    0.    0.    0.024 0.001 0.   ]
[0.    0.    0.    0.    0.    0.    0.024 0.001 0.   ]
[0.    0.    0.    0.    0.    0.    0.024 0.001 0.   ]
[0.    0.    0.    0.    0.    0.    0.024 0.001 0.   ]
[0.    0.    0.    0.    0.    0.    0.024 0.001 0.   ]
87,  1.08063,  0.62137,  0.24969,  1.15505,  18.44037,  1070.55991
delay:
[0.    0.    0.    0.    0.    0.    0.025 0.001 0.   ]
[0.    0.    0.    0.    0.    0.    0.025 0.001 0.   ]
[0.    0.    0.    0.    0.    0.    0.025 0.001 0.   ]
[0.    0.    0.    0.    0.    0.    0.025 0.001 0.   ]
[0.    0.    0.    0.    0.    0.    0.025 0.001 0.   ]
[0.    0.    0.    0.    0.    0.    0.025 0.001 0.   ]
[0.    0.    0.    0.    0.    0.    0.025 0.001 0.   ]
[0.    0.    0.    0.    0.    0.    0.025 0.001 0.   ]
[0.    0.    0.    0.    0.    0.    0.025 0.001 0.   ]
[0.    0.    0.    0.    0.    0.    0.025 0.001 0.   ]
[0.    0.    0.    0.    0.    0.    0.025 0.001 0.   ]
[0.    0.    0.    0.    0.    0.    0.025 0.001 0.   ]
[0.    0.    0.    0.    0.    0.    0.025 0.001 0.   ]
[0.    0.    0.    0.    0.    0.    0.025 0.001 0.   ]
[0.    0.    0.    0.    0.    0.    0.025 0.001 0.   ]
[0.    0.    0.    0.    0.    0.    0.025 0.001 0.   ]
[0.    0.    0.    0.    0.    0.    0.025 0.001 0.   ]
[0.    0.    0.    0.    0.    0.    0.025 0.001 0.   ]
[0.    0.    0.    0.    0.    0.    0.025 0.001 0.   ]
[0.    0.    0.    0.    0.    0.    0.025 0.001 0.   ]
[0.    0.    0.    0.    0.    0.    0.025 0.001 0.   ]
[0.    0.    0.    0.    0.    0.    0.025 0.001 0.   ]
[0.    0.    0.    0.    0.    0.    0.025 0.001 0.   ]
[0.    0.    0.    0.    0.    0.    0.025 0.001 0.   ]
[0.    0.    0.    0.    0.    0.    0.025 0.001 0.   ]
[0.    0.    0.    0.    0.    0.    0.025 0.001 0.   ]
[0.    0.    0.    0.    0.    0.    0.025 0.001 0.   ]
[0.    0.    0.    0.    0.    0.    0.025 0.001 0.   ]
[0.    0.    0.    0.    0.    0.    0.025 0.001 0.   ]
[0.    0.    0.    0.    0.    0.    0.025 0.001 0.   ]
[0.    0.    0.    0.    0.    0.    0.025 0.001 0.   ]
[0.    0.    0.    0.    0.    0.    0.025 0.001 0.   ]
