Namespace(data='data/toy_one/3dim_20000seq_64ev/', epoch=100, batch_size=32, d_model=16, d_rnn=8, d_inner_hid=32, d_k=16, d_v=16, n_head=1, n_layers=1, dropout=0.1, lr=0.001, smooth=0.1, log='data/toy_one/3dim_20000seq_64ev/2000_100_20_input16_hidden64_softplus.txt', num_events=64, lr_delay=0.01, n_hidden=64, n_input=16, device=device(type='cpu'))
Epoch, Log-likelihood, Accuracy, RMSE, Gradient_Masker, Gradient_THP
1, -0.06687,  0.59341,  0.58000, -0.27998,  0.00000,  1796.39361
delay:
0.0
0.0
0.0
2,  0.37610,  0.59349,  0.55834,  0.16421,  0.00000,  1440.94985
delay:
0.0
0.0
0.0
3,  0.51671,  0.60222,  0.52266,  0.46185,  0.00000,  791.92679
delay:
0.0
0.0
0.0
4,  0.54707,  0.62603,  0.44723,  0.53456,  0.00000,  460.48374
delay:
0.0
0.0
0.0
5,  0.55688,  0.62635,  0.33610,  0.55305,  0.00000,  311.64416
delay:
0.0
0.0
0.0
6,  0.56125,  0.62627,  0.27709,  0.55996,  0.00000,  298.55606
delay:
0.0
0.0
0.0
7,  0.56447,  0.62635,  0.25663,  0.56376,  0.00000,  315.64127
delay:
0.0
0.0
0.0
8,  0.56921,  0.62587,  0.25565,  0.56761,  0.00000,  312.28090
delay:
0.0
0.0
0.0
9,  0.57612,  0.62611,  0.25939,  0.57270,  0.00000,  367.37572
delay:
0.0
0.0
0.0
10,  0.58357,  0.62563,  0.27487,  0.58028,  0.00000,  302.98547
delay:
0.0
0.0
0.0
11,  0.58882,  0.62714,  0.27661,  0.58587,  0.00000,  334.36330
delay:
0.0
0.0
0.0
12,  0.59417,  0.62675,  0.27742,  0.59067,  0.00000,  306.49152
delay:
0.0
0.0
0.0
13,  0.59986,  0.62714,  0.28204,  0.59548,  0.00000,  293.65602
delay:
0.0
0.0
0.0
14,  0.60690,  0.62698,  0.28474,  0.60118,  0.00000,  276.44154
delay:
0.0
0.0
0.0
15,  0.61341,  0.62643,  0.28879,  0.60755,  0.00000,  253.81450
delay:
0.0
0.0
0.0
16,  0.61923,  0.62683,  0.28966,  0.61360,  0.00000,  303.65178
delay:
0.0
0.0
0.0
17,  0.62472,  0.62698,  0.29073,  0.61895,  0.00000,  305.73120
delay:
0.0
0.0
0.0
18,  0.63001,  0.62730,  0.29073,  0.62358,  0.00000,  256.95203
delay:
0.0
0.0
0.0
19,  0.63527,  0.62730,  0.28535,  0.62928,  0.00000,  266.48681
delay:
0.0
0.0
0.0
20,  0.64025,  0.62722,  0.28121,  0.63295,  0.00000,  296.68168
delay:
0.0
0.0
0.0
21,  0.65313,  0.62683,  0.26230,  0.63936,  0.19401,  327.80297
delay:
0.0
23.672
27.327
22,  0.66791,  0.62667,  0.25331,  0.65295,  0.00000,  317.05977
delay:
0.0
24.031
27.727
23,  0.68311,  0.62690,  0.25056,  0.66434,  0.00000,  422.08054
delay:
0.0
24.034
27.729
24,  0.69689,  0.62587,  0.25016,  0.67729,  0.00000,  379.22418
delay:
0.0
24.034
27.729
25,  0.71849,  0.62532,  0.25192,  0.68956,  0.00000,  622.14753
delay:
0.0
24.034
27.729
26,  0.74383,  0.62540,  0.25308,  0.70776,  0.00000,  718.86338
delay:
0.0
24.034
27.729
27,  0.77324,  0.62524,  0.25435,  0.72908,  0.00000,  887.78517
delay:
0.0
24.034
27.729
28,  0.80624,  0.62571,  0.25444,  0.75133,  0.00000,  984.57640
delay:
0.0
24.034
27.729
29,  0.84125,  0.62548,  0.25444,  0.77932,  0.00000,  936.23910
delay:
0.0
24.034
27.729
30,  0.86405,  0.62492,  0.25281,  0.80508,  0.00000,  1076.03890
delay:
0.0
24.034
27.729
31,  0.87712,  0.62675,  0.25266,  0.82402,  0.00000,  1162.15937
delay:
0.0
24.034
27.729
32,  0.88639,  0.62516,  0.25234,  0.83495,  0.00000,  1177.24908
delay:
0.0
24.034
27.729
33,  0.89741,  0.62516,  0.25187,  0.84515,  0.00000,  1020.69299
delay:
0.0
24.034
27.729
34,  0.90551,  0.62563,  0.25160,  0.85551,  0.00000,  983.35823
delay:
0.0
24.034
27.729
35,  0.91524,  0.62484,  0.25120,  0.86550,  0.00000,  1058.66092
delay:
0.0
24.034
27.729
36,  0.92226,  0.62556,  0.25091,  0.87405,  0.00000,  1581.42474
delay:
0.0
24.034
27.729
37,  0.92639,  0.62524,  0.25078,  0.88332,  0.00000,  1789.68783
delay:
0.0
24.034
27.729
38,  0.93737,  0.62579,  0.25049,  0.89119,  0.00000,  1467.59929
delay:
0.0
24.034
27.729
39,  0.94310,  0.62587,  0.25014,  0.89914,  0.00000,  1397.03300
delay:
0.0
24.034
27.729
40,  0.94644,  0.62468,  0.25012,  0.90646,  0.00000,  1216.72337
delay:
0.0
24.034
27.729
41,  0.53238,  0.54833,  0.25458,  0.91191,  0.00000,  1639.58471
delay:
0.0
24.034
27.729
42,  0.53087,  0.54683,  0.25439,  0.91878,  0.00000,  1645.41540
delay:
0.0
24.034
27.729
43,  0.53391,  0.55468,  0.25345,  0.92406,  0.00000,  1285.75332
delay:
0.0
24.034
27.729
44,  0.53633,  0.55405,  0.25333,  0.92905,  0.00000,  1635.13062
delay:
0.0
24.034
27.729
45,  0.53427,  0.55921,  0.25295,  0.93276,  0.00000,  1250.80056
delay:
0.0
24.034
27.729
46,  0.53700,  0.56341,  0.25274,  0.93558,  0.00000,  1109.91022
delay:
0.0
24.034
27.729
47,  0.53726,  0.57095,  0.25211,  0.94017,  0.00000,  972.69648
delay:
0.0
24.034
27.729
48,  0.53543,  0.57198,  0.25214,  0.94387,  0.00000,  803.60265
delay:
0.0
24.034
27.729
49,  0.53414,  0.56905,  0.25206,  0.94579,  0.00000,  1144.49048
delay:
0.0
24.034
27.729
50,  0.49221,  0.59325,  0.25299,  0.74153,  0.00000,  5284.05890
delay:
0.0
24.034
27.729
51,  0.49151,  0.55349,  0.25434,  0.88277,  0.00000,  1339.27988
delay:
0.0
24.034
27.729
52,  0.49181,  0.54841,  0.25483,  0.90196,  0.00000,  911.62739
delay:
0.0
24.034
27.729
53,  0.49273,  0.54405,  0.25531,  0.91393,  0.00000,  783.09969
delay:
0.0
24.034
27.729
54,  0.49608,  0.54349,  0.25535,  0.92182,  0.00000,  757.07255
delay:
0.0
24.034
27.729
55,  0.49828,  0.54222,  0.25489,  0.92875,  0.00000,  795.93917
delay:
0.0
24.034
27.729
56,  0.50195,  0.54238,  0.25459,  0.93338,  0.00000,  727.91828
delay:
0.0
24.034
27.729
57,  0.50288,  0.54143,  0.25461,  0.93878,  0.00000,  650.31607
delay:
0.0
24.034
27.729
58,  0.50527,  0.54341,  0.25399,  0.94164,  0.00000,  672.02203
delay:
0.0
24.034
27.729
59,  0.50530,  0.54373,  0.25365,  0.94517,  0.00000,  603.50585
delay:
0.0
24.034
27.729
60,  0.50996,  0.54444,  0.25341,  0.94770,  0.00000,  777.10059
delay:
0.0
24.034
27.729
61,  0.97358,  0.62611,  0.25023,  0.95118,  0.00000,  666.29238
delay:
0.0
24.034
27.729
62,  0.97649,  0.62611,  0.25006,  0.95668,  0.00000,  660.90407
delay:
0.0
24.034
27.729
63,  0.98077,  0.62563,  0.24986,  0.96031,  0.00000,  697.93756
delay:
0.0
24.034
27.729
64,  0.97836,  0.62627,  0.24977,  0.96372,  0.00000,  736.08516
delay:
0.0
24.034
27.729
65,  0.98285,  0.62690,  0.24966,  0.96682,  0.00000,  742.94789
delay:
0.0
24.034
27.729
66,  0.98557,  0.62683,  0.24960,  0.96921,  0.00000,  682.84955
delay:
0.0
24.034
27.729
67,  0.99360,  0.62659,  0.24939,  0.97184,  0.00000,  660.88350
delay:
0.0
24.034
27.729
68,  0.99072,  0.62651,  0.24942,  0.97611,  0.00000,  835.29012
delay:
0.0
24.034
27.729
69,  0.99337,  0.62667,  0.24930,  0.97757,  0.00000,  929.32036
delay:
0.0
24.034
27.729
70,  0.99208,  0.62667,  0.24917,  0.98106,  0.00000,  805.42981
delay:
0.0
24.034
27.729
71,  0.99859,  0.62643,  0.24916,  0.98165,  0.00000,  728.29808
delay:
0.0
24.034
27.729
72,  0.99804,  0.62690,  0.24909,  0.98310,  0.00000,  722.09254
delay:
0.0
24.034
27.729
73,  1.00165,  0.62667,  0.24909,  0.98503,  0.00000,  651.29898
delay:
0.0
24.034
27.729
74,  0.99955,  0.62698,  0.24907,  0.98530,  0.00000,  799.24212
delay:
0.0
24.034
27.729
75,  1.00605,  0.62651,  0.24903,  0.98531,  0.00000,  943.39487
delay:
0.0
24.034
27.729
76,  1.00057,  0.62690,  0.24911,  0.98723,  0.00000,  913.82152
delay:
0.0
24.034
27.729
77,  1.00483,  0.62651,  0.24901,  0.98802,  0.00000,  781.37793
delay:
0.0
24.034
27.729
78,  1.00294,  0.62651,  0.24900,  0.98938,  0.00000,  797.06976
delay:
0.0
24.034
27.729
79,  0.99936,  0.62651,  0.24896,  0.99064,  0.00000,  778.37779
delay:
0.0
24.034
27.729
80,  1.00543,  0.62619,  0.24900,  0.99181,  0.00000,  680.33359
delay:
0.0
24.034
27.729
81,  0.32591,  0.61786,  0.25071,  0.99210,  0.00000,  748.17356
delay:
0.0
24.034
27.729
82,  0.32412,  0.61833,  0.25076,  0.99248,  0.00000,  716.56081
delay:
0.0
24.034
27.729
83,  0.32332,  0.61913,  0.25082,  0.99283,  0.00000,  737.17290
delay:
0.0
24.034
27.729
84,  0.32095,  0.62016,  0.25075,  0.99361,  0.00000,  748.98296
delay:
0.0
24.034
27.729
85,  0.32306,  0.62024,  0.25073,  0.99261,  0.00000,  759.09053
delay:
0.0
24.034
27.729
86,  0.32275,  0.62048,  0.25061,  0.99310,  0.00000,  742.94990
delay:
0.0
24.034
27.729
87,  0.32116,  0.62048,  0.25035,  0.99338,  0.00000,  716.33903
delay:
0.0
24.034
27.729
88,  0.31917,  0.62056,  0.25067,  0.99431,  0.00000,  723.45482
delay:
0.0
24.034
27.729
89,  0.31717,  0.62079,  0.25043,  0.99448,  0.00000,  697.85514
delay:
0.0
24.034
27.729
90,  0.31600,  0.62103,  0.25073,  0.99426,  0.00000,  692.54759
delay:
0.0
24.034
27.729
91,  0.31584,  0.62103,  0.25057,  0.99523,  0.00000,  715.40559
delay:
0.0
24.034
27.729
92,  0.31549,  0.62111,  0.25053,  0.99516,  0.00000,  650.10257
delay:
0.0
24.034
27.729
93,  0.31561,  0.62119,  0.25066,  0.99565,  0.00000,  637.03328
delay:
0.0
24.034
27.729
94,  0.31365,  0.62127,  0.25050,  0.99538,  0.00000,  666.58978
delay:
0.0
24.034
27.729
95,  0.31405,  0.62127,  0.25073,  0.99640,  0.00000,  736.08534
delay:
0.0
24.034
27.729
96,  0.31390,  0.62159,  0.25058,  0.99615,  0.00000,  716.82450
delay:
0.0
24.034
27.729
97,  0.31268,  0.62159,  0.25060,  0.99727,  0.00000,  747.46778
delay:
0.0
24.034
27.729
98,  0.31109,  0.62143,  0.25067,  0.99581,  0.00000,  671.89107
delay:
0.0
24.034
27.729
99,  0.31092,  0.62143,  0.25069,  0.99500,  0.00000,  731.25522
delay:
0.0
24.034
27.729
100,  0.23534,  0.62444,  0.25115,  0.36049,  0.00000,  16076.09242
delay:
0.0
24.034
27.729
