Namespace(batch_size=32, d_inner_hid=64, d_k=16, d_model=16, d_rnn=8, d_v=16, data='data/toy_one/3dim_20000seq_64ev/', device=device(type='cpu'), dropout=0.1, epoch=100, log='data/toy_one/3dim_20000seq_64ev/2000_100_25_input16_hidden64.txt', lr=0.001, lr_delay=0.01, n_head=1, n_hidden=64, n_input=16, n_layers=1, num_events=64, smooth=0.1)
Epoch, Log-likelihood, Accuracy, RMSE, Gradient_Masker, Gradient_THP
1,  0.08202,  0.58548,  0.54198, -0.20479,  0.00000,  1597.23386
delay:
[0. 0. 0.]
[0. 0. 0.]
[0. 0. 0.]
2,  0.47636,  0.62548,  0.34569,  0.30970,  0.00000,  1012.72858
delay:
[0. 0. 0.]
[0. 0. 0.]
[0. 0. 0.]
3,  0.54700,  0.62571,  0.27680,  0.52287,  0.00000,  406.35291
delay:
[0. 0. 0.]
[0. 0. 0.]
[0. 0. 0.]
4,  0.55892,  0.62571,  0.25228,  0.55319,  0.00000,  277.14898
delay:
[0. 0. 0.]
[0. 0. 0.]
[0. 0. 0.]
5,  0.56625,  0.62611,  0.25134,  0.56229,  0.00000,  264.62406
delay:
[0. 0. 0.]
[0. 0. 0.]
[0. 0. 0.]
6,  0.57452,  0.62460,  0.25541,  0.57006,  0.00000,  228.01241
delay:
[0. 0. 0.]
[0. 0. 0.]
[0. 0. 0.]
7,  0.58344,  0.62548,  0.25080,  0.57817,  0.00000,  295.19762
delay:
[0. 0. 0.]
[0. 0. 0.]
[0. 0. 0.]
8,  0.59551,  0.62587,  0.25109,  0.58729,  0.00000,  268.56567
delay:
[0. 0. 0.]
[0. 0. 0.]
[0. 0. 0.]
9,  0.61272,  0.62563,  0.25077,  0.60069,  0.00000,  269.59259
delay:
[0. 0. 0.]
[0. 0. 0.]
[0. 0. 0.]
10,  0.62862,  0.62627,  0.25556,  0.61670,  0.00000,  278.00250
delay:
[0. 0. 0.]
[0. 0. 0.]
[0. 0. 0.]
11,  0.63659,  0.62603,  0.25883,  0.62713,  0.00000,  254.29138
delay:
[0. 0. 0.]
[0. 0. 0.]
[0. 0. 0.]
12,  0.64203,  0.62579,  0.25770,  0.63323,  0.00000,  274.62457
delay:
[0. 0. 0.]
[0. 0. 0.]
[0. 0. 0.]
13,  0.64657,  0.62667,  0.25540,  0.63785,  0.00000,  273.70334
delay:
[0. 0. 0.]
[0. 0. 0.]
[0. 0. 0.]
14,  0.65142,  0.62627,  0.25536,  0.64221,  0.00000,  277.27909
delay:
[0. 0. 0.]
[0. 0. 0.]
[0. 0. 0.]
15,  0.65773,  0.62667,  0.25239,  0.64665,  0.00000,  301.28503
delay:
[0. 0. 0.]
[0. 0. 0.]
[0. 0. 0.]
16,  0.66442,  0.62635,  0.25160,  0.65168,  0.00000,  322.65340
delay:
[0. 0. 0.]
[0. 0. 0.]
[0. 0. 0.]
17,  0.67250,  0.62659,  0.25079,  0.65775,  0.00000,  323.10108
delay:
[0. 0. 0.]
[0. 0. 0.]
[0. 0. 0.]
18,  0.68111,  0.62619,  0.25098,  0.66413,  0.00000,  420.36025
delay:
[0. 0. 0.]
[0. 0. 0.]
[0. 0. 0.]
19,  0.69457,  0.62635,  0.25111,  0.67247,  0.00000,  470.84736
delay:
[0. 0. 0.]
[0. 0. 0.]
[0. 0. 0.]
20,  0.70677,  0.62619,  0.25173,  0.68058,  0.00000,  562.69372
delay:
[0. 0. 0.]
[0. 0. 0.]
[0. 0. 0.]
21,  0.71309,  0.62556,  0.25162,  0.68787,  0.00000,  504.28055
delay:
[0. 0. 0.]
[0. 0. 0.]
[0. 0. 0.]
22,  0.72011,  0.62532,  0.25210,  0.69312,  0.00000,  470.44281
delay:
[0. 0. 0.]
[0. 0. 0.]
[0. 0. 0.]
23,  0.72740,  0.62532,  0.25187,  0.69806,  0.00000,  565.13160
delay:
[0. 0. 0.]
[0. 0. 0.]
[0. 0. 0.]
24,  0.73296,  0.62571,  0.25174,  0.70192,  0.00000,  498.38065
delay:
[0. 0. 0.]
[0. 0. 0.]
[0. 0. 0.]
25,  0.73892,  0.62579,  0.25152,  0.70542,  0.00000,  581.01084
delay:
[0. 0. 0.]
[0. 0. 0.]
[0. 0. 0.]
26,  0.73806,  0.62500,  0.25187,  0.70126,  14.48170,  553.66530
delay:
[ 0.     0.     0.     0.     0.     0.    -4.417 -5.79  -3.633]
[ 0.     0.     0.     0.     0.     0.    -4.417 -5.79  -3.633]
[ 0.     0.     0.     0.     0.     0.    -4.417 -5.79  -3.633]
[ 0.     0.     0.     0.     0.     0.    -4.417 -5.79  -3.633]
[ 0.     0.     0.     0.     0.     0.    -4.417 -5.79  -3.633]
[ 0.     0.     0.     0.     0.     0.    -4.417 -5.79  -3.633]
[ 0.     0.     0.     0.     0.     0.    -4.417 -5.79  -3.633]
[ 0.     0.     0.     0.     0.     0.    -4.417 -5.79  -3.633]
[ 0.     0.     0.     0.     0.     0.    -4.417 -5.79  -3.633]
[ 0.     0.     0.     0.     0.     0.    -4.417 -5.79  -3.633]
[ 0.     0.     0.     0.     0.     0.    -4.417 -5.79  -3.633]
[ 0.     0.     0.     0.     0.     0.    -4.417 -5.79  -3.633]
[ 0.     0.     0.     0.     0.     0.    -4.417 -5.79  -3.633]
[ 0.     0.     0.     0.     0.     0.    -4.417 -5.79  -3.633]
[ 0.     0.     0.     0.     0.     0.    -4.417 -5.79  -3.633]
[ 0.     0.     0.     0.     0.     0.    -4.417 -5.79  -3.633]
27,  0.73754,  0.62460,  0.25181,  0.70796,  0.00000,  502.93141
delay:
[ 0.     0.     0.     0.     0.     0.    -4.441 -5.923 -3.665]
[ 0.     0.     0.     0.     0.     0.    -4.441 -5.923 -3.665]
[ 0.     0.     0.     0.     0.     0.    -4.441 -5.923 -3.665]
[ 0.     0.     0.     0.     0.     0.    -4.441 -5.923 -3.665]
[ 0.     0.     0.     0.     0.     0.    -4.441 -5.923 -3.665]
[ 0.     0.     0.     0.     0.     0.    -4.441 -5.923 -3.665]
[ 0.     0.     0.     0.     0.     0.    -4.441 -5.923 -3.665]
[ 0.     0.     0.     0.     0.     0.    -4.441 -5.923 -3.665]
[ 0.     0.     0.     0.     0.     0.    -4.441 -5.923 -3.665]
[ 0.     0.     0.     0.     0.     0.    -4.441 -5.923 -3.665]
[ 0.     0.     0.     0.     0.     0.    -4.441 -5.923 -3.665]
[ 0.     0.     0.     0.     0.     0.    -4.441 -5.923 -3.665]
[ 0.     0.     0.     0.     0.     0.    -4.441 -5.923 -3.665]
[ 0.     0.     0.     0.     0.     0.    -4.441 -5.923 -3.665]
[ 0.     0.     0.     0.     0.     0.    -4.441 -5.923 -3.665]
[ 0.     0.     0.     0.     0.     0.    -4.441 -5.923 -3.665]
28,  0.73954,  0.62540,  0.25152,  0.71302,  0.00000,  531.73484
delay:
[ 0.     0.     0.     0.     0.     0.    -4.441 -5.923 -3.665]
[ 0.     0.     0.     0.     0.     0.    -4.441 -5.923 -3.665]
[ 0.     0.     0.     0.     0.     0.    -4.441 -5.923 -3.665]
[ 0.     0.     0.     0.     0.     0.    -4.441 -5.923 -3.665]
[ 0.     0.     0.     0.     0.     0.    -4.441 -5.923 -3.665]
[ 0.     0.     0.     0.     0.     0.    -4.441 -5.923 -3.665]
[ 0.     0.     0.     0.     0.     0.    -4.441 -5.923 -3.665]
[ 0.     0.     0.     0.     0.     0.    -4.441 -5.923 -3.665]
[ 0.     0.     0.     0.     0.     0.    -4.441 -5.923 -3.665]
[ 0.     0.     0.     0.     0.     0.    -4.441 -5.923 -3.665]
[ 0.     0.     0.     0.     0.     0.    -4.441 -5.923 -3.665]
[ 0.     0.     0.     0.     0.     0.    -4.441 -5.923 -3.665]
[ 0.     0.     0.     0.     0.     0.    -4.441 -5.923 -3.665]
[ 0.     0.     0.     0.     0.     0.    -4.441 -5.923 -3.665]
[ 0.     0.     0.     0.     0.     0.    -4.441 -5.923 -3.665]
[ 0.     0.     0.     0.     0.     0.    -4.441 -5.923 -3.665]
29,  0.74481,  0.62508,  0.25104,  0.71889,  0.00000,  518.78789
delay:
[ 0.     0.     0.     0.     0.     0.    -4.441 -5.923 -3.665]
[ 0.     0.     0.     0.     0.     0.    -4.441 -5.923 -3.665]
[ 0.     0.     0.     0.     0.     0.    -4.441 -5.923 -3.665]
[ 0.     0.     0.     0.     0.     0.    -4.441 -5.923 -3.665]
[ 0.     0.     0.     0.     0.     0.    -4.441 -5.923 -3.665]
[ 0.     0.     0.     0.     0.     0.    -4.441 -5.923 -3.665]
[ 0.     0.     0.     0.     0.     0.    -4.441 -5.923 -3.665]
[ 0.     0.     0.     0.     0.     0.    -4.441 -5.923 -3.665]
[ 0.     0.     0.     0.     0.     0.    -4.441 -5.923 -3.665]
[ 0.     0.     0.     0.     0.     0.    -4.441 -5.923 -3.665]
[ 0.     0.     0.     0.     0.     0.    -4.441 -5.923 -3.665]
[ 0.     0.     0.     0.     0.     0.    -4.441 -5.923 -3.665]
[ 0.     0.     0.     0.     0.     0.    -4.441 -5.923 -3.665]
[ 0.     0.     0.     0.     0.     0.    -4.441 -5.923 -3.665]
[ 0.     0.     0.     0.     0.     0.    -4.441 -5.923 -3.665]
[ 0.     0.     0.     0.     0.     0.    -4.441 -5.923 -3.665]
30,  0.74763,  0.62460,  0.25068,  0.72308,  0.00000,  543.86520
delay:
[ 0.     0.     0.     0.     0.     0.    -4.441 -5.923 -3.665]
[ 0.     0.     0.     0.     0.     0.    -4.441 -5.923 -3.665]
[ 0.     0.     0.     0.     0.     0.    -4.441 -5.923 -3.665]
[ 0.     0.     0.     0.     0.     0.    -4.441 -5.923 -3.665]
[ 0.     0.     0.     0.     0.     0.    -4.441 -5.923 -3.665]
[ 0.     0.     0.     0.     0.     0.    -4.441 -5.923 -3.665]
[ 0.     0.     0.     0.     0.     0.    -4.441 -5.923 -3.665]
[ 0.     0.     0.     0.     0.     0.    -4.441 -5.923 -3.665]
[ 0.     0.     0.     0.     0.     0.    -4.441 -5.923 -3.665]
[ 0.     0.     0.     0.     0.     0.    -4.441 -5.923 -3.665]
[ 0.     0.     0.     0.     0.     0.    -4.441 -5.923 -3.665]
[ 0.     0.     0.     0.     0.     0.    -4.441 -5.923 -3.665]
[ 0.     0.     0.     0.     0.     0.    -4.441 -5.923 -3.665]
[ 0.     0.     0.     0.     0.     0.    -4.441 -5.923 -3.665]
[ 0.     0.     0.     0.     0.     0.    -4.441 -5.923 -3.665]
[ 0.     0.     0.     0.     0.     0.    -4.441 -5.923 -3.665]
31,  0.74865,  0.62484,  0.25057,  0.72746,  0.00000,  550.01471
delay:
[ 0.     0.     0.     0.     0.     0.    -4.441 -5.923 -3.665]
[ 0.     0.     0.     0.     0.     0.    -4.441 -5.923 -3.665]
[ 0.     0.     0.     0.     0.     0.    -4.441 -5.923 -3.665]
[ 0.     0.     0.     0.     0.     0.    -4.441 -5.923 -3.665]
[ 0.     0.     0.     0.     0.     0.    -4.441 -5.923 -3.665]
[ 0.     0.     0.     0.     0.     0.    -4.441 -5.923 -3.665]
[ 0.     0.     0.     0.     0.     0.    -4.441 -5.923 -3.665]
[ 0.     0.     0.     0.     0.     0.    -4.441 -5.923 -3.665]
[ 0.     0.     0.     0.     0.     0.    -4.441 -5.923 -3.665]
[ 0.     0.     0.     0.     0.     0.    -4.441 -5.923 -3.665]
[ 0.     0.     0.     0.     0.     0.    -4.441 -5.923 -3.665]
[ 0.     0.     0.     0.     0.     0.    -4.441 -5.923 -3.665]
[ 0.     0.     0.     0.     0.     0.    -4.441 -5.923 -3.665]
[ 0.     0.     0.     0.     0.     0.    -4.441 -5.923 -3.665]
[ 0.     0.     0.     0.     0.     0.    -4.441 -5.923 -3.665]
[ 0.     0.     0.     0.     0.     0.    -4.441 -5.923 -3.665]
32,  0.75023,  0.62540,  0.25053,  0.72904,  0.00000,  525.89221
delay:
[ 0.     0.     0.     0.     0.     0.    -4.441 -5.923 -3.665]
[ 0.     0.     0.     0.     0.     0.    -4.441 -5.923 -3.665]
[ 0.     0.     0.     0.     0.     0.    -4.441 -5.923 -3.665]
[ 0.     0.     0.     0.     0.     0.    -4.441 -5.923 -3.665]
[ 0.     0.     0.     0.     0.     0.    -4.441 -5.923 -3.665]
[ 0.     0.     0.     0.     0.     0.    -4.441 -5.923 -3.665]
[ 0.     0.     0.     0.     0.     0.    -4.441 -5.923 -3.665]
[ 0.     0.     0.     0.     0.     0.    -4.441 -5.923 -3.665]
[ 0.     0.     0.     0.     0.     0.    -4.441 -5.923 -3.665]
[ 0.     0.     0.     0.     0.     0.    -4.441 -5.923 -3.665]
[ 0.     0.     0.     0.     0.     0.    -4.441 -5.923 -3.665]
[ 0.     0.     0.     0.     0.     0.    -4.441 -5.923 -3.665]
[ 0.     0.     0.     0.     0.     0.    -4.441 -5.923 -3.665]
[ 0.     0.     0.     0.     0.     0.    -4.441 -5.923 -3.665]
[ 0.     0.     0.     0.     0.     0.    -4.441 -5.923 -3.665]
[ 0.     0.     0.     0.     0.     0.    -4.441 -5.923 -3.665]
33,  0.75129,  0.62524,  0.25034,  0.73071,  0.00000,  527.56667
delay:
[ 0.     0.     0.     0.     0.     0.    -4.441 -5.923 -3.665]
[ 0.     0.     0.     0.     0.     0.    -4.441 -5.923 -3.665]
[ 0.     0.     0.     0.     0.     0.    -4.441 -5.923 -3.665]
[ 0.     0.     0.     0.     0.     0.    -4.441 -5.923 -3.665]
[ 0.     0.     0.     0.     0.     0.    -4.441 -5.923 -3.665]
[ 0.     0.     0.     0.     0.     0.    -4.441 -5.923 -3.665]
[ 0.     0.     0.     0.     0.     0.    -4.441 -5.923 -3.665]
[ 0.     0.     0.     0.     0.     0.    -4.441 -5.923 -3.665]
[ 0.     0.     0.     0.     0.     0.    -4.441 -5.923 -3.665]
[ 0.     0.     0.     0.     0.     0.    -4.441 -5.923 -3.665]
[ 0.     0.     0.     0.     0.     0.    -4.441 -5.923 -3.665]
[ 0.     0.     0.     0.     0.     0.    -4.441 -5.923 -3.665]
[ 0.     0.     0.     0.     0.     0.    -4.441 -5.923 -3.665]
[ 0.     0.     0.     0.     0.     0.    -4.441 -5.923 -3.665]
[ 0.     0.     0.     0.     0.     0.    -4.441 -5.923 -3.665]
[ 0.     0.     0.     0.     0.     0.    -4.441 -5.923 -3.665]
34,  0.75207,  0.62500,  0.25032,  0.73406,  0.00000,  516.45932
delay:
[ 0.     0.     0.     0.     0.     0.    -4.441 -5.923 -3.665]
[ 0.     0.     0.     0.     0.     0.    -4.441 -5.923 -3.665]
[ 0.     0.     0.     0.     0.     0.    -4.441 -5.923 -3.665]
[ 0.     0.     0.     0.     0.     0.    -4.441 -5.923 -3.665]
[ 0.     0.     0.     0.     0.     0.    -4.441 -5.923 -3.665]
[ 0.     0.     0.     0.     0.     0.    -4.441 -5.923 -3.665]
[ 0.     0.     0.     0.     0.     0.    -4.441 -5.923 -3.665]
[ 0.     0.     0.     0.     0.     0.    -4.441 -5.923 -3.665]
[ 0.     0.     0.     0.     0.     0.    -4.441 -5.923 -3.665]
[ 0.     0.     0.     0.     0.     0.    -4.441 -5.923 -3.665]
[ 0.     0.     0.     0.     0.     0.    -4.441 -5.923 -3.665]
[ 0.     0.     0.     0.     0.     0.    -4.441 -5.923 -3.665]
[ 0.     0.     0.     0.     0.     0.    -4.441 -5.923 -3.665]
[ 0.     0.     0.     0.     0.     0.    -4.441 -5.923 -3.665]
[ 0.     0.     0.     0.     0.     0.    -4.441 -5.923 -3.665]
[ 0.     0.     0.     0.     0.     0.    -4.441 -5.923 -3.665]
35,  0.75326,  0.62516,  0.25026,  0.73409,  0.00000,  557.03391
delay:
[ 0.     0.     0.     0.     0.     0.    -4.441 -5.923 -3.665]
[ 0.     0.     0.     0.     0.     0.    -4.441 -5.923 -3.665]
[ 0.     0.     0.     0.     0.     0.    -4.441 -5.923 -3.665]
[ 0.     0.     0.     0.     0.     0.    -4.441 -5.923 -3.665]
[ 0.     0.     0.     0.     0.     0.    -4.441 -5.923 -3.665]
[ 0.     0.     0.     0.     0.     0.    -4.441 -5.923 -3.665]
[ 0.     0.     0.     0.     0.     0.    -4.441 -5.923 -3.665]
[ 0.     0.     0.     0.     0.     0.    -4.441 -5.923 -3.665]
[ 0.     0.     0.     0.     0.     0.    -4.441 -5.923 -3.665]
[ 0.     0.     0.     0.     0.     0.    -4.441 -5.923 -3.665]
[ 0.     0.     0.     0.     0.     0.    -4.441 -5.923 -3.665]
[ 0.     0.     0.     0.     0.     0.    -4.441 -5.923 -3.665]
[ 0.     0.     0.     0.     0.     0.    -4.441 -5.923 -3.665]
[ 0.     0.     0.     0.     0.     0.    -4.441 -5.923 -3.665]
[ 0.     0.     0.     0.     0.     0.    -4.441 -5.923 -3.665]
[ 0.     0.     0.     0.     0.     0.    -4.441 -5.923 -3.665]
36,  0.75430,  0.62532,  0.25013,  0.73616,  0.00000,  527.01638
delay:
[ 0.     0.     0.     0.     0.     0.    -4.441 -5.923 -3.665]
[ 0.     0.     0.     0.     0.     0.    -4.441 -5.923 -3.665]
[ 0.     0.     0.     0.     0.     0.    -4.441 -5.923 -3.665]
[ 0.     0.     0.     0.     0.     0.    -4.441 -5.923 -3.665]
[ 0.     0.     0.     0.     0.     0.    -4.441 -5.923 -3.665]
[ 0.     0.     0.     0.     0.     0.    -4.441 -5.923 -3.665]
[ 0.     0.     0.     0.     0.     0.    -4.441 -5.923 -3.665]
[ 0.     0.     0.     0.     0.     0.    -4.441 -5.923 -3.665]
[ 0.     0.     0.     0.     0.     0.    -4.441 -5.923 -3.665]
[ 0.     0.     0.     0.     0.     0.    -4.441 -5.923 -3.665]
[ 0.     0.     0.     0.     0.     0.    -4.441 -5.923 -3.665]
[ 0.     0.     0.     0.     0.     0.    -4.441 -5.923 -3.665]
[ 0.     0.     0.     0.     0.     0.    -4.441 -5.923 -3.665]
[ 0.     0.     0.     0.     0.     0.    -4.441 -5.923 -3.665]
[ 0.     0.     0.     0.     0.     0.    -4.441 -5.923 -3.665]
[ 0.     0.     0.     0.     0.     0.    -4.441 -5.923 -3.665]
37,  0.75695,  0.62492,  0.24998,  0.73801,  0.00000,  538.80832
delay:
[ 0.     0.     0.     0.     0.     0.    -4.441 -5.923 -3.665]
[ 0.     0.     0.     0.     0.     0.    -4.441 -5.923 -3.665]
[ 0.     0.     0.     0.     0.     0.    -4.441 -5.923 -3.665]
[ 0.     0.     0.     0.     0.     0.    -4.441 -5.923 -3.665]
[ 0.     0.     0.     0.     0.     0.    -4.441 -5.923 -3.665]
[ 0.     0.     0.     0.     0.     0.    -4.441 -5.923 -3.665]
[ 0.     0.     0.     0.     0.     0.    -4.441 -5.923 -3.665]
[ 0.     0.     0.     0.     0.     0.    -4.441 -5.923 -3.665]
[ 0.     0.     0.     0.     0.     0.    -4.441 -5.923 -3.665]
[ 0.     0.     0.     0.     0.     0.    -4.441 -5.923 -3.665]
[ 0.     0.     0.     0.     0.     0.    -4.441 -5.923 -3.665]
[ 0.     0.     0.     0.     0.     0.    -4.441 -5.923 -3.665]
[ 0.     0.     0.     0.     0.     0.    -4.441 -5.923 -3.665]
[ 0.     0.     0.     0.     0.     0.    -4.441 -5.923 -3.665]
[ 0.     0.     0.     0.     0.     0.    -4.441 -5.923 -3.665]
[ 0.     0.     0.     0.     0.     0.    -4.441 -5.923 -3.665]
38,  0.75711,  0.62556,  0.24996,  0.74092,  0.00000,  526.12691
delay:
[ 0.     0.     0.     0.     0.     0.    -4.441 -5.923 -3.665]
[ 0.     0.     0.     0.     0.     0.    -4.441 -5.923 -3.665]
[ 0.     0.     0.     0.     0.     0.    -4.441 -5.923 -3.665]
[ 0.     0.     0.     0.     0.     0.    -4.441 -5.923 -3.665]
[ 0.     0.     0.     0.     0.     0.    -4.441 -5.923 -3.665]
[ 0.     0.     0.     0.     0.     0.    -4.441 -5.923 -3.665]
[ 0.     0.     0.     0.     0.     0.    -4.441 -5.923 -3.665]
[ 0.     0.     0.     0.     0.     0.    -4.441 -5.923 -3.665]
[ 0.     0.     0.     0.     0.     0.    -4.441 -5.923 -3.665]
[ 0.     0.     0.     0.     0.     0.    -4.441 -5.923 -3.665]
[ 0.     0.     0.     0.     0.     0.    -4.441 -5.923 -3.665]
[ 0.     0.     0.     0.     0.     0.    -4.441 -5.923 -3.665]
[ 0.     0.     0.     0.     0.     0.    -4.441 -5.923 -3.665]
[ 0.     0.     0.     0.     0.     0.    -4.441 -5.923 -3.665]
[ 0.     0.     0.     0.     0.     0.    -4.441 -5.923 -3.665]
[ 0.     0.     0.     0.     0.     0.    -4.441 -5.923 -3.665]
39,  0.75804,  0.62508,  0.24983,  0.74305,  0.00000,  585.36688
delay:
[ 0.     0.     0.     0.     0.     0.    -4.441 -5.923 -3.665]
[ 0.     0.     0.     0.     0.     0.    -4.441 -5.923 -3.665]
[ 0.     0.     0.     0.     0.     0.    -4.441 -5.923 -3.665]
[ 0.     0.     0.     0.     0.     0.    -4.441 -5.923 -3.665]
[ 0.     0.     0.     0.     0.     0.    -4.441 -5.923 -3.665]
[ 0.     0.     0.     0.     0.     0.    -4.441 -5.923 -3.665]
[ 0.     0.     0.     0.     0.     0.    -4.441 -5.923 -3.665]
[ 0.     0.     0.     0.     0.     0.    -4.441 -5.923 -3.665]
[ 0.     0.     0.     0.     0.     0.    -4.441 -5.923 -3.665]
[ 0.     0.     0.     0.     0.     0.    -4.441 -5.923 -3.665]
[ 0.     0.     0.     0.     0.     0.    -4.441 -5.923 -3.665]
[ 0.     0.     0.     0.     0.     0.    -4.441 -5.923 -3.665]
[ 0.     0.     0.     0.     0.     0.    -4.441 -5.923 -3.665]
[ 0.     0.     0.     0.     0.     0.    -4.441 -5.923 -3.665]
[ 0.     0.     0.     0.     0.     0.    -4.441 -5.923 -3.665]
[ 0.     0.     0.     0.     0.     0.    -4.441 -5.923 -3.665]
40,  0.75965,  0.62492,  0.24964,  0.74458,  0.00000,  551.64787
delay:
[ 0.     0.     0.     0.     0.     0.    -4.441 -5.923 -3.665]
[ 0.     0.     0.     0.     0.     0.    -4.441 -5.923 -3.665]
[ 0.     0.     0.     0.     0.     0.    -4.441 -5.923 -3.665]
[ 0.     0.     0.     0.     0.     0.    -4.441 -5.923 -3.665]
[ 0.     0.     0.     0.     0.     0.    -4.441 -5.923 -3.665]
[ 0.     0.     0.     0.     0.     0.    -4.441 -5.923 -3.665]
[ 0.     0.     0.     0.     0.     0.    -4.441 -5.923 -3.665]
[ 0.     0.     0.     0.     0.     0.    -4.441 -5.923 -3.665]
[ 0.     0.     0.     0.     0.     0.    -4.441 -5.923 -3.665]
[ 0.     0.     0.     0.     0.     0.    -4.441 -5.923 -3.665]
[ 0.     0.     0.     0.     0.     0.    -4.441 -5.923 -3.665]
[ 0.     0.     0.     0.     0.     0.    -4.441 -5.923 -3.665]
[ 0.     0.     0.     0.     0.     0.    -4.441 -5.923 -3.665]
[ 0.     0.     0.     0.     0.     0.    -4.441 -5.923 -3.665]
[ 0.     0.     0.     0.     0.     0.    -4.441 -5.923 -3.665]
[ 0.     0.     0.     0.     0.     0.    -4.441 -5.923 -3.665]
41,  0.76029,  0.62484,  0.24967,  0.74607,  0.00000,  534.57235
delay:
[ 0.     0.     0.     0.     0.     0.    -4.441 -5.923 -3.665]
[ 0.     0.     0.     0.     0.     0.    -4.441 -5.923 -3.665]
[ 0.     0.     0.     0.     0.     0.    -4.441 -5.923 -3.665]
[ 0.     0.     0.     0.     0.     0.    -4.441 -5.923 -3.665]
[ 0.     0.     0.     0.     0.     0.    -4.441 -5.923 -3.665]
[ 0.     0.     0.     0.     0.     0.    -4.441 -5.923 -3.665]
[ 0.     0.     0.     0.     0.     0.    -4.441 -5.923 -3.665]
[ 0.     0.     0.     0.     0.     0.    -4.441 -5.923 -3.665]
[ 0.     0.     0.     0.     0.     0.    -4.441 -5.923 -3.665]
[ 0.     0.     0.     0.     0.     0.    -4.441 -5.923 -3.665]
[ 0.     0.     0.     0.     0.     0.    -4.441 -5.923 -3.665]
[ 0.     0.     0.     0.     0.     0.    -4.441 -5.923 -3.665]
[ 0.     0.     0.     0.     0.     0.    -4.441 -5.923 -3.665]
[ 0.     0.     0.     0.     0.     0.    -4.441 -5.923 -3.665]
[ 0.     0.     0.     0.     0.     0.    -4.441 -5.923 -3.665]
[ 0.     0.     0.     0.     0.     0.    -4.441 -5.923 -3.665]
42,  0.76108,  0.62476,  0.24961,  0.74802,  0.00000,  551.98281
delay:
[ 0.     0.     0.     0.     0.     0.    -4.441 -5.923 -3.665]
[ 0.     0.     0.     0.     0.     0.    -4.441 -5.923 -3.665]
[ 0.     0.     0.     0.     0.     0.    -4.441 -5.923 -3.665]
[ 0.     0.     0.     0.     0.     0.    -4.441 -5.923 -3.665]
[ 0.     0.     0.     0.     0.     0.    -4.441 -5.923 -3.665]
[ 0.     0.     0.     0.     0.     0.    -4.441 -5.923 -3.665]
[ 0.     0.     0.     0.     0.     0.    -4.441 -5.923 -3.665]
[ 0.     0.     0.     0.     0.     0.    -4.441 -5.923 -3.665]
[ 0.     0.     0.     0.     0.     0.    -4.441 -5.923 -3.665]
[ 0.     0.     0.     0.     0.     0.    -4.441 -5.923 -3.665]
[ 0.     0.     0.     0.     0.     0.    -4.441 -5.923 -3.665]
[ 0.     0.     0.     0.     0.     0.    -4.441 -5.923 -3.665]
[ 0.     0.     0.     0.     0.     0.    -4.441 -5.923 -3.665]
[ 0.     0.     0.     0.     0.     0.    -4.441 -5.923 -3.665]
[ 0.     0.     0.     0.     0.     0.    -4.441 -5.923 -3.665]
[ 0.     0.     0.     0.     0.     0.    -4.441 -5.923 -3.665]
