Namespace(data='data/toy_one/3dim_20000seq_64ev/', epoch=100, batch_size=16, d_model=16, d_rnn=8, d_inner_hid=32, d_k=16, d_v=16, n_head=1, n_layers=1, dropout=0.1, lr=0.001, smooth=0.1, log='data/toy_one/3dim_20000seq_64ev/2000_100_20_input3_hidden32_softplus.txt', num_events=64, lr_delay=0.01, n_hidden=32, n_input=3, device=device(type='cpu'))
Epoch, Log-likelihood-valid, Accuracy, RMSE, Log-likelihood, Gradient_Masker, Gradient_THP
1,  0.25988,  0.62476,  0.71191, -0.13380,  0.00000,  826.82824
delay:
0.0
0.0
0.0
2,  0.52996,  0.62492,  0.27412,  0.44729,  0.00000,  330.64781
delay:
0.0
0.0
0.0
3,  0.55795,  0.62460,  0.25583,  0.54760,  0.00000,  165.71812
delay:
0.0
0.0
0.0
4,  0.56893,  0.62563,  0.25503,  0.56391,  0.00000,  162.32053
delay:
0.0
0.0
0.0
5,  0.58110,  0.62389,  0.25334,  0.57510,  0.00000,  164.07968
delay:
0.0
0.0
0.0
6,  0.60003,  0.62619,  0.24912,  0.59062,  0.00000,  155.28845
delay:
0.0
0.0
0.0
7,  0.61733,  0.62595,  0.24761,  0.60723,  0.00000,  154.87416
delay:
0.0
0.0
0.0
8,  0.63162,  0.62603,  0.24930,  0.62118,  0.00000,  147.28847
delay:
0.0
0.0
0.0
9,  0.64298,  0.62603,  0.25003,  0.63340,  0.00000,  165.21794
delay:
0.0
0.0
0.0
10,  0.65333,  0.62563,  0.25016,  0.64304,  0.00000,  175.13216
delay:
0.0
0.0
0.0
11,  0.65973,  0.62611,  0.25097,  0.65046,  0.00000,  161.16394
delay:
0.0
0.0
0.0
12,  0.66333,  0.62611,  0.25046,  0.65492,  0.00000,  174.58398
delay:
0.0
0.0
0.0
13,  0.66892,  0.62619,  0.25200,  0.65906,  0.00000,  174.33924
delay:
0.0
0.0
0.0
14,  0.67279,  0.62571,  0.25204,  0.66230,  0.00000,  196.28536
delay:
0.0
0.0
0.0
15,  0.67808,  0.62579,  0.25321,  0.66578,  0.00000,  192.98293
delay:
0.0
0.0
0.0
16,  0.68202,  0.62563,  0.25343,  0.67016,  0.00000,  218.11893
delay:
0.0
0.0
0.0
17,  0.68756,  0.62516,  0.25447,  0.67448,  0.00000,  207.74848
delay:
0.0
0.0
0.0
18,  0.69313,  0.62532,  0.25559,  0.67894,  0.00000,  218.41579
delay:
0.0
0.0
0.0
19,  0.69862,  0.62468,  0.25626,  0.68302,  0.00000,  230.24122
delay:
0.0
0.0
0.0
20,  0.70522,  0.62452,  0.25799,  0.68847,  0.00000,  243.05346
delay:
0.0
0.0
0.0
21,  0.71579,  0.62452,  0.25835,  0.69348,  0.74426,  261.84286
delay:
0.0
0.0
14.339
22,  0.73475,  0.62516,  0.25874,  0.70623,  0.10480,  298.53798
delay:
0.0
0.0
7.33
23,  0.76210,  0.62508,  0.26063,  0.72472,  9.92555,  336.71031
delay:
0.0
0.275
6.965
24,  0.80719,  0.62548,  0.26044,  0.75308,  41.22232,  422.79083
delay:
0.193
0.232
5.646
25,  0.86393,  0.62508,  0.25466,  0.79402,  49.98917,  539.61808
delay:
0.188
0.302
4.319
26,  0.91830,  0.62619,  0.25082,  0.84333,  71.34098,  582.38441
delay:
0.149
0.209
2.978
27,  0.95641,  0.62659,  0.25015,  0.88795,  92.34462,  672.38518
delay:
0.13
0.192
0.822
28,  0.98317,  0.62579,  0.24942,  0.92053,  74.89415,  723.26272
delay:
0.105
0.168
0.786
29,  1.00407,  0.62595,  0.24944,  0.94673,  77.40683,  724.55157
delay:
0.096
0.153
0.736
30,  1.02264,  0.62540,  0.24908,  0.96766,  77.25753,  805.50179
delay:
0.083
0.11
0.723
31,  1.03040,  0.62532,  0.24846,  0.98295,  56.05934,  520.03649
delay:
0.07
0.093
0.796
32,  1.03807,  0.62508,  0.24823,  0.99258,  58.52225,  550.39990
delay:
0.07
0.071
0.659
33,  1.04418,  0.62508,  0.24844,  0.99921,  47.95909,  551.27463
delay:
0.053
0.057
0.722
34,  1.04549,  0.62492,  0.24858,  1.00772,  44.67300,  613.44859
delay:
0.056
0.049
0.728
35,  1.05709,  0.62484,  0.24782,  1.01453,  46.61274,  562.29876
delay:
0.051
0.037
0.661
36,  1.06061,  0.62492,  0.24770,  1.01913,  41.91974,  601.00823
delay:
0.046
0.032
0.635
37,  1.06582,  0.62476,  0.24746,  1.02533,  38.21547,  553.88410
delay:
0.038
0.022
0.67
38,  1.06987,  0.62437,  0.24749,  1.03032,  33.02010,  516.88238
delay:
0.037
0.02
0.714
39,  1.07346,  0.62468,  0.24751,  1.03426,  36.94714,  637.08685
delay:
0.036
0.015
0.647
40,  1.07785,  0.62476,  0.24753,  1.03891,  32.26454,  603.32333
delay:
0.03
0.012
0.625
41,  0.04542,  0.62540,  0.24743,  1.04080,  11.11358,  684.40379
delay:
0.03
0.012
0.625
42,  0.07232,  0.62476,  0.24834,  1.04523,  11.11358,  565.16747
delay:
0.03
0.012
0.625
43,  0.05572,  0.62563,  0.24758,  1.04734,  11.11358,  531.91582
delay:
0.03
0.012
0.625
44,  0.06342,  0.62540,  0.24777,  1.04990,  11.11358,  546.51766
delay:
0.03
0.012
0.625
45,  0.04886,  0.62548,  0.24788,  1.05126,  11.11358,  565.64426
delay:
0.03
0.012
0.625
46,  0.04503,  0.62587,  0.24809,  1.05318,  11.11358,  491.59375
delay:
0.03
0.012
0.625
47,  0.04166,  0.62524,  0.24758,  1.05372,  11.11358,  536.94534
delay:
0.03
0.012
0.625
48,  0.02876,  0.62516,  0.24754,  1.05559,  11.11358,  469.18046
delay:
0.03
0.012
0.625
49,  0.03032,  0.62563,  0.24793,  1.05692,  11.11358,  516.94108
delay:
0.03
0.012
0.625
50, -0.35336,  0.60683,  0.24875,  0.89196,  11.11358,  1696.73833
delay:
0.03
0.012
0.625
51, -0.37805,  0.60405,  0.24896,  0.99069,  11.11358,  516.14084
delay:
0.03
0.012
0.625
52, -0.38049,  0.60413,  0.24890,  1.00931,  11.11358,  468.67846
delay:
0.03
0.012
0.625
53, -0.36205,  0.60429,  0.24976,  1.02089,  11.11358,  453.86939
delay:
0.03
0.012
0.625
54, -0.33899,  0.60500,  0.24936,  1.02821,  11.11358,  436.03370
delay:
0.03
0.012
0.625
55, -0.31429,  0.60524,  0.24910,  1.03475,  11.11358,  450.88844
delay:
0.03
0.012
0.625
56, -0.29278,  0.60603,  0.24869,  1.03892,  11.11358,  437.10229
delay:
0.03
0.012
0.625
57, -0.27627,  0.60825,  0.24841,  1.04241,  11.11358,  427.47521
delay:
0.03
0.012
0.625
58, -0.26081,  0.60825,  0.24844,  1.04573,  11.11358,  397.34696
delay:
0.03
0.012
0.625
59, -0.23867,  0.60913,  0.24847,  1.04773,  11.11358,  404.80110
delay:
0.03
0.012
0.625
60, -0.21832,  0.61198,  0.24787,  1.04940,  11.11358,  448.57377
delay:
0.03
0.012
0.625
61,  1.08100,  0.62595,  0.24731,  1.05185,  25.49742,  428.70450
delay:
0.03
0.009
0.732
62,  1.08383,  0.62516,  0.24720,  1.05556,  20.71130,  426.55624
delay:
0.027
0.006
0.77
63,  1.08640,  0.62476,  0.24719,  1.05754,  22.60582,  466.45142
delay:
0.025
0.005
0.795
64,  1.08888,  0.62548,  0.24709,  1.05926,  22.93071,  448.35010
delay:
0.025
0.004
0.805
65,  1.09090,  0.62540,  0.24722,  1.06148,  23.61133,  450.08928
delay:
0.022
0.003
0.803
66,  1.09260,  0.62532,  0.24706,  1.06266,  21.37026,  481.25374
delay:
0.022
0.003
0.773
67,  1.09454,  0.62571,  0.24710,  1.06482,  18.56183,  493.42121
delay:
0.021
0.002
0.75
68,  1.09604,  0.62579,  0.24704,  1.06651,  18.08291,  503.62096
delay:
0.02
0.002
0.725
69,  1.09790,  0.62532,  0.24696,  1.06819,  17.72231,  484.48672
delay:
0.02
0.002
0.708
70,  1.09960,  0.62571,  0.24700,  1.06975,  20.33916,  499.41674
delay:
0.019
0.001
0.697
71,  1.10107,  0.62627,  0.24698,  1.07107,  14.44391,  485.62888
delay:
0.019
0.001
0.693
72,  1.10198,  0.62595,  0.24697,  1.07254,  14.01975,  438.90565
delay:
0.018
0.001
0.692
73,  1.10304,  0.62571,  0.24694,  1.07310,  15.73647,  462.02198
delay:
0.017
0.001
0.665
74,  1.10369,  0.62571,  0.24691,  1.07255,  20.26181,  504.62809
delay:
0.017
0.001
0.637
75,  1.10459,  0.62611,  0.24695,  1.07401,  15.40436,  452.82341
delay:
0.016
0.001
0.632
76,  1.10524,  0.62579,  0.24692,  1.07448,  17.23927,  513.86202
delay:
0.016
0.001
0.617
77,  1.10620,  0.62587,  0.24695,  1.07534,  16.07758,  495.12540
delay:
0.016
0.001
0.622
78,  1.10513,  0.62603,  0.24691,  1.07587,  13.32815,  486.76401
delay:
0.017
0.001
0.636
79,  1.10662,  0.62579,  0.24689,  1.07568,  19.70196,  512.66926
delay:
0.017
0.001
0.637
80,  1.10728,  0.62571,  0.24691,  1.07624,  15.53059,  466.01305
delay:
0.016
0.001
0.634
81, -0.32707,  0.62389,  0.24769,  1.07682,  6.46232,  417.93945
delay:
0.016
0.001
0.634
82, -0.33412,  0.62317,  0.24784,  1.07702,  6.46232,  437.51769
delay:
0.016
0.001
0.634
83, -0.33595,  0.62317,  0.24786,  1.07802,  6.46232,  470.54840
delay:
0.016
0.001
0.634
84, -0.34156,  0.62365,  0.24834,  1.07772,  6.46232,  426.20560
delay:
0.016
0.001
0.634
85, -0.33454,  0.62341,  0.24797,  1.07816,  6.46232,  454.83297
delay:
0.016
0.001
0.634
86, -0.33905,  0.62357,  0.24773,  1.07806,  6.46232,  433.10326
delay:
0.016
0.001
0.634
87, -0.33737,  0.62365,  0.24811,  1.07854,  6.46232,  429.50751
delay:
0.016
0.001
0.634
88, -0.34581,  0.62349,  0.24772,  1.07907,  6.46232,  461.77361
delay:
0.016
0.001
0.634
89, -0.34306,  0.62333,  0.24779,  1.07908,  6.46232,  480.70333
delay:
0.016
0.001
0.634
90, -0.34709,  0.62349,  0.24766,  1.07814,  6.46232,  423.69741
delay:
0.016
0.001
0.634
91, -0.34829,  0.62357,  0.24771,  1.07924,  6.46232,  415.65162
delay:
0.016
0.001
0.634
92, -0.34883,  0.62381,  0.24780,  1.07919,  6.46232,  429.72885
delay:
0.016
0.001
0.634
93, -0.34284,  0.62365,  0.24801,  1.07936,  6.46232,  436.31307
delay:
0.016
0.001
0.634
94, -0.35471,  0.62373,  0.24787,  1.07949,  6.46232,  425.57307
delay:
0.016
0.001
0.634
95, -0.35327,  0.62357,  0.24785,  1.07960,  6.46232,  429.51195
delay:
0.016
0.001
0.634
96, -0.34926,  0.62365,  0.24779,  1.07980,  6.46232,  429.63968
delay:
0.016
0.001
0.634
97, -0.35733,  0.62365,  0.24782,  1.07996,  6.46232,  415.93705
delay:
0.016
0.001
0.634
98, -0.35661,  0.62349,  0.24792,  1.08036,  6.46232,  408.94732
delay:
0.016
0.001
0.634
99, -0.35728,  0.62357,  0.24796,  1.08050,  6.46232,  426.66466
delay:
0.016
0.001
0.634
100, -0.35189,  0.62000,  0.24946,  0.75477,  6.46232,  4043.66990
delay:
0.016
0.001
0.634
