Namespace(batch_size=32, d_inner_hid=64, d_k=16, d_model=16, d_rnn=8, d_v=16, data='data/toy_one/3dim_20000seq_64ev/', device=device(type='cpu'), dropout=0.1, epoch=100, log='data/toy_one/3dim_20000seq_64ev/2000_100_25_input3_hidden16.txt', lr=0.001, lr_delay=0.01, n_head=1, n_hidden=16, n_input=3, n_layers=1, num_events=64, smooth=0.1)
Epoch, Log-likelihood, Accuracy, RMSE, Gradient_Masker, Gradient_THP
1,  0.01532,  0.59048,  0.28607, -0.23216,  0.00000,  1671.52328
delay:
[0. 0. 0.]
[0. 0. 0.]
[0. 0. 0.]
2,  0.41567,  0.62024,  0.30587,  0.22809,  0.00000,  1106.95444
delay:
[0. 0. 0.]
[0. 0. 0.]
[0. 0. 0.]
3,  0.53534,  0.62452,  0.26685,  0.48846,  0.00000,  570.90927
delay:
[0. 0. 0.]
[0. 0. 0.]
[0. 0. 0.]
4,  0.56359,  0.62484,  0.25738,  0.55078,  0.00000,  334.04955
delay:
[0. 0. 0.]
[0. 0. 0.]
[0. 0. 0.]
5,  0.57557,  0.62571,  0.25448,  0.56961,  0.00000,  248.02594
delay:
[0. 0. 0.]
[0. 0. 0.]
[0. 0. 0.]
6,  0.58393,  0.62540,  0.25103,  0.57930,  0.00000,  248.04185
delay:
[0. 0. 0.]
[0. 0. 0.]
[0. 0. 0.]
7,  0.59222,  0.62500,  0.25050,  0.58719,  0.00000,  236.53023
delay:
[0. 0. 0.]
[0. 0. 0.]
[0. 0. 0.]
8,  0.60337,  0.62651,  0.25021,  0.59613,  0.00000,  229.44888
delay:
[0. 0. 0.]
[0. 0. 0.]
[0. 0. 0.]
9,  0.61952,  0.62492,  0.25170,  0.60911,  0.00000,  236.45403
delay:
[0. 0. 0.]
[0. 0. 0.]
[0. 0. 0.]
10,  0.63599,  0.62627,  0.25255,  0.62372,  0.00000,  274.29564
delay:
[0. 0. 0.]
[0. 0. 0.]
[0. 0. 0.]
11,  0.64752,  0.62595,  0.25374,  0.63748,  0.00000,  291.01783
delay:
[0. 0. 0.]
[0. 0. 0.]
[0. 0. 0.]
12,  0.65990,  0.62595,  0.25482,  0.64805,  0.00000,  281.21308
delay:
[0. 0. 0.]
[0. 0. 0.]
[0. 0. 0.]
13,  0.67203,  0.62556,  0.25463,  0.66022,  0.00000,  318.99063
delay:
[0. 0. 0.]
[0. 0. 0.]
[0. 0. 0.]
14,  0.68315,  0.62492,  0.25598,  0.67169,  0.00000,  456.68661
delay:
[0. 0. 0.]
[0. 0. 0.]
[0. 0. 0.]
15,  0.69492,  0.62532,  0.25468,  0.68243,  0.00000,  525.11410
delay:
[0. 0. 0.]
[0. 0. 0.]
[0. 0. 0.]
16,  0.70534,  0.62508,  0.25395,  0.69220,  0.00000,  502.80933
delay:
[0. 0. 0.]
[0. 0. 0.]
[0. 0. 0.]
17,  0.71417,  0.62563,  0.25398,  0.70167,  0.00000,  564.31398
delay:
[0. 0. 0.]
[0. 0. 0.]
[0. 0. 0.]
18,  0.72339,  0.62627,  0.25320,  0.70945,  0.00000,  567.60457
delay:
[0. 0. 0.]
[0. 0. 0.]
[0. 0. 0.]
19,  0.73177,  0.62635,  0.25251,  0.71767,  0.00000,  549.43129
delay:
[0. 0. 0.]
[0. 0. 0.]
[0. 0. 0.]
20,  0.73996,  0.62651,  0.25183,  0.72513,  0.00000,  495.06876
delay:
[0. 0. 0.]
[0. 0. 0.]
[0. 0. 0.]
21,  0.74359,  0.62619,  0.25161,  0.73013,  0.00000,  585.52052
delay:
[0. 0. 0.]
[0. 0. 0.]
[0. 0. 0.]
22,  0.74679,  0.62563,  0.25133,  0.73370,  0.00000,  502.80802
delay:
[0. 0. 0.]
[0. 0. 0.]
[0. 0. 0.]
23,  0.75048,  0.62619,  0.25110,  0.73663,  0.00000,  493.05194
delay:
[0. 0. 0.]
[0. 0. 0.]
[0. 0. 0.]
24,  0.75347,  0.62659,  0.25079,  0.73975,  0.00000,  620.31666
delay:
[0. 0. 0.]
[0. 0. 0.]
[0. 0. 0.]
25,  0.75592,  0.62603,  0.25055,  0.74239,  0.00000,  620.69645
delay:
[0. 0. 0.]
[0. 0. 0.]
[0. 0. 0.]
