Namespace(data='data/toy_one/3dim_20000seq_64ev/', epoch=100, batch_size=128, d_model=16, d_rnn=8, d_inner_hid=32, d_k=16, d_v=16, n_head=1, n_layers=1, dropout=0.1, lr=0.001, smooth=0.1, log='data/toy_one/3dim_20000seq_64ev/100_20_input16_hidden64_softplus_batch128.txt', num_events=64, lr_delay=0.001, n_hidden=64, n_input=16, device=device(type='cpu'))
Epoch, Log-likelihood-Test, Accuracy, RMSE, Log-likelihood-Train, Gradient_Masker, Gradient_THP
1, -0.38785,  0.56675,  0.39389, -0.45212,  0.00000,  7898.12900
delay:
0.0
0.0
0.0
2, -0.29186,  0.56151,  0.48149, -0.34650,  0.00000,  7151.28939
delay:
0.0
0.0
0.0
3, -0.19352,  0.58556,  0.54365, -0.25120,  0.00000,  6665.40351
delay:
0.0
0.0
0.0
4, -0.09266,  0.61294,  0.55110, -0.15213,  0.00000,  6293.75452
delay:
0.0
0.0
0.0
5,  0.01697,  0.61913,  0.53562, -0.04772,  0.00000,  5969.07637
delay:
0.0
0.0
0.0
6,  0.12955,  0.62341,  0.45937,  0.06472,  0.00000,  5573.69688
delay:
0.0
0.0
0.0
7,  0.23227,  0.62429,  0.35876,  0.17674,  0.00000,  5068.92361
delay:
0.0
0.0
0.0
8,  0.31905,  0.62286,  0.31694,  0.27225,  0.00000,  4509.90232
delay:
0.0
0.0
0.0
9,  0.38528,  0.62437,  0.30410,  0.34832,  0.00000,  3871.42310
delay:
0.0
0.0
0.0
10,  0.43412,  0.62508,  0.29008,  0.40725,  0.00000,  3288.76211
delay:
0.0
0.0
0.0
11,  0.45295,  0.62460,  0.28400,  0.44161,  0.00000,  2841.98483
delay:
0.0
0.0
0.0
12,  0.46798,  0.62524,  0.27975,  0.45907,  0.00000,  2611.91808
delay:
0.0
0.0
0.0
13,  0.48150,  0.62484,  0.27640,  0.47318,  0.00000,  2388.17258
delay:
0.0
0.0
0.0
14,  0.49228,  0.62484,  0.27370,  0.48534,  0.00000,  2218.50679
delay:
0.0
0.0
0.0
15,  0.50106,  0.62587,  0.27238,  0.49599,  0.00000,  2006.90536
delay:
0.0
0.0
0.0
16,  0.50940,  0.62548,  0.26979,  0.50459,  0.00000,  1854.26119
delay:
0.0
0.0
0.0
17,  0.51632,  0.62587,  0.26966,  0.51195,  0.00000,  1716.97720
delay:
0.0
0.0
0.0
18,  0.52192,  0.62556,  0.26974,  0.51855,  0.00000,  1555.77224
delay:
0.0
0.0
0.0
19,  0.52734,  0.62516,  0.26705,  0.52402,  0.00000,  1449.80486
delay:
0.0
0.0
0.0
20,  0.53152,  0.62532,  0.26715,  0.52904,  0.00000,  1366.68873
delay:
0.0
0.0
0.0
21,  0.54367,  0.62595,  0.26500,  0.53674,  173.13439,  1301.40942
delay:
1.121
0.019
0.067
22,  0.55174,  0.62571,  0.26493,  0.54784,  11.93740,  934.90389
delay:
1.886
0.011
0.033
23,  0.55673,  0.62540,  0.25947,  0.55483,  10.44956,  707.77329
delay:
2.89
0.009
0.038
24,  0.56023,  0.62627,  0.25874,  0.55927,  19.17200,  649.17339
delay:
3.475
0.008
0.063
25,  0.56345,  0.62611,  0.25560,  0.56281,  41.27872,  559.37649
delay:
4.062
0.008
0.216
26,  0.56743,  0.62627,  0.25467,  0.56654,  46.44995,  576.10046
delay:
5.204
0.006
0.3
27,  0.57309,  0.62571,  0.25468,  0.57118,  85.63611,  631.17698
delay:
5.692
0.004
0.198
28,  0.57767,  0.62659,  0.25543,  0.57627,  179.99326,  632.82355
delay:
6.313
0.003
0.099
29,  0.58224,  0.62563,  0.25453,  0.58053,  240.62293,  625.70673
delay:
6.861
0.002
0.14
30,  0.58578,  0.62714,  0.25531,  0.58433,  267.83838,  572.24581
delay:
6.598
0.002
0.135
31,  0.58924,  0.62556,  0.25517,  0.58828,  164.56066,  612.69664
delay:
6.377
0.002
0.083
32,  0.59190,  0.62619,  0.25656,  0.59112,  178.21920,  546.15677
delay:
5.862
0.001
0.071
33,  0.59512,  0.62683,  0.25878,  0.59366,  109.86544,  552.93881
delay:
5.41
0.001
0.095
34,  0.59884,  0.62651,  0.26219,  0.59717,  84.29016,  463.49793
delay:
4.944
0.001
0.076
35,  0.60319,  0.62579,  0.26523,  0.60061,  223.80696,  595.47914
delay:
4.372
0.001
0.081
36,  0.60841,  0.62603,  0.26623,  0.60519,  86.37912,  629.21847
delay:
3.901
0.001
0.081
37,  0.61327,  0.62571,  0.26533,  0.60921,  108.50128,  579.09394
delay:
3.71
0.001
0.072
38,  0.61759,  0.62627,  0.26553,  0.61360,  131.74310,  541.29765
delay:
3.617
0.001
0.061
39,  0.62183,  0.62643,  0.26623,  0.61764,  88.47503,  551.43189
delay:
3.506
0.001
0.062
40,  0.62595,  0.62556,  0.26749,  0.62068,  137.72487,  627.16211
delay:
3.482
0.001
0.064
41,  0.57100,  0.62230,  0.28383,  0.62361,  156.62989,  511.62096
delay:
3.482
0.001
0.064
42,  0.57169,  0.62103,  0.28492,  0.62425,  156.62989,  520.82249
delay:
3.482
0.001
0.064
43,  0.57090,  0.62071,  0.28579,  0.62559,  156.62989,  556.45152
delay:
3.482
0.001
0.064
44,  0.57212,  0.62087,  0.28436,  0.62694,  156.62989,  564.79312
delay:
3.482
0.001
0.064
45,  0.57363,  0.62087,  0.28374,  0.62809,  156.62989,  600.81733
delay:
3.482
0.001
0.064
46,  0.57331,  0.62040,  0.28413,  0.62916,  156.62989,  522.28900
delay:
3.482
0.001
0.064
47,  0.57426,  0.62071,  0.28362,  0.62987,  156.62989,  589.77641
delay:
3.482
0.001
0.064
48,  0.57610,  0.62016,  0.28306,  0.63080,  156.62989,  559.03366
delay:
3.482
0.001
0.064
49,  0.57467,  0.61984,  0.28314,  0.63186,  156.62989,  586.08689
delay:
3.482
0.001
0.064
50,  0.59227,  0.62111,  0.28091,  0.62964,  156.62989,  754.37523
delay:
3.482
0.001
0.064
51,  0.58926,  0.62071,  0.28071,  0.63168,  156.62989,  671.35239
delay:
3.482
0.001
0.064
52,  0.58601,  0.62024,  0.28143,  0.63314,  156.62989,  622.12525
delay:
3.482
0.001
0.064
53,  0.58396,  0.61968,  0.28161,  0.63441,  156.62989,  545.16204
delay:
3.482
0.001
0.064
54,  0.58297,  0.62008,  0.28148,  0.63480,  156.62989,  579.12006
delay:
3.482
0.001
0.064
55,  0.58330,  0.62063,  0.28095,  0.63515,  156.62989,  593.01499
delay:
3.482
0.001
0.064
56,  0.58391,  0.62040,  0.28049,  0.63606,  156.62989,  525.68618
delay:
3.482
0.001
0.064
57,  0.58407,  0.62071,  0.28016,  0.63673,  156.62989,  550.65644
delay:
3.482
0.001
0.064
58,  0.58354,  0.62048,  0.28000,  0.63714,  156.62989,  645.43476
delay:
3.482
0.001
0.064
59,  0.58520,  0.62032,  0.27973,  0.63775,  156.62989,  533.74271
delay:
3.482
0.001
0.064
60,  0.58512,  0.62032,  0.27974,  0.63800,  156.62989,  570.27321
delay:
3.482
0.001
0.064
61,  0.64499,  0.62524,  0.27034,  0.63921,  86.16494,  582.40235
delay:
3.405
0.001
0.064
62,  0.64751,  0.62548,  0.27021,  0.64096,  83.11679,  585.97575
delay:
3.34
0.001
0.056
63,  0.64971,  0.62484,  0.26926,  0.64311,  50.97504,  576.33205
delay:
3.259
0.001
0.055
64,  0.65180,  0.62500,  0.26841,  0.64483,  67.12584,  586.84855
delay:
3.223
0.001
0.052
65,  0.65417,  0.62556,  0.26735,  0.64715,  55.97102,  626.27303
delay:
3.209
0.001
0.049
66,  0.65623,  0.62516,  0.26668,  0.64782,  74.73812,  654.55748
delay:
3.288
0.001
0.045
67,  0.65859,  0.62524,  0.26590,  0.65071,  64.55549,  613.62806
delay:
3.315
0.001
0.044
68,  0.66013,  0.62563,  0.26553,  0.65177,  91.10265,  695.76366
delay:
3.191
0.001
0.046
69,  0.66259,  0.62556,  0.26430,  0.65342,  52.59204,  656.07609
delay:
3.219
0.001
0.044
70,  0.66456,  0.62563,  0.26367,  0.65466,  72.86513,  725.38270
delay:
3.174
0.001
0.046
71,  0.66536,  0.62540,  0.26347,  0.65638,  75.14965,  614.37003
delay:
3.099
0.001
0.047
72,  0.66613,  0.62563,  0.26327,  0.65699,  70.19975,  691.36199
delay:
3.08
0.001
0.048
73,  0.66708,  0.62540,  0.26267,  0.65757,  81.18166,  652.11575
delay:
3.168
0.001
0.049
74,  0.66795,  0.62524,  0.26255,  0.65823,  93.18417,  621.47715
delay:
3.191
0.001
0.054
75,  0.66873,  0.62532,  0.26233,  0.65952,  88.59486,  594.96132
delay:
3.116
0.001
0.054
76,  0.66972,  0.62532,  0.26207,  0.65954,  81.47407,  619.26420
delay:
3.121
0.001
0.056
77,  0.67064,  0.62540,  0.26182,  0.66099,  101.30335,  749.55101
delay:
3.051
0.001
0.06
78,  0.67169,  0.62540,  0.26148,  0.66192,  123.33294,  633.31932
delay:
3.016
0.001
0.062
79,  0.67271,  0.62524,  0.26120,  0.66299,  115.08711,  705.43025
delay:
2.971
0.001
0.06
80,  0.67370,  0.62500,  0.26102,  0.66396,  74.97858,  627.82489
delay:
3.003
0.001
0.062
81,  0.61433,  0.61444,  0.26420,  0.66438,  46.02965,  758.83510
delay:
3.003
0.001
0.062
82,  0.61367,  0.61405,  0.26429,  0.66387,  46.02965,  719.13071
delay:
3.003
0.001
0.062
83,  0.61493,  0.61397,  0.26441,  0.66530,  46.02965,  646.60310
delay:
3.003
0.001
0.062
84,  0.61556,  0.61333,  0.26463,  0.66467,  46.02965,  637.71601
delay:
3.003
0.001
0.062
85,  0.61625,  0.61341,  0.26455,  0.66531,  46.02965,  711.46121
delay:
3.003
0.001
0.062
86,  0.61679,  0.61206,  0.26478,  0.66612,  46.02965,  689.45922
delay:
3.003
0.001
0.062
87,  0.61598,  0.61254,  0.26463,  0.66624,  46.02965,  690.36819
delay:
3.003
0.001
0.062
88,  0.61778,  0.61262,  0.26453,  0.66611,  46.02965,  643.63497
delay:
3.003
0.001
0.062
89,  0.61729,  0.61175,  0.26466,  0.66663,  46.02965,  628.79560
delay:
3.003
0.001
0.062
90,  0.61800,  0.61048,  0.26481,  0.66645,  46.02965,  718.75600
delay:
3.003
0.001
0.062
91,  0.61889,  0.61087,  0.26472,  0.66682,  46.02965,  594.62154
delay:
3.003
0.001
0.062
92,  0.61921,  0.61103,  0.26463,  0.66779,  46.02965,  682.71595
delay:
3.003
0.001
0.062
93,  0.61905,  0.61071,  0.26474,  0.66822,  46.02965,  652.84550
delay:
3.003
0.001
0.062
94,  0.61956,  0.61087,  0.26474,  0.66789,  46.02965,  624.80823
delay:
3.003
0.001
0.062
95,  0.61935,  0.61071,  0.26480,  0.66837,  46.02965,  663.38611
delay:
3.003
0.001
0.062
96,  0.61945,  0.61087,  0.26480,  0.66826,  46.02965,  638.15842
delay:
3.003
0.001
0.062
97,  0.62000,  0.61079,  0.26478,  0.66858,  46.02965,  696.37570
delay:
3.003
0.001
0.062
98,  0.62033,  0.61071,  0.26476,  0.66785,  46.02965,  633.03389
delay:
3.003
0.001
0.062
99,  0.62060,  0.61048,  0.26478,  0.66872,  46.02965,  666.60579
delay:
3.003
0.001
0.062
100,  0.62649,  0.61183,  0.26635,  0.66017,  46.02965,  2678.69708
delay:
3.003
0.001
0.062
