Namespace(batch_size=32, d_inner_hid=64, d_k=16, d_model=16, d_rnn=8, d_v=16, data='data/toy_one/3dim_20000seq_64ev/', device=device(type='cpu'), dropout=0.1, epoch=100, log='data/toy_one/3dim_20000seq_64ev/2000_100_25_softplus_input16_hidden32.txt', lr=0.001, lr_delay=0.01, n_head=1, n_hidden=32, n_input=16, n_layers=1, num_events=64, smooth=0.1)
Epoch, Log-likelihood, Accuracy, RMSE, Gradient_Masker, Gradient_THP
1, -0.08592,  0.56270,  0.30050, -0.35022,  0.00000,  1819.60525
delay:
0.0
0.0
0.0
2,  0.37821,  0.62032,  0.24921,  0.17380,  0.00000,  1300.97416
delay:
0.0
0.0
0.0
3,  0.50727,  0.62571,  0.24830,  0.45494,  0.00000,  666.67254
delay:
0.0
0.0
0.0
4,  0.54278,  0.62619,  0.25241,  0.52584,  0.00000,  389.23537
delay:
0.0
0.0
0.0
5,  0.55787,  0.62571,  0.25333,  0.55019,  0.00000,  327.24629
delay:
0.0
0.0
0.0
6,  0.56708,  0.62595,  0.25451,  0.56196,  0.00000,  343.51403
delay:
0.0
0.0
0.0
7,  0.57533,  0.62603,  0.25239,  0.57061,  0.00000,  316.81398
delay:
0.0
0.0
0.0
8,  0.58367,  0.62603,  0.25070,  0.57892,  0.00000,  316.45331
delay:
0.0
0.0
0.0
9,  0.59277,  0.62603,  0.24859,  0.58739,  0.00000,  326.27094
delay:
0.0
0.0
0.0
10,  0.60245,  0.62651,  0.24744,  0.59614,  0.00000,  271.92733
delay:
0.0
0.0
0.0
11,  0.60703,  0.62651,  0.24768,  0.60307,  0.00000,  279.43376
delay:
0.0
0.0
0.0
12,  0.61263,  0.62643,  0.24695,  0.60762,  0.00000,  278.98279
delay:
0.0
0.0
0.0
13,  0.61892,  0.62627,  0.24698,  0.61314,  0.00000,  283.61026
delay:
0.0
0.0
0.0
14,  0.62538,  0.62635,  0.24722,  0.61920,  0.00000,  306.73506
delay:
0.0
0.0
0.0
15,  0.63063,  0.62619,  0.24727,  0.62460,  0.00000,  293.96027
delay:
0.0
0.0
0.0
16,  0.63534,  0.62635,  0.24713,  0.62969,  0.00000,  294.60416
delay:
0.0
0.0
0.0
17,  0.64185,  0.62611,  0.24705,  0.63416,  0.00000,  340.83444
delay:
0.0
0.0
0.0
18,  0.64863,  0.62738,  0.24701,  0.63978,  0.00000,  327.04677
delay:
0.0
0.0
0.0
19,  0.65618,  0.62683,  0.24704,  0.64636,  0.00000,  363.59075
delay:
0.0
0.0
0.0
20,  0.66408,  0.62667,  0.24703,  0.65234,  0.00000,  377.68840
delay:
0.0
0.0
0.0
21,  0.66844,  0.62651,  0.24704,  0.65882,  0.00000,  369.79215
delay:
0.0
0.0
0.0
22,  0.67335,  0.62603,  0.24710,  0.66312,  0.00000,  417.07055
delay:
0.0
0.0
0.0
23,  0.68080,  0.62603,  0.24707,  0.66795,  0.00000,  426.78595
delay:
0.0
0.0
0.0
24,  0.68780,  0.62611,  0.24714,  0.67275,  0.00000,  428.49279
delay:
0.0
0.0
0.0
25,  0.69372,  0.62611,  0.24730,  0.67787,  0.00000,  495.21342
delay:
0.0
0.0
0.0
26,  0.69746,  0.62563,  0.24715,  0.67491,  15.63595,  446.66949
delay:
0.0
0.0
0.0
0.0
0.0
0.0
0.001
0.001
9.826
27,  0.70347,  0.62603,  0.24713,  0.68307,  0.31512,  495.71411
delay:
0.0
0.0
0.0
0.0
0.0
0.0
0.0
0.0
11.748
28,  0.70897,  0.62516,  0.24710,  0.68902,  0.16946,  482.26185
delay:
0.0
0.0
0.0
0.0
0.0
0.0
0.0
0.0
13.408
29,  0.71636,  0.62556,  0.24706,  0.69477,  0.10844,  483.79704
delay:
0.0
0.0
0.0
0.0
0.0
0.0
0.0
0.0
14.043
30,  0.72270,  0.62571,  0.24702,  0.70007,  0.07476,  496.98728
delay:
0.0
0.0
0.0
0.0
0.0
0.0
0.0
0.0
14.595
31,  0.72497,  0.62563,  0.24702,  0.70447,  0.05628,  509.98988
delay:
0.0
0.0
0.0
0.0
0.0
0.0
0.0
0.0
14.936
32,  0.72791,  0.62540,  0.24704,  0.70743,  0.04913,  508.61015
delay:
0.0
0.0
0.0
0.0
0.0
0.0
0.0
0.0
14.52
33,  0.73100,  0.62532,  0.24700,  0.70974,  0.03825,  535.63675
delay:
0.0
0.0
0.0
0.0
0.0
0.0
0.0
0.0
14.37
34,  0.73333,  0.62476,  0.24698,  0.71251,  0.02921,  588.05054
delay:
0.0
0.0
0.0
0.0
0.0
0.0
0.0
0.0
14.536
35,  0.73645,  0.62532,  0.24693,  0.71527,  0.02728,  556.06488
delay:
0.0
0.0
0.0
0.0
0.0
0.0
0.0
0.0
14.798
36,  0.73885,  0.62508,  0.24696,  0.71757,  0.02377,  596.20401
delay:
0.0
0.0
0.0
0.0
0.0
0.0
0.0
0.0
14.264
37,  0.74054,  0.62460,  0.24691,  0.72145,  0.01734,  575.28449
delay:
0.0
0.0
0.0
0.0
0.0
0.0
0.0
0.0
14.459
38,  0.74487,  0.62532,  0.24697,  0.72371,  0.01515,  585.97181
delay:
0.0
0.0
0.0
0.0
0.0
0.0
0.0
0.0
14.606
39,  0.74636,  0.62484,  0.24686,  0.72540,  0.01536,  585.86692
delay:
0.0
0.0
0.0
0.0
0.0
0.0
0.0
0.0
14.706
40,  0.75055,  0.62484,  0.24686,  0.72730,  0.02089,  636.49675
delay:
0.0
0.0
0.0
0.0
0.0
0.0
0.0
0.0
14.428
41,  0.75117,  0.62484,  0.24685,  0.73125,  0.02457,  559.23999
delay:
0.0
0.0
0.0
0.0
0.0
0.0
0.0
0.0
14.398
42,  0.75236,  0.62468,  0.24687,  0.73256,  0.02510,  580.84562
delay:
0.0
0.0
0.0
0.0
0.0
0.0
0.0
0.0
14.223
43,  0.75356,  0.62452,  0.24686,  0.73312,  0.03174,  587.88132
delay:
0.0
0.0
0.0
0.0
0.0
0.0
0.0
0.0
14.103
44,  0.75500,  0.62516,  0.24687,  0.73316,  0.03682,  594.45269
delay:
0.0
0.0
0.0
0.0
0.0
0.0
0.0
0.0
14.003
45,  0.75571,  0.62508,  0.24687,  0.73561,  0.04137,  604.44261
delay:
0.0
0.0
0.0
0.0
0.0
0.0
0.0
0.0
14.208
46,  0.75802,  0.62516,  0.24684,  0.73640,  0.04916,  600.64254
delay:
0.0
0.0
0.0
0.0
0.0
0.0
0.0
0.0
14.313
47,  0.75801,  0.62452,  0.24684,  0.73766,  0.06343,  635.96667
delay:
0.0
0.0
0.0
0.0
0.0
0.0
0.0
0.0
14.184
48,  0.75931,  0.62452,  0.24683,  0.73998,  0.08055,  598.55167
delay:
0.0
0.0
0.0
0.0
0.0
0.0
0.0
0.0
13.947
49,  0.76091,  0.62460,  0.24682,  0.74107,  0.10944,  683.61571
delay:
0.0
0.0
0.0
0.0
0.0
0.0
0.0
0.0
14.133
50,  0.70347,  0.62524,  0.24716,  0.73401,  0.02344,  742.55784
delay:
0.0
0.0
0.0
0.0
0.0
0.0
0.0
0.0
14.326
51,  0.76295,  0.62524,  0.24689,  0.71288,  0.00000,  1348.81821
delay:
0.0
0.0
0.0
52,  0.76615,  0.62548,  0.24693,  0.73041,  0.00000,  634.40778
delay:
0.0
0.0
0.0
53,  0.76803,  0.62532,  0.24698,  0.73390,  0.00000,  594.73780
delay:
0.0
0.0
0.0
54,  0.76939,  0.62516,  0.24697,  0.73508,  0.00000,  621.15399
delay:
0.0
0.0
0.0
55,  0.77034,  0.62508,  0.24701,  0.73591,  0.00000,  590.97032
delay:
0.0
0.0
0.0
56,  0.77167,  0.62484,  0.24700,  0.73805,  0.00000,  612.15268
delay:
0.0
0.0
0.0
57,  0.77223,  0.62492,  0.24700,  0.73751,  0.00000,  648.20228
delay:
0.0
0.0
0.0
58,  0.77329,  0.62492,  0.24704,  0.73899,  0.00000,  632.47247
delay:
0.0
0.0
0.0
59,  0.77410,  0.62500,  0.24704,  0.73970,  0.00000,  653.46319
delay:
0.0
0.0
0.0
60,  0.77469,  0.62516,  0.24707,  0.74077,  0.00000,  598.13225
delay:
0.0
0.0
0.0
61,  0.77526,  0.62484,  0.24703,  0.74186,  0.00000,  606.06492
delay:
0.0
0.0
0.0
62,  0.77574,  0.62500,  0.24704,  0.74068,  0.00000,  589.69578
delay:
0.0
0.0
0.0
63,  0.77611,  0.62508,  0.24705,  0.74209,  0.00000,  606.45708
delay:
0.0
0.0
0.0
64,  0.77651,  0.62492,  0.24704,  0.74181,  0.00000,  629.43369
delay:
0.0
0.0
0.0
65,  0.77681,  0.62516,  0.24705,  0.74260,  0.00000,  629.01367
delay:
0.0
0.0
0.0
66,  0.77723,  0.62532,  0.24705,  0.74336,  0.00000,  605.85446
delay:
0.0
0.0
0.0
67,  0.77757,  0.62508,  0.24707,  0.74248,  0.00000,  616.05693
delay:
0.0
0.0
0.0
68,  0.77784,  0.62532,  0.24707,  0.74406,  0.00000,  631.25585
delay:
0.0
0.0
0.0
69,  0.77838,  0.62532,  0.24706,  0.74367,  0.00000,  616.01039
delay:
0.0
0.0
0.0
70,  0.77877,  0.62524,  0.24707,  0.74460,  0.00000,  620.40962
delay:
0.0
0.0
0.0
71,  0.77895,  0.62532,  0.24707,  0.74534,  0.00000,  634.65915
delay:
0.0
0.0
0.0
72,  0.77914,  0.62532,  0.24706,  0.74536,  0.00000,  634.47796
delay:
0.0
0.0
0.0
73,  0.77934,  0.62532,  0.24707,  0.74593,  0.00000,  643.59754
delay:
0.0
0.0
0.0
74,  0.77951,  0.62532,  0.24706,  0.74488,  0.00000,  606.20245
delay:
0.0
0.0
0.0
75,  0.77955,  0.62532,  0.24707,  0.74554,  0.00000,  613.52256
delay:
0.0
0.0
0.0
76,  0.77982,  0.62516,  0.24702,  0.74280,  0.06807,  743.68204
delay:
0.0
0.0
0.0
0.0
0.0
0.0
0.0
0.0
14.359
77,  0.77943,  0.62548,  0.24699,  0.74493,  0.07531,  623.17187
delay:
0.0
0.0
0.0
0.0
0.0
0.0
0.0
0.0
14.371
78,  0.77922,  0.62524,  0.24698,  0.74594,  0.07199,  624.76019
delay:
0.0
0.0
0.0
0.0
0.0
0.0
0.0
0.0
14.336
79,  0.77905,  0.62532,  0.24697,  0.74597,  0.07373,  625.67723
delay:
0.0
0.0
0.0
0.0
0.0
0.0
0.0
0.0
14.332
80,  0.77897,  0.62540,  0.24696,  0.74601,  0.06105,  586.89626
delay:
0.0
0.0
0.0
0.0
0.0
0.0
0.0
0.0
14.343
81,  0.77893,  0.62548,  0.24696,  0.74745,  0.06048,  623.41372
delay:
0.0
0.0
0.0
0.0
0.0
0.0
0.0
0.0
14.339
82,  0.77889,  0.62548,  0.24695,  0.74823,  0.06090,  604.31113
delay:
0.0
0.0
0.0
0.0
0.0
0.0
0.0
0.0
14.344
83,  0.77890,  0.62532,  0.24695,  0.74772,  0.05213,  580.72240
delay:
0.0
0.0
0.0
0.0
0.0
0.0
0.0
0.0
14.333
84,  0.77886,  0.62532,  0.24695,  0.74686,  0.05326,  558.37895
delay:
0.0
0.0
0.0
0.0
0.0
0.0
0.0
0.0
14.342
85,  0.77882,  0.62532,  0.24694,  0.74805,  0.04552,  586.28789
delay:
0.0
0.0
0.0
0.0
0.0
0.0
0.0
0.0
14.327
86,  0.77881,  0.62540,  0.24694,  0.74739,  0.04593,  619.63551
delay:
0.0
0.0
0.0
0.0
0.0
0.0
0.0
0.0
14.314
87,  0.77880,  0.62548,  0.24694,  0.74717,  0.04919,  612.12186
delay:
0.0
0.0
0.0
0.0
0.0
0.0
0.0
0.0
14.334
88,  0.77878,  0.62524,  0.24693,  0.74864,  0.04709,  646.17831
delay:
0.0
0.0
0.0
0.0
0.0
0.0
0.0
0.0
14.34
89,  0.77883,  0.62508,  0.24693,  0.74716,  0.04432,  599.38304
delay:
0.0
0.0
0.0
0.0
0.0
0.0
0.0
0.0
14.347
90,  0.77879,  0.62492,  0.24692,  0.74772,  0.04262,  611.10858
delay:
0.0
0.0
0.0
0.0
0.0
0.0
0.0
0.0
14.357
91,  0.77876,  0.62500,  0.24692,  0.74952,  0.04126,  605.43508
delay:
0.0
0.0
0.0
0.0
0.0
0.0
0.0
0.0
14.357
92,  0.77878,  0.62500,  0.24692,  0.74798,  0.04181,  579.37786
delay:
0.0
0.0
0.0
0.0
0.0
0.0
0.0
0.0
14.354
