Namespace(batch_size=16, d_inner_hid=32, d_k=16, d_model=16, d_rnn=8, d_v=16, data='data/toy_one/3dim_20000seq_64ev/', device=device(type='cpu'), dropout=0.1, epoch=100, log='data/toy_one/3dim_20000seq_64ev/2000_100_20_input3_hidden32_abs.txt', lr=0.001, lr_delay=0.01, n_head=1, n_hidden=32, n_input=3, n_layers=1, num_events=64, smooth=0.1)
Epoch, Log-likelihood-valid, Accuracy, RMSE, Log-likelihood, Gradient_Masker, Gradient_THP
1,  0.63702,  0.62297,  0.25888,  0.51413,  0.00000,  238.75911
delay:
0.0
0.0
0.0
2,  0.78843,  0.62287,  0.25024,  0.69935,  0.00000,  354.44646
delay:
0.0
0.0
0.0
3,  0.86348,  0.62321,  0.24945,  0.81424,  0.00000,  533.22406
delay:
0.0
0.0
0.0
4,  0.93379,  0.62322,  0.24931,  0.87782,  0.00000,  524.91880
delay:
0.0
0.0
0.0
5,  0.99152,  0.62266,  0.24904,  0.94368,  0.00000,  527.70201
delay:
0.0
0.0
0.0
6,  1.03147,  0.62266,  0.24895,  0.99142,  0.00000,  521.74899
delay:
0.0
0.0
0.0
7,  1.05912,  0.62361,  0.24898,  1.02847,  0.00000,  511.04637
delay:
0.0
0.0
0.0
8,  1.07763,  0.62310,  0.24897,  1.05719,  0.00000,  544.48837
delay:
0.0
0.0
0.0
9,  1.09553,  0.62329,  0.24887,  1.07911,  0.00000,  597.74020
delay:
0.0
0.0
0.0
10,  1.11051,  0.62329,  0.24905,  1.09577,  0.00000,  675.60681
delay:
0.0
0.0
0.0
11,  1.11723,  0.62277,  0.24885,  1.10786,  0.00000,  628.77271
delay:
0.0
0.0
0.0
12,  1.12314,  0.62344,  0.24889,  1.11426,  0.00000,  669.64086
delay:
0.0
0.0
0.0
13,  1.12826,  0.62336,  0.24881,  1.12035,  0.00000,  716.60522
delay:
0.0
0.0
0.0
14,  1.13328,  0.62310,  0.24884,  1.12576,  0.00000,  753.33140
delay:
0.0
0.0
0.0
15,  1.13669,  0.62313,  0.24882,  1.13051,  0.00000,  809.18971
delay:
0.0
0.0
0.0
16,  1.14157,  0.62328,  0.24884,  1.13499,  0.00000,  850.55389
delay:
0.0
0.0
0.0
17,  1.14545,  0.62311,  0.24880,  1.13912,  0.00000,  888.58405
delay:
0.0
0.0
0.0
18,  1.14681,  0.62339,  0.24882,  1.14303,  0.00000,  958.70018
delay:
0.0
0.0
0.0
19,  1.15225,  0.62319,  0.24878,  1.14676,  0.00000,  982.71452
delay:
0.0
0.0
0.0
20,  1.15442,  0.62345,  0.24896,  1.15006,  0.00000,  1065.68467
delay:
0.0
0.0
0.0
21,  1.15834,  0.62300,  0.24898,  1.14380,  164.90808,  1284.27522
delay:
0.019
0.204
0.149
22,  1.17209,  0.62331,  0.24886,  1.16064,  38.69716,  1363.23839
delay:
0.068
0.065
0.004
23,  1.18683,  0.62331,  0.24919,  1.17546,  97.77179,  1560.45040
delay:
0.077
0.065
0.002
24,  1.19543,  0.62299,  0.24916,  1.18522,  146.08710,  1645.38068
delay:
0.068
0.065
0.005
25,  1.19978,  0.62333,  0.24876,  1.19088,  177.45084,  1688.01996
delay:
0.059
0.065
0.006
26,  1.20379,  0.62351,  0.24872,  1.19569,  206.37435,  1803.48378
delay:
0.06
0.065
0.015
27,  1.20719,  0.62360,  0.24912,  1.19939,  225.43937,  2027.69057
delay:
0.056
0.065
0.0
28,  1.20833,  0.62356,  0.24889,  1.20284,  228.30744,  1987.68483
delay:
0.048
0.065
0.001
29,  1.21329,  0.62350,  0.24878,  1.20621,  252.07142,  2139.28877
delay:
0.053
0.065
0.006
30,  1.21566,  0.62306,  0.24878,  1.20857,  275.17559,  2285.62473
delay:
0.046
0.065
0.008
31,  1.21727,  0.62325,  0.24879,  1.21196,  227.06120,  1688.29416
delay:
0.042
0.065
0.0
32,  1.21935,  0.62378,  0.24910,  1.21244,  253.12807,  1859.48264
delay:
0.041
0.065
0.001
33,  1.22081,  0.62360,  0.24873,  1.21406,  231.66484,  1868.50491
delay:
0.042
0.065
0.003
34,  1.22199,  0.62368,  0.24887,  1.21522,  253.30756,  1909.46199
delay:
0.038
0.065
0.002
35,  1.22129,  0.62379,  0.24873,  1.21622,  265.27901,  2094.29585
delay:
0.037
0.065
0.001
36,  1.22327,  0.62379,  0.24876,  1.21727,  269.71165,  2138.95474
delay:
0.037
0.065
0.001
37,  1.22498,  0.62367,  0.24876,  1.21816,  284.29127,  2031.85825
delay:
0.038
0.065
0.0
38,  1.22490,  0.62348,  0.24884,  1.21909,  268.23640,  2124.70550
delay:
0.036
0.065
0.002
39,  1.22538,  0.62362,  0.24877,  1.21995,  267.13709,  2269.62137
delay:
0.034
0.065
0.004
40,  1.22666,  0.62362,  0.24913,  1.22091,  286.61449,  2231.23516
delay:
0.033
0.065
0.002
41, -16.22133,  0.62273,  0.25133,  1.22223,  137.02235,  1824.85640
delay:
0.033
0.065
0.002
42, -16.26754,  0.62267,  0.25128,  1.22260,  137.02235,  1752.28273
delay:
0.033
0.065
0.002
43, -16.34492,  0.62263,  0.25145,  1.22289,  137.02235,  1743.93406
delay:
0.033
0.065
0.002
44, -16.49448,  0.62194,  0.25001,  1.22319,  137.02235,  1861.21045
delay:
0.033
0.065
0.002
45, -16.64773,  0.62245,  0.25107,  1.22368,  137.02235,  1945.90776
delay:
0.033
0.065
0.002
46, -16.81496,  0.62172,  0.25156,  1.22418,  137.02235,  1710.45311
delay:
0.033
0.065
0.002
47, -17.11179,  0.62245,  0.25318,  1.22451,  137.02235,  1891.77836
delay:
0.033
0.065
0.002
48, -17.17613,  0.62306,  0.25080,  1.22485,  137.02235,  1858.79653
delay:
0.033
0.065
0.002
49, -17.42281,  0.62157,  0.25061,  1.22525,  137.02235,  1928.86357
delay:
0.033
0.065
0.002
50, -15.30228,  0.62227,  0.25162,  1.19293,  137.02235,  2805.10645
delay:
0.033
0.065
0.002
51, -15.69151,  0.62125,  0.25132,  1.20798,  137.02235,  2180.56823
delay:
0.033
0.065
0.002
52, -16.17169,  0.62168,  0.25171,  1.21251,  137.02235,  2120.26967
delay:
0.033
0.065
0.002
53, -17.00990,  0.62098,  0.25018,  1.21495,  137.02235,  2045.49962
delay:
0.033
0.065
0.002
54, -17.79999,  0.62094,  0.25043,  1.21735,  137.02235,  1956.88410
delay:
0.033
0.065
0.002
55, -18.33874,  0.62129,  0.25066,  1.21945,  137.02235,  1979.61754
delay:
0.033
0.065
0.002
56, -18.71621,  0.62028,  0.25058,  1.22102,  137.02235,  2028.68492
delay:
0.033
0.065
0.002
57, -18.89780,  0.62076,  0.25274,  1.22238,  137.02235,  1815.08023
delay:
0.033
0.065
0.002
58, -18.89156,  0.62097,  0.25060,  1.22337,  137.02235,  1942.46044
delay:
0.033
0.065
0.002
59, -18.83314,  0.62110,  0.25129,  1.22429,  137.02235,  1903.73487
delay:
0.033
0.065
0.002
60, -18.83398,  0.62056,  0.25007,  1.22485,  137.02235,  1940.11991
delay:
0.033
0.065
0.002
61,  1.23025,  0.62402,  0.24884,  1.22517,  253.60595,  2253.72300
delay:
0.032
0.065
0.0
62,  1.23143,  0.62387,  0.24880,  1.22592,  250.48871,  2227.74879
delay:
0.031
0.065
0.001
63,  1.23287,  0.62391,  0.24889,  1.22663,  264.47014,  2326.76676
delay:
0.032
0.065
0.001
64,  1.23206,  0.62392,  0.24880,  1.22737,  256.70832,  2422.50944
delay:
0.032
0.065
0.003
65,  1.23320,  0.62378,  0.24876,  1.22786,  268.32423,  2369.60157
delay:
0.029
0.065
0.002
66,  1.23315,  0.62384,  0.24881,  1.22837,  266.33461,  2285.99144
delay:
0.026
0.065
0.0
67,  1.23491,  0.62386,  0.24888,  1.22892,  267.85096,  2304.24281
delay:
0.028
0.065
0.0
68,  1.23514,  0.62385,  0.24879,  1.22932,  288.16615,  2437.01882
delay:
0.027
0.065
0.0
69,  1.23581,  0.62375,  0.24878,  1.22957,  327.56696,  2506.92585
delay:
0.027
0.065
0.001
70,  1.23610,  0.62371,  0.24889,  1.23014,  304.87066,  2437.31293
delay:
0.026
0.065
0.001
71,  1.23680,  0.62370,  0.24877,  1.23079,  264.76066,  1849.48543
delay:
0.025
0.065
0.001
72,  1.23662,  0.62380,  0.24878,  1.23100,  287.53449,  2003.92190
delay:
0.023
0.065
0.0
73,  1.23682,  0.62382,  0.24878,  1.23142,  266.54639,  1995.09976
delay:
0.024
0.065
0.0
74,  1.23715,  0.62382,  0.24878,  1.23168,  283.96161,  1981.94269
delay:
0.024
0.065
0.0
75,  1.23712,  0.62383,  0.24875,  1.23182,  282.08822,  2143.68744
delay:
0.023
0.065
0.001
76,  1.23734,  0.62398,  0.24876,  1.23205,  282.32126,  1929.99585
delay:
0.023
0.065
0.001
77,  1.23715,  0.62380,  0.24879,  1.23223,  276.36261,  1927.20689
delay:
0.023
0.065
0.0
78,  1.23760,  0.62410,  0.24882,  1.23239,  293.52040,  2031.28210
delay:
0.023
0.065
0.0
79,  1.23662,  0.62386,  0.24877,  1.23251,  269.29333,  2114.40008
delay:
0.022
0.065
0.0
80,  1.23813,  0.62385,  0.24880,  1.23258,  279.97868,  1982.01715
delay:
0.023
0.065
0.0
81, -20.54112,  0.61995,  0.25086,  1.23300,  174.58234,  1779.10182
delay:
0.023
0.065
0.0
82, -20.66952,  0.61998,  0.25043,  1.23310,  174.58234,  1726.18123
delay:
0.023
0.065
0.0
83, -20.70623,  0.61945,  0.25110,  1.23313,  174.58234,  1734.21002
delay:
0.023
0.065
0.0
84, -20.85424,  0.62020,  0.25083,  1.23328,  174.58234,  1666.03254
delay:
0.023
0.065
0.0
85, -20.90570,  0.61923,  0.25130,  1.23341,  174.58234,  1665.44936
delay:
0.023
0.065
0.0
86, -20.87320,  0.61984,  0.25101,  1.23350,  174.58234,  1790.37107
delay:
0.023
0.065
0.0
87, -20.96262,  0.62042,  0.25094,  1.23355,  174.58234,  1762.75140
delay:
0.023
0.065
0.0
88, -21.04792,  0.62040,  0.25041,  1.23363,  174.58234,  1553.94248
delay:
0.023
0.065
0.0
89, -21.07840,  0.61967,  0.25085,  1.23368,  174.58234,  1730.59665
delay:
0.023
0.065
0.0
90, -21.18809,  0.61985,  0.25048,  1.23371,  174.58234,  1725.35394
delay:
0.023
0.065
0.0
91, -21.21991,  0.61959,  0.25068,  1.23390,  174.58234,  1578.77398
delay:
0.023
0.065
0.0
92, -21.24462,  0.61971,  0.25137,  1.23397,  174.58234,  1527.10971
delay:
0.023
0.065
0.0
93, -21.28775,  0.61974,  0.25119,  1.23401,  174.58234,  1524.85086
delay:
0.023
0.065
0.0
94, -21.28736,  0.62029,  0.25105,  1.23410,  174.58234,  1605.77915
delay:
0.023
0.065
0.0
95, -21.33617,  0.62032,  0.25053,  1.23407,  174.58234,  1551.62140
delay:
0.023
0.065
0.0
96, -21.38635,  0.61960,  0.25122,  1.23410,  174.58234,  1630.03325
delay:
0.023
0.065
0.0
97, -21.39941,  0.61966,  0.25043,  1.23421,  174.58234,  1428.60691
delay:
0.023
0.065
0.0
98, -21.41125,  0.62020,  0.25102,  1.23428,  174.58234,  1503.12018
delay:
0.023
0.065
0.0
99, -21.41731,  0.61956,  0.25059,  1.23434,  174.58234,  1586.04810
delay:
0.023
0.065
0.0
100, -20.87157,  0.62014,  0.25073,  1.19951,  174.58234,  2258.47299
delay:
0.023
0.065
0.0
