Namespace(data='data/toy_one/3dim_20000seq_64ev/', epoch=100, batch_size=32, d_model=16, d_rnn=8, d_inner_hid=32, d_k=16, d_v=16, n_head=1, n_layers=1, dropout=0.1, lr=0.001, smooth=0.1, log='data/toy_one/3dim_20000seq_64ev/2000_100_20_input16_hidden64_abs.txt', num_events=64, lr_delay=0.01, n_hidden=64, n_input=16, device=device(type='cpu'))
Epoch, Log-likelihood, Accuracy, RMSE, Gradient_Masker, Gradient_THP
1, -0.29940,  0.56810,  0.41903, -0.44347,  0.00000,  2033.11262
delay:
0.0
0.0
0.0
2,  0.06899,  0.62437,  0.69513, -0.13639,  0.00000,  1546.55401
delay:
0.0
0.0
0.0
3,  0.39720,  0.62476,  0.40982,  0.24873,  0.00000,  1042.80537
delay:
0.0
0.0
0.0
4,  0.50468,  0.62571,  0.32759,  0.46036,  0.00000,  617.79957
delay:
0.0
0.0
0.0
5,  0.53821,  0.62508,  0.27225,  0.52366,  0.00000,  387.78217
delay:
0.0
0.0
0.0
6,  0.55221,  0.62563,  0.25230,  0.54618,  0.00000,  302.86964
delay:
0.0
0.0
0.0
7,  0.56022,  0.62571,  0.24940,  0.55731,  0.00000,  271.18111
delay:
0.0
0.0
0.0
8,  0.56758,  0.62603,  0.25035,  0.56459,  0.00000,  273.35417
delay:
0.0
0.0
0.0
9,  0.57684,  0.62524,  0.25211,  0.57239,  0.00000,  227.28393
delay:
0.0
0.0
0.0
10,  0.59097,  0.62563,  0.25734,  0.58387,  0.00000,  270.51909
delay:
0.0
0.0
0.0
11,  0.59877,  0.62516,  0.26004,  0.59407,  0.00000,  259.02712
delay:
0.0
0.0
0.0
12,  0.60702,  0.62548,  0.26706,  0.60115,  0.00000,  246.40850
delay:
0.0
0.0
0.0
13,  0.61458,  0.62548,  0.27220,  0.60794,  0.00000,  241.89948
delay:
0.0
0.0
0.0
14,  0.62071,  0.62556,  0.27568,  0.61447,  0.00000,  272.24199
delay:
0.0
0.0
0.0
15,  0.62708,  0.62548,  0.27986,  0.61982,  0.00000,  263.52399
delay:
0.0
0.0
0.0
16,  0.63182,  0.62579,  0.27944,  0.62499,  0.00000,  246.64456
delay:
0.0
0.0
0.0
17,  0.63711,  0.62643,  0.27982,  0.63002,  0.00000,  259.48362
delay:
0.0
0.0
0.0
18,  0.64170,  0.62635,  0.27756,  0.63393,  0.00000,  231.53140
delay:
0.0
0.0
0.0
19,  0.64719,  0.62611,  0.27594,  0.63846,  0.00000,  244.15089
delay:
0.0
0.0
0.0
20,  0.65179,  0.62619,  0.27353,  0.64234,  0.00000,  253.17029
delay:
0.0
0.0
0.0
21,  0.65796,  0.62675,  0.26358,  0.64232,  17.55290,  297.53896
delay:
21.091
18.522
26.827
22,  0.67216,  0.62738,  0.25553,  0.65555,  0.06139,  273.75696
delay:
22.538
19.773
27.577
23,  0.68871,  0.62659,  0.25186,  0.66670,  1.80621,  328.55311
delay:
20.638
16.043
25.347
24,  0.70885,  0.62437,  0.25047,  0.67986,  0.48712,  379.11984
delay:
20.9
17.254
25.938
25,  0.73520,  0.62508,  0.25148,  0.69772,  1.74619,  504.80654
delay:
25.066
29.872
32.25
26,  0.76422,  0.62492,  0.25208,  0.71880,  0.00000,  630.93151
delay:
25.177
30.239
32.415
27,  0.78595,  0.62500,  0.25182,  0.74015,  0.00000,  897.80108
delay:
25.178
30.241
32.416
28,  0.81495,  0.62548,  0.25147,  0.76501,  0.00000,  778.95807
delay:
25.178
30.241
32.416
29,  0.82904,  0.62468,  0.25105,  0.78431,  0.00000,  616.51707
delay:
25.178
30.241
32.416
30,  0.83812,  0.62508,  0.25036,  0.80117,  0.00000,  641.92993
delay:
25.178
30.241
32.416
31,  0.84604,  0.62500,  0.25018,  0.81023,  0.00000,  588.61049
delay:
25.178
30.241
32.416
32,  0.84583,  0.62468,  0.25001,  0.81797,  0.00000,  564.72062
delay:
25.178
30.241
32.416
33,  0.84965,  0.62500,  0.24963,  0.82349,  0.00000,  500.87643
delay:
25.178
30.241
32.416
34,  0.84762,  0.62516,  0.24953,  0.82861,  0.00000,  682.06709
delay:
25.178
30.241
32.416
35,  0.86674,  0.62524,  0.24907,  0.83359,  0.00000,  696.78982
delay:
25.178
30.241
32.416
36,  0.86406,  0.62500,  0.24879,  0.83809,  0.00000,  849.62942
delay:
25.178
30.241
32.416
37,  0.86132,  0.62516,  0.24866,  0.84232,  0.00000,  553.90545
delay:
25.178
30.241
32.416
38,  0.87348,  0.62500,  0.24819,  0.84781,  0.00000,  576.45871
delay:
25.178
30.241
32.416
39,  0.87513,  0.62532,  0.24808,  0.85048,  0.00000,  595.58447
delay:
25.178
30.241
32.416
40,  0.87289,  0.62516,  0.24775,  0.85536,  0.00000,  539.92992
delay:
25.178
30.241
32.416
41,  0.86782,  0.62508,  0.24763,  0.85648,  0.00000,  689.70441
delay:
25.178
30.241
32.416
42,  0.86430,  0.62476,  0.24761,  0.85860,  0.00000,  500.92597
delay:
25.178
30.241
32.416
43,  0.86419,  0.62508,  0.24754,  0.85968,  0.00000,  460.76153
delay:
25.178
30.241
32.416
44,  0.86115,  0.62508,  0.24752,  0.86275,  0.00000,  527.67100
delay:
25.178
30.241
32.416
45,  0.86724,  0.62540,  0.24747,  0.86396,  0.00000,  530.08946
delay:
25.178
30.241
32.416
46,  0.86089,  0.62500,  0.24752,  0.86544,  0.00000,  604.87369
delay:
25.178
30.241
32.416
47,  0.85615,  0.62508,  0.24745,  0.86699,  0.00000,  575.68906
delay:
25.178
30.241
32.416
48,  0.86627,  0.62532,  0.24738,  0.86782,  0.00000,  466.85441
delay:
25.178
30.241
32.416
49,  0.86379,  0.62532,  0.24740,  0.86932,  0.00000,  499.39073
delay:
25.178
30.241
32.416
50,  0.83028,  0.62516,  0.24756,  0.72926,  0.00000,  3710.06363
delay:
25.178
30.241
32.416
51,  0.83710,  0.62437,  0.24766,  0.83741,  0.00000,  826.74796
delay:
25.178
30.241
32.416
52,  0.84249,  0.62254,  0.24772,  0.84806,  0.00000,  600.01476
delay:
25.178
30.241
32.416
53,  0.84710,  0.62222,  0.24777,  0.85495,  0.00000,  547.67334
delay:
25.178
30.241
32.416
54,  0.85068,  0.62119,  0.24780,  0.85979,  0.00000,  495.34020
delay:
25.178
30.241
32.416
55,  0.85303,  0.61992,  0.24784,  0.86346,  0.00000,  452.38465
delay:
25.178
30.241
32.416
56,  0.85518,  0.62008,  0.24776,  0.86603,  0.00000,  409.18983
delay:
25.178
30.241
32.416
57,  0.85830,  0.62024,  0.24775,  0.86859,  0.00000,  406.53487
delay:
25.178
30.241
32.416
58,  0.86121,  0.62040,  0.24771,  0.87045,  0.00000,  408.42020
delay:
25.178
30.241
32.416
59,  0.86122,  0.62040,  0.24768,  0.87190,  0.00000,  388.64730
delay:
25.178
30.241
32.416
60,  0.86475,  0.62079,  0.24761,  0.87262,  0.00000,  378.79369
delay:
25.178
30.241
32.416
61,  0.88407,  0.62524,  0.24705,  0.87468,  0.00000,  392.62605
delay:
25.178
30.241
32.416
62,  0.88424,  0.62508,  0.24709,  0.87571,  0.00000,  364.55578
delay:
25.178
30.241
32.416
63,  0.88808,  0.62524,  0.24695,  0.87870,  0.00000,  372.85075
delay:
25.178
30.241
32.416
64,  0.88953,  0.62524,  0.24692,  0.87840,  0.00000,  387.15940
delay:
25.178
30.241
32.416
65,  0.89195,  0.62492,  0.24689,  0.87991,  0.00000,  407.62308
delay:
25.178
30.241
32.416
66,  0.89335,  0.62532,  0.24682,  0.88112,  0.00000,  452.38655
delay:
25.178
30.241
32.416
67,  0.89498,  0.62540,  0.24680,  0.88138,  0.00000,  524.78373
delay:
25.178
30.241
32.416
68,  0.89262,  0.62571,  0.24679,  0.88226,  0.00000,  505.48249
delay:
25.178
30.241
32.416
69,  0.89572,  0.62508,  0.24675,  0.88402,  0.00000,  443.38735
delay:
25.178
30.241
32.416
70,  0.89328,  0.62516,  0.24681,  0.88409,  0.00000,  461.53343
delay:
25.178
30.241
32.416
71,  0.89542,  0.62508,  0.24674,  0.88485,  0.00000,  426.24018
delay:
25.178
30.241
32.416
72,  0.89431,  0.62516,  0.24680,  0.88532,  0.00000,  438.68676
delay:
25.178
30.241
32.416
73,  0.89269,  0.62524,  0.24673,  0.88426,  0.00000,  449.54820
delay:
25.178
30.241
32.416
74,  0.89334,  0.62508,  0.24675,  0.88574,  0.00000,  460.05982
delay:
25.178
30.241
32.416
75,  0.89375,  0.62540,  0.24671,  0.88507,  0.00000,  499.34676
delay:
25.178
30.241
32.416
76,  0.89067,  0.62524,  0.24670,  0.88540,  0.00000,  470.12047
delay:
25.178
30.241
32.416
77,  0.89149,  0.62548,  0.24667,  0.88575,  0.00000,  526.70131
delay:
25.178
30.241
32.416
78,  0.89421,  0.62500,  0.24669,  0.88630,  0.00000,  506.78553
delay:
25.178
30.241
32.416
79,  0.89427,  0.62516,  0.24667,  0.88723,  0.00000,  501.78197
delay:
25.178
30.241
32.416
80,  0.89112,  0.62516,  0.24665,  0.88741,  0.00000,  520.21826
delay:
25.178
30.241
32.416
81,  0.87081,  0.62167,  0.24729,  0.88712,  0.00000,  517.81871
delay:
25.178
30.241
32.416
82,  0.87381,  0.62135,  0.24727,  0.88814,  0.00000,  436.44673
delay:
25.178
30.241
32.416
83,  0.87241,  0.62135,  0.24729,  0.88850,  0.00000,  427.52749
delay:
25.178
30.241
32.416
84,  0.87166,  0.62103,  0.24729,  0.88837,  0.00000,  449.31726
delay:
25.178
30.241
32.416
85,  0.87366,  0.62159,  0.24728,  0.88849,  0.00000,  482.35116
delay:
25.178
30.241
32.416
86,  0.87239,  0.62119,  0.24726,  0.88909,  0.00000,  435.78996
delay:
25.178
30.241
32.416
87,  0.87433,  0.62127,  0.24727,  0.88902,  0.00000,  464.68063
delay:
25.178
30.241
32.416
88,  0.87352,  0.62087,  0.24733,  0.88892,  0.00000,  445.81264
delay:
25.178
30.241
32.416
89,  0.87238,  0.62079,  0.24729,  0.88990,  0.00000,  441.96295
delay:
25.178
30.241
32.416
90,  0.86979,  0.62111,  0.24729,  0.89013,  0.00000,  461.47417
delay:
25.178
30.241
32.416
91,  0.87252,  0.62111,  0.24728,  0.89018,  0.00000,  414.68923
delay:
25.178
30.241
32.416
92,  0.87325,  0.62103,  0.24728,  0.88929,  0.00000,  430.54682
delay:
25.178
30.241
32.416
93,  0.87430,  0.62111,  0.24728,  0.89012,  0.00000,  410.77169
delay:
25.178
30.241
32.416
94,  0.87458,  0.62103,  0.24728,  0.88959,  0.00000,  458.12360
delay:
25.178
30.241
32.416
95,  0.87487,  0.62119,  0.24728,  0.89003,  0.00000,  435.28499
delay:
25.178
30.241
32.416
96,  0.87254,  0.62119,  0.24728,  0.89001,  0.00000,  413.51334
delay:
25.178
30.241
32.416
97,  0.87435,  0.62103,  0.24729,  0.88986,  0.00000,  466.03425
delay:
25.178
30.241
32.416
98,  0.87393,  0.62087,  0.24727,  0.88940,  0.00000,  451.10465
delay:
25.178
30.241
32.416
99,  0.87296,  0.62095,  0.24728,  0.89017,  0.00000,  433.63170
delay:
25.178
30.241
32.416
100,  0.78450,  0.62357,  0.24726,  0.45504,  0.00000,  12850.26316
delay:
25.178
30.241
32.416
