Namespace(batch_size=128, d_inner_hid=32, d_k=16, d_model=16, d_rnn=8, d_v=16, data='data/toy_one/5dim_2200seq_128ev/', device=device(type='cpu'), dropout=0.1, epoch=100, log='data/toy_one/5dim_2200seq_128ev/100_20_input16_hidden64_softplus_batch128_grad.txt', lr=0.001, lr_delay=0.001, n_head=1, n_hidden=64, n_input=16, n_layers=1, num_events=200, smooth=0.1)
Epoch, Log-likelihood-Test, Accuracy, RMSE, Log-likelihood-Train, Gradient_Masker, Gradient_THP
1, -0.20506,  0.20181,  0.41757, -0.28667,  0.00000,  17584.81772
delay:
0.0
0.0
0.0
0.0
0.0
2, -0.02037,  0.23268,  0.44985, -0.13343,  0.00000,  16175.89447
delay:
0.0
0.0
0.0
0.0
0.0
3,  0.20707,  0.36819,  0.40616,  0.07669,  0.00000,  14683.82002
delay:
0.0
0.0
0.0
0.0
0.0
4,  0.40834,  0.34646,  0.25228,  0.29524,  0.00000,  12924.42528
delay:
0.0
0.0
0.0
0.0
0.0
5,  0.57877,  0.49480,  0.15103,  0.48276,  0.00000,  11634.27543
delay:
0.0
0.0
0.0
0.0
0.0
6,  0.71507,  0.52142,  0.15649,  0.63912,  0.00000,  10311.46095
delay:
0.0
0.0
0.0
0.0
0.0
7,  0.82044,  0.52764,  0.15842,  0.76098,  0.00000,  8945.49975
delay:
0.0
0.0
0.0
0.0
0.0
8,  0.89804,  0.52764,  0.16389,  0.85419,  0.00000,  7579.76654
delay:
0.0
0.0
0.0
0.0
0.0
9,  0.95304,  0.52787,  0.16744,  0.92138,  0.00000,  6383.01923
delay:
0.0
0.0
0.0
0.0
0.0
10,  0.99198,  0.52795,  0.16895,  0.96887,  0.00000,  5377.16311
delay:
0.0
0.0
0.0
0.0
0.0
11,  1.00678,  0.52858,  0.16864,  0.99622,  0.00000,  4737.52735
delay:
0.0
0.0
0.0
0.0
0.0
12,  1.01927,  0.52803,  0.16740,  1.01001,  0.00000,  4381.91240
delay:
0.0
0.0
0.0
0.0
0.0
13,  1.02999,  0.52819,  0.16654,  1.02170,  0.00000,  4043.28879
delay:
0.0
0.0
0.0
0.0
0.0
14,  1.03926,  0.52819,  0.16539,  1.03177,  0.00000,  3734.77325
delay:
0.0
0.0
0.0
0.0
0.0
15,  1.04728,  0.52827,  0.16402,  1.04052,  0.00000,  3503.05900
delay:
0.0
0.0
0.0
0.0
0.0
16,  1.05425,  0.52843,  0.16322,  1.04809,  0.00000,  3266.68127
delay:
0.0
0.0
0.0
0.0
0.0
17,  1.06033,  0.52827,  0.16123,  1.05468,  0.00000,  3047.27639
delay:
0.0
0.0
0.0
0.0
0.0
18,  1.06559,  0.52795,  0.16023,  1.06039,  0.00000,  2850.49963
delay:
0.0
0.0
0.0
0.0
0.0
19,  1.07019,  0.52835,  0.15887,  1.06536,  0.00000,  2659.47465
delay:
0.0
0.0
0.0
0.0
0.0
20,  1.07434,  0.52811,  0.15850,  1.06981,  0.00000,  2540.02759
delay:
0.0
0.0
0.0
0.0
0.0
21,  1.08894,  0.52874,  0.15577,  1.07939,  4.72132,  2286.18681
delay:
0.015
5.079
0.94
0.011
7.278
22,  1.09958,  0.52850,  0.15731,  1.09202,  1.91600,  1766.59455
delay:
0.005
9.306
5.295
0.004
11.793
23,  1.10765,  0.52890,  0.15771,  1.10120,  0.78148,  1704.00337
delay:
0.003
13.198
10.391
0.003
13.575
24,  1.11316,  0.52945,  0.15792,  1.10785,  0.24847,  1610.30720
delay:
0.004
15.178
14.431
0.004
14.405
25,  1.11692,  0.52913,  0.15556,  1.11244,  0.14976,  1646.51180
delay:
0.01
16.029
16.044
0.006
14.842
26,  1.12071,  0.52819,  0.15360,  1.11617,  0.25861,  1265.44374
delay:
0.014
16.357
16.634
0.004
15.228
27,  1.12534,  0.52906,  0.15076,  1.11996,  0.54457,  1121.23497
delay:
0.002
16.37
16.822
0.001
15.926
28,  1.13136,  0.52835,  0.14951,  1.12530,  1.56469,  1359.57794
delay:
0.0
14.351
17.348
0.0
16.78
29,  1.13771,  0.52819,  0.14952,  1.13097,  7.37069,  1272.29037
delay:
0.0
11.639
14.439
0.0
16.591
30,  1.14573,  0.52882,  0.14974,  1.13731,  10.28328,  1050.49358
delay:
0.0
7.496
13.232
0.0
16.532
31,  1.14970,  0.52882,  0.14980,  1.14274,  17.85291,  1111.43020
delay:
0.0
5.495
12.287
0.0
16.529
32,  1.15341,  0.52898,  0.14978,  1.14612,  19.37928,  1110.36165
delay:
0.0
7.836
12.859
0.0
17.151
33,  1.15682,  0.52898,  0.14976,  1.14957,  14.37766,  1103.60401
delay:
0.0
9.07
13.259
0.0
17.443
34,  1.15972,  0.52874,  0.14985,  1.15278,  13.76639,  1138.55759
delay:
0.0
8.778
14.454
0.0
17.51
35,  1.16280,  0.52882,  0.14958,  1.15563,  12.29555,  1014.65848
delay:
0.0
8.909
16.878
0.0
17.88
36,  1.16556,  0.52874,  0.14947,  1.15820,  14.82489,  1077.40614
delay:
0.0
8.405
17.604
0.0
17.971
37,  1.16813,  0.52890,  0.14934,  1.16065,  16.85875,  966.19356
delay:
0.0
8.385
18.654
0.0
18.239
38,  1.17061,  0.52882,  0.14925,  1.16329,  16.16462,  860.56119
delay:
0.0
8.798
19.272
0.0
18.453
39,  1.17297,  0.52921,  0.14911,  1.16534,  10.27500,  910.21985
delay:
0.0
8.648
19.153
0.0
18.437
40,  1.17539,  0.52866,  0.14907,  1.16771,  23.55781,  982.73047
delay:
0.0
7.085
18.353
0.0
18.105
41,  1.17539,  0.52882,  0.14916,  1.16915,  26.13722,  1000.15256
delay:
0.0
7.085
18.353
0.0
18.105
42,  1.17582,  0.52874,  0.14919,  1.16966,  26.13722,  992.44325
delay:
0.0
7.085
18.353
0.0
18.105
43,  1.17630,  0.52882,  0.14919,  1.17017,  26.13722,  883.40553
delay:
0.0
7.085
18.353
0.0
18.105
44,  1.17672,  0.52843,  0.14917,  1.17056,  26.13722,  843.50988
delay:
0.0
7.085
18.353
0.0
18.105
45,  1.17698,  0.52890,  0.14921,  1.17081,  26.13722,  883.14229
delay:
0.0
7.085
18.353
0.0
18.105
46,  1.17749,  0.52850,  0.14916,  1.17137,  26.13722,  1119.42524
delay:
0.0
7.085
18.353
0.0
18.105
47,  1.17780,  0.52890,  0.14918,  1.17188,  26.13722,  837.91696
delay:
0.0
7.085
18.353
0.0
18.105
48,  1.17822,  0.52890,  0.14916,  1.17207,  26.13722,  884.10976
delay:
0.0
7.085
18.353
0.0
18.105
49,  1.17852,  0.52850,  0.14916,  1.17235,  26.13722,  892.12663
delay:
0.0
7.085
18.353
0.0
18.105
50,  1.17938,  0.52882,  0.14908,  1.17264,  26.13722,  1350.05227
delay:
0.0
7.085
18.353
0.0
18.105
51,  1.17980,  0.52866,  0.14912,  1.17354,  26.13722,  953.27609
delay:
0.0
7.085
18.353
0.0
18.105
52,  1.18017,  0.52866,  0.14913,  1.17413,  26.13722,  877.46022
delay:
0.0
7.085
18.353
0.0
18.105
53,  1.18059,  0.52866,  0.14912,  1.17448,  26.13722,  850.76909
delay:
0.0
7.085
18.353
0.0
18.105
54,  1.18086,  0.52882,  0.14914,  1.17483,  26.13722,  883.74982
delay:
0.0
7.085
18.353
0.0
18.105
55,  1.18112,  0.52858,  0.14915,  1.17496,  26.13722,  816.08960
delay:
0.0
7.085
18.353
0.0
18.105
56,  1.18141,  0.52890,  0.14914,  1.17541,  26.13722,  857.34052
delay:
0.0
7.085
18.353
0.0
18.105
57,  1.18161,  0.52890,  0.14914,  1.17515,  26.13722,  866.73221
delay:
0.0
7.085
18.353
0.0
18.105
58,  1.18182,  0.52898,  0.14914,  1.17550,  26.13722,  862.10787
delay:
0.0
7.085
18.353
0.0
18.105
59,  1.18201,  0.52898,  0.14914,  1.17576,  26.13722,  851.43363
delay:
0.0
7.085
18.353
0.0
18.105
60,  1.18218,  0.52898,  0.14914,  1.17582,  26.13722,  941.47760
delay:
0.0
7.085
18.353
0.0
18.105
61,  1.18372,  0.52890,  0.14899,  1.17636,  9.49781,  874.62668
delay:
0.0
7.197
18.647
0.0
18.185
62,  1.18496,  0.52898,  0.14895,  1.17732,  14.29516,  822.05860
delay:
0.0
7.114
18.714
0.0
18.239
63,  1.18602,  0.52874,  0.14896,  1.17835,  9.97554,  1008.68921
delay:
0.0
7.536
18.862
0.0
18.331
64,  1.18733,  0.52921,  0.14892,  1.17923,  13.58197,  960.74132
delay:
0.0
7.558
18.741
0.0
18.322
65,  1.18829,  0.52906,  0.14896,  1.18043,  11.01945,  881.72896
delay:
0.0
7.565
18.765
0.0
18.353
66,  1.18930,  0.52906,  0.14895,  1.18133,  11.15712,  858.69095
delay:
0.0
7.474
18.726
0.0
18.365
67,  1.19053,  0.52866,  0.14893,  1.18248,  16.49837,  939.16779
delay:
0.0
7.947
18.788
0.0
18.447
68,  1.19164,  0.52898,  0.14897,  1.18303,  16.30391,  988.21531
delay:
0.0
8.047
18.747
0.0
18.462
69,  1.19279,  0.52850,  0.14895,  1.18401,  22.16005,  933.94600
delay:
0.0
8.03
18.571
0.0
18.452
70,  1.19371,  0.52866,  0.14892,  1.18480,  11.96086,  1027.57886
delay:
0.0
7.632
18.382
0.0
18.375
71,  1.19408,  0.52913,  0.14897,  1.18528,  14.42193,  870.79792
delay:
0.0
7.725
18.608
0.0
18.441
72,  1.19453,  0.52827,  0.14895,  1.18556,  21.57249,  932.16188
delay:
0.0
7.578
18.608
0.0
18.438
73,  1.19498,  0.52874,  0.14894,  1.18611,  13.61346,  945.77980
delay:
0.0
7.552
18.616
0.0
18.447
74,  1.19535,  0.52858,  0.14894,  1.18638,  11.61366,  879.27047
delay:
0.0
7.562
18.666
0.0
18.469
