Namespace(data='data/toy_one/5dim_5000seq_160ev/', epoch=100, batch_size=64, d_model=16, d_rnn=8, d_inner_hid=32, d_k=16, d_v=16, n_head=1, n_layers=1, dropout=0.1, lr=0.0001, smooth=0.1, log='data/toy_one/5dim_5000seq_160ev/100_20_input5_hidden32_softplus_batch64_grad.txt', num_events=160, lr_delay=0.0001, n_hidden=64, n_input=5, device=device(type='cpu'))
Epoch, Log-likelihood-Test, Accuracy, RMSE, Log-likelihood-Train, Gradient_Masker, Gradient_THP
1, -0.32562,  0.19093,  0.44468, -0.34412,  0.00000,  10382.59527
delay:
0.0
0.0
0.0
0.0
0.0
2, -0.29061,  0.35184,  0.37987, -0.31147,  0.00000,  9986.44436
delay:
0.0
0.0
0.0
0.0
0.0
3, -0.24895,  0.42088,  0.33339, -0.27347,  0.00000,  9734.47030
delay:
0.0
0.0
0.0
0.0
0.0
4, -0.19924,  0.44964,  0.28951, -0.22851,  0.00000,  9514.15484
delay:
0.0
0.0
0.0
0.0
0.0
5, -0.13809,  0.49138,  0.24167, -0.17433,  0.00000,  9304.61822
delay:
0.0
0.0
0.0
0.0
0.0
6, -0.06383,  0.52855,  0.19613, -0.10744,  0.00000,  9105.53755
delay:
0.0
0.0
0.0
0.0
0.0
7,  0.02014,  0.53046,  0.19113, -0.02847,  0.00000,  8900.69339
delay:
0.0
0.0
0.0
0.0
0.0
8,  0.11071,  0.53088,  0.22392,  0.05904,  0.00000,  8671.56747
delay:
0.0
0.0
0.0
0.0
0.0
9,  0.20474,  0.52954,  0.24210,  0.15141,  0.00000,  8429.16564
delay:
0.0
0.0
0.0
0.0
0.0
10,  0.29814,  0.52814,  0.23472,  0.24551,  0.00000,  8168.94223
delay:
0.0
0.0
0.0
0.0
0.0
11,  0.34208,  0.52827,  0.22472,  0.31483,  0.00000,  7950.23225
delay:
0.0
0.0
0.0
0.0
0.0
12,  0.38369,  0.52844,  0.21420,  0.35782,  0.00000,  7799.98932
delay:
0.0
0.0
0.0
0.0
0.0
