Namespace(data='data/toy_one/5dim_5000seq_160ev/', epoch=100, batch_size=128, d_model=16, d_rnn=8, d_inner_hid=32, d_k=16, d_v=16, n_head=1, n_layers=1, dropout=0.1, lr=0.0001, smooth=0.1, log='data/toy_one/5dim_5000seq_160ev/100_10_90_input5_hidden64_softplus_batch128_grad.txt', num_events=64, lr_delay=0.0001, n_hidden=64, n_input=5, device=device(type='cpu'))
Epoch, Log-likelihood-Test, Accuracy, RMSE, Log-likelihood-Train, Gradient_Masker, Gradient_THP
1, -0.35274,  0.12303,  0.31708, -0.36283,  0.00000,  23291.76786
delay:
0.0
0.0
0.0
0.0
0.0
2, -0.33474,  0.18766,  0.27837, -0.34556,  0.00000,  22126.34516
delay:
0.0
0.0
0.0
0.0
0.0
3, -0.31571,  0.31105,  0.24387, -0.32725,  0.00000,  20937.32911
delay:
0.0
0.0
0.0
0.0
0.0
4, -0.29552,  0.36511,  0.21502, -0.30795,  0.00000,  19867.76070
delay:
0.0
0.0
0.0
0.0
0.0
5, -0.27395,  0.37360,  0.19193, -0.28736,  0.00000,  19149.54869
delay:
0.0
0.0
0.0
0.0
0.0
6, -0.25120,  0.37357,  0.17565, -0.26544,  0.00000,  18699.75865
delay:
0.0
0.0
0.0
0.0
0.0
7, -0.22745,  0.37319,  0.16592, -0.24240,  0.00000,  18352.48720
delay:
0.0
0.0
0.0
0.0
0.0
8, -0.20232,  0.37310,  0.16200, -0.21822,  0.00000,  18035.89350
delay:
0.0
0.0
0.0
0.0
0.0
9, -0.17552,  0.37321,  0.16392, -0.19249,  0.00000,  17729.51540
delay:
0.0
0.0
0.0
0.0
0.0
10, -0.14673,  0.37318,  0.17144, -0.16499,  0.00000,  17428.66078
delay:
0.0
0.0
0.0
0.0
0.0
11, -0.11888,  0.37388,  0.18065, -0.13672,  44.21246,  17132.92096
delay:
0.03
2.733
0.011
1.442
1.874
12, -0.08903,  0.37445,  0.19268, -0.10824,  32.14876,  16856.16756
delay:
0.036
3.503
0.022
2.025
2.543
13, -0.05542,  0.37530,  0.21170, -0.07713,  28.74864,  16629.82400
delay:
0.058
4.435
0.05
2.855
3.017
14, -0.01605,  0.37635,  0.23985, -0.04147,  33.22640,  16458.41516
delay:
0.148
5.425
0.149
3.853
3.442
15,  0.02851,  0.37737,  0.27210, -0.00022,  38.46258,  16337.94033
delay:
0.2
6.344
0.532
4.934
4.027
16,  0.07335,  0.38343,  0.29192,  0.04444,  45.91461,  16220.63658
delay:
0.137
7.068
1.48
5.915
5.048
17,  0.11590,  0.42211,  0.29507,  0.08813,  47.80074,  16084.06435
delay:
0.097
7.661
2.825
6.652
6.4
18,  0.15715,  0.47242,  0.28982,  0.13020,  29.70350,  15956.51861
delay:
0.097
8.196
3.954
7.233
7.329
19,  0.19769,  0.51052,  0.28149,  0.17118,  17.01470,  15835.73602
delay:
0.137
8.673
4.85
7.714
7.772
20,  0.23756,  0.52436,  0.27038,  0.21160,  13.30824,  15702.12125
delay:
0.179
9.095
5.605
8.106
7.997
21,  0.25704,  0.52604,  0.26408,  0.24181,  11.41343,  15582.50564
delay:
0.182
9.284
5.952
8.27
8.094
22,  0.27605,  0.52642,  0.25762,  0.26117,  10.73350,  15494.21228
delay:
0.185
9.458
6.263
8.414
8.14
23,  0.29470,  0.52673,  0.25113,  0.28006,  9.26696,  15399.77791
delay:
0.17
9.62
6.549
8.542
8.168
24,  0.31301,  0.52697,  0.24470,  0.29871,  9.36624,  15300.67123
delay:
0.172
9.776
6.803
8.658
8.194
25,  0.33104,  0.52722,  0.23851,  0.31699,  8.84648,  15197.20667
delay:
0.158
9.919
7.035
8.763
8.184
26,  0.34884,  0.52731,  0.23273,  0.33506,  6.90264,  15089.24470
delay:
0.147
10.052
7.243
8.859
8.185
27,  0.36643,  0.52744,  0.22741,  0.35289,  6.30388,  14977.75096
delay:
0.147
10.178
7.426
8.946
8.168
28,  0.38382,  0.52758,  0.22263,  0.37049,  6.69623,  14865.95389
delay:
0.137
10.293
7.59
9.028
8.144
29,  0.40099,  0.52772,  0.21848,  0.38791,  5.32973,  14747.15307
delay:
0.128
10.4
7.731
9.103
8.114
30,  0.41801,  0.52791,  0.21506,  0.40512,  4.98801,  14627.46676
delay:
0.124
10.502
7.853
9.174
8.075
31,  0.42645,  0.52803,  0.21364,  0.41808,  5.13631,  14536.32171
delay:
0.122
10.551
7.91
9.209
8.045
32,  0.43478,  0.52810,  0.21236,  0.42652,  4.84057,  14472.60629
delay:
0.118
10.597
7.964
9.241
8.028
33,  0.44306,  0.52811,  0.21123,  0.43489,  4.40254,  14412.13045
delay:
0.114
10.643
8.016
9.273
8.01
34,  0.45124,  0.52814,  0.21022,  0.44319,  4.65953,  14346.73011
delay:
0.11
10.688
8.066
9.305
7.999
35,  0.45937,  0.52818,  0.20938,  0.45137,  4.84029,  14285.43953
delay:
0.107
10.733
8.116
9.336
7.988
36,  0.46746,  0.52824,  0.20870,  0.45958,  4.65204,  14220.28646
delay:
0.102
10.777
8.166
9.367
7.974
37,  0.47547,  0.52832,  0.20817,  0.46768,  4.07473,  14154.59895
delay:
0.1
10.82
8.21
9.397
7.96
38,  0.48342,  0.52833,  0.20773,  0.47570,  4.15000,  14087.08713
delay:
0.096
10.862
8.255
9.427
7.949
39,  0.49133,  0.52841,  0.20748,  0.48370,  4.02033,  14023.05239
delay:
0.092
10.904
8.298
9.456
7.937
40,  0.49916,  0.52844,  0.20734,  0.49163,  3.14396,  13956.06182
delay:
0.089
10.945
8.338
9.484
7.924
41,  0.50306,  0.52846,  0.20732,  0.49759,  3.74356,  13903.62732
delay:
0.088
10.966
8.358
9.499
7.918
42,  0.50694,  0.52851,  0.20731,  0.50153,  3.89766,  13870.42222
delay:
0.086
10.986
8.379
9.514
7.913
43,  0.51080,  0.52857,  0.20733,  0.50540,  3.30385,  13836.01574
delay:
0.085
11.006
8.398
9.528
7.903
44,  0.51464,  0.52862,  0.20736,  0.50928,  3.23126,  13801.65716
delay:
0.084
11.026
8.417
9.543
7.901
45,  0.51847,  0.52863,  0.20744,  0.51315,  3.86157,  13768.46883
delay:
0.083
11.046
8.436
9.557
7.894
46,  0.52228,  0.52873,  0.20752,  0.51702,  3.55576,  13736.30333
delay:
0.081
11.066
8.455
9.572
7.887
47,  0.52608,  0.52873,  0.20761,  0.52086,  3.34887,  13698.93485
delay:
0.079
11.086
8.474
9.587
7.88
48,  0.52985,  0.52887,  0.20772,  0.52466,  3.74422,  13663.58316
delay:
0.078
11.106
8.493
9.602
7.878
49,  0.53362,  0.52890,  0.20786,  0.52845,  3.37076,  13628.92091
delay:
0.077
11.126
8.512
9.617
7.868
50,  0.53697,  0.52847,  0.20792,  0.53181,  4.17855,  13588.51173
delay:
0.071
11.145
8.537
9.636
7.88
51,  0.53899,  0.52855,  0.20803,  0.53485,  3.70843,  13563.48097
delay:
0.069
11.154
8.55
9.646
7.893
52,  0.54094,  0.52852,  0.20812,  0.53679,  3.40598,  13547.24133
delay:
0.068
11.164
8.563
9.656
7.906
53,  0.54285,  0.52857,  0.20820,  0.53874,  3.23256,  13530.89643
delay:
0.068
11.174
8.575
9.665
7.915
54,  0.54473,  0.52862,  0.20828,  0.54068,  3.27358,  13515.02715
delay:
0.067
11.185
8.586
9.674
7.928
55,  0.54661,  0.52874,  0.20835,  0.54256,  2.89425,  13498.26949
delay:
0.067
11.195
8.598
9.683
7.936
56,  0.54847,  0.52877,  0.20844,  0.54442,  3.27849,  13480.06497
delay:
0.067
11.206
8.608
9.691
7.942
57,  0.55032,  0.52887,  0.20852,  0.54630,  3.57351,  13462.49600
delay:
0.067
11.216
8.619
9.7
7.948
58,  0.55216,  0.52895,  0.20861,  0.54815,  3.20647,  13443.29963
delay:
0.067
11.227
8.63
9.709
7.953
59,  0.55401,  0.52899,  0.20871,  0.55000,  2.53932,  13426.18353
delay:
0.067
11.238
8.639
9.718
7.95
60,  0.55585,  0.52903,  0.20881,  0.55186,  2.37098,  13407.57479
delay:
0.067
11.249
8.649
9.726
7.949
61,  0.55677,  0.52909,  0.20886,  0.55326,  3.07437,  13392.91192
delay:
0.067
11.254
8.654
9.731
7.948
62,  0.55770,  0.52906,  0.20891,  0.55420,  2.90819,  13384.52743
delay:
0.067
11.26
8.659
9.736
7.945
63,  0.55861,  0.52909,  0.20897,  0.55513,  2.69336,  13377.56871
delay:
0.067
11.265
8.664
9.74
7.944
64,  0.55953,  0.52909,  0.20902,  0.55604,  2.55750,  13368.02237
delay:
0.067
11.271
8.669
9.745
7.941
65,  0.56045,  0.52909,  0.20908,  0.55696,  2.99313,  13358.03545
delay:
0.067
11.276
8.674
9.749
7.94
66,  0.56136,  0.52909,  0.20914,  0.55789,  3.31261,  13349.74871
delay:
0.067
11.282
8.678
9.754
7.936
67,  0.56228,  0.52912,  0.20919,  0.55885,  3.30943,  13340.20199
delay:
0.067
11.288
8.683
9.759
7.934
68,  0.56319,  0.52915,  0.20925,  0.55973,  2.81885,  13329.77228
delay:
0.067
11.294
8.688
9.764
7.932
69,  0.56410,  0.52915,  0.20931,  0.56064,  3.80578,  13320.80160
delay:
0.067
11.3
8.693
9.769
7.929
70,  0.56501,  0.52915,  0.20936,  0.56157,  3.17365,  13310.95585
delay:
0.067
11.305
8.698
9.773
7.926
71,  0.56547,  0.52917,  0.20940,  0.56227,  3.00518,  13304.18469
delay:
0.066
11.308
8.701
9.776
7.924
72,  0.56592,  0.52920,  0.20943,  0.56275,  3.50424,  13302.69533
delay:
0.066
11.311
8.703
9.779
7.921
73,  0.56638,  0.52925,  0.20946,  0.56318,  2.93547,  13295.07761
delay:
0.066
11.314
8.706
9.781
7.92
74,  0.56684,  0.52928,  0.20949,  0.56363,  3.44665,  13290.63865
delay:
0.066
11.317
8.709
9.784
7.919
75,  0.56729,  0.52928,  0.20952,  0.56411,  3.68483,  13286.84212
delay:
0.066
11.321
8.711
9.786
7.917
76,  0.56774,  0.52929,  0.20955,  0.56454,  3.37837,  13279.58012
delay:
0.066
11.324
8.714
9.789
7.915
77,  0.56820,  0.52932,  0.20958,  0.56503,  3.24503,  13275.57197
delay:
0.065
11.327
8.717
9.792
7.913
78,  0.56865,  0.52934,  0.20961,  0.56546,  3.31404,  13268.96232
delay:
0.065
11.33
8.719
9.794
7.912
79,  0.56910,  0.52936,  0.20964,  0.56592,  3.00215,  13265.86540
delay:
0.065
11.334
8.722
9.797
7.91
80,  0.56956,  0.52937,  0.20967,  0.56637,  3.58848,  13261.67910
delay:
0.065
11.337
8.725
9.8
7.908
81,  0.56978,  0.52937,  0.20969,  0.56674,  3.56028,  13259.91189
delay:
0.065
11.339
8.726
9.801
7.908
82,  0.57001,  0.52937,  0.20970,  0.56695,  2.94050,  13257.35317
delay:
0.065
11.34
8.728
9.803
7.906
83,  0.57024,  0.52937,  0.20972,  0.56718,  3.27842,  13251.88569
delay:
0.065
11.342
8.729
9.804
7.905
84,  0.57046,  0.52937,  0.20973,  0.56742,  3.05676,  13251.22999
delay:
0.065
11.344
8.73
9.806
7.904
85,  0.57069,  0.52937,  0.20975,  0.56764,  3.46687,  13249.59346
delay:
0.065
11.346
8.732
9.807
7.903
86,  0.57092,  0.52937,  0.20977,  0.56787,  3.25253,  13247.75677
delay:
0.064
11.347
8.733
9.809
7.902
87,  0.57114,  0.52937,  0.20978,  0.56812,  2.61455,  13243.73936
delay:
0.064
11.349
8.735
9.81
7.901
88,  0.57137,  0.52937,  0.20980,  0.56832,  3.19094,  13240.95339
delay:
0.064
11.351
8.736
9.812
7.901
89,  0.57159,  0.52937,  0.20981,  0.56857,  3.35223,  13238.97044
delay:
0.064
11.353
8.738
9.813
7.9
90,  0.57182,  0.52937,  0.20983,  0.56877,  3.01034,  13236.79491
delay:
0.064
11.355
8.739
9.815
7.898
91,  0.57193,  0.52937,  0.20984,  0.56896,  3.15421,  13237.10145
delay:
0.064
11.356
8.74
9.816
7.898
92,  0.57205,  0.52937,  0.20985,  0.56907,  3.38995,  13235.08558
delay:
0.064
11.357
8.741
9.817
7.897
93,  0.57216,  0.52937,  0.20985,  0.56919,  3.57911,  13233.46988
delay:
0.064
11.358
8.742
9.818
7.897
94,  0.57227,  0.52940,  0.20986,  0.56934,  2.88897,  13232.57020
delay:
0.064
11.359
8.742
9.818
7.896
95,  0.57239,  0.52940,  0.20987,  0.56943,  3.48963,  13230.53725
delay:
0.064
11.36
8.743
9.819
7.896
96,  0.57250,  0.52940,  0.20988,  0.56953,  2.96741,  13228.56683
delay:
0.064
11.361
8.744
9.82
7.895
97,  0.57261,  0.52942,  0.20989,  0.56964,  3.03418,  13228.50024
delay:
0.064
11.362
8.745
9.821
7.895
98,  0.57273,  0.52943,  0.20989,  0.56975,  3.40065,  13228.14484
delay:
0.064
11.363
8.746
9.822
7.894
99,  0.57284,  0.52943,  0.20990,  0.56988,  3.04551,  13227.78997
delay:
0.064
11.364
8.747
9.823
7.894
100,  0.57255,  0.52898,  0.20976,  0.56960,  3.72527,  13219.97057
delay:
0.063
11.365
8.748
9.824
7.894
