Namespace(data='data/toy_one/5dim_10000seq_48ev/', epoch=100, batch_size=128, d_model=16, d_rnn=8, d_inner_hid=32, d_k=16, d_v=16, n_head=1, n_layers=1, dropout=0.1, lr=0.001, smooth=0.1, log='data/toy_one/5dim_10000seq_48ev/100_20_input16_hidden64_softplus_batch128_grad_lr0001.txt', num_events=64, lr_delay=0.001, n_hidden=48, n_input=16, device=device(type='cpu'))
Epoch, Log-likelihood-Test, Accuracy, RMSE, Log-likelihood-Train, Gradient_Masker, Gradient_THP
1,  0.07107,  0.34528,  0.25972, -0.23883,  0.00000,  5424.57946
delay:
0.0
0.0
0.0
0.0
0.0
2,  0.65190,  0.42996,  0.17257,  0.38153,  0.00000,  3563.42375
delay:
0.0
0.0
0.0
0.0
0.0
3,  0.87594,  0.44013,  0.16793,  0.78225,  0.00000,  1929.95397
delay:
0.0
0.0
0.0
0.0
0.0
4,  0.90490,  0.44732,  0.16621,  0.89006,  0.00000,  925.33404
delay:
0.0
0.0
0.0
0.0
0.0
5,  0.91419,  0.44728,  0.16489,  0.90635,  0.00000,  820.40493
delay:
0.0
0.0
0.0
0.0
0.0
6,  0.91916,  0.44728,  0.16438,  0.91356,  0.00000,  781.58133
delay:
0.0
0.0
0.0
0.0
0.0
7,  0.92324,  0.44745,  0.16452,  0.91817,  0.00000,  719.65267
delay:
0.0
0.0
0.0
0.0
0.0
8,  0.93032,  0.44660,  0.16901,  0.92366,  0.00000,  718.80574
delay:
0.0
0.0
0.0
0.0
0.0
9,  0.93837,  0.44770,  0.17341,  0.93110,  0.00000,  648.37537
delay:
0.0
0.0
0.0
0.0
0.0
10,  0.94956,  0.44745,  0.18414,  0.94027,  0.00000,  696.80702
delay:
0.0
0.0
0.0
0.0
0.0
11,  0.95556,  0.44757,  0.18515,  0.94858,  0.00000,  624.87192
delay:
0.0
0.0
0.0
0.0
0.0
12,  0.96200,  0.44762,  0.18481,  0.95462,  0.00000,  622.85029
delay:
0.0
0.0
0.0
0.0
0.0
13,  0.96917,  0.44706,  0.18284,  0.96114,  0.00000,  636.29501
delay:
0.0
0.0
0.0
0.0
0.0
14,  0.97715,  0.44770,  0.18287,  0.96840,  0.00000,  666.99627
delay:
0.0
0.0
0.0
0.0
0.0
15,  0.98568,  0.44723,  0.18060,  0.97586,  0.00000,  732.15235
delay:
0.0
0.0
0.0
0.0
0.0
16,  0.99546,  0.44685,  0.17919,  0.98427,  0.00000,  783.38391
delay:
0.0
0.0
0.0
0.0
0.0
17,  1.00688,  0.44770,  0.17916,  0.99317,  0.00000,  913.96231
delay:
0.0
0.0
0.0
0.0
0.0
18,  1.02142,  0.44685,  0.17633,  1.00371,  0.00000,  942.13244
delay:
0.0
0.0
0.0
0.0
0.0
19,  1.03563,  0.44668,  0.17374,  1.01555,  0.00000,  1025.54640
delay:
0.0
0.0
0.0
0.0
0.0
20,  1.05520,  0.44732,  0.17191,  1.02956,  0.00000,  1150.01810
delay:
0.0
0.0
0.0
0.0
0.0
21,  1.07682,  0.44681,  0.16923,  1.03875,  64.10846,  1413.29431
delay:
0.0
0.003
0.001
0.01
0.005
22,  1.11263,  0.44634,  0.16673,  1.06951,  4.87675,  1482.79994
delay:
0.0
0.001
0.0
0.004
0.126
23,  1.14860,  0.44677,  0.16502,  1.10138,  124.95534,  1918.54418
delay:
0.0
0.001
0.0
0.004
0.352
24,  1.18296,  0.44630,  0.16468,  1.13176,  269.59952,  2110.92234
delay:
0.0
0.001
0.001
0.262
0.277
25,  1.21859,  0.44638,  0.16475,  1.16399,  212.48518,  2328.75780
delay:
0.0
0.01
0.024
0.155
0.173
26,  1.26198,  0.44647,  0.16537,  1.20127,  376.81989,  3430.82173
delay:
0.021
0.143
0.068
0.293
0.04
27,  1.30584,  0.44583,  0.16568,  1.24380,  448.28586,  4121.70431
delay:
0.046
0.107
0.055
0.186
0.028
28,  1.33786,  0.44630,  0.16553,  1.27849,  490.88023,  5760.58846
delay:
0.041
0.087
0.035
0.167
0.144
29,  1.36020,  0.44634,  0.16545,  1.30746,  549.17762,  4585.92997
delay:
0.034
0.067
0.03
0.093
0.215
30,  1.37232,  0.44626,  0.16549,  1.32962,  454.24940,  6234.11417
delay:
0.024
0.054
0.026
0.066
0.269
31,  1.38770,  0.44621,  0.16549,  1.34430,  247.37088,  5501.19430
delay:
0.023
0.044
0.021
0.051
0.312
32,  1.39534,  0.44613,  0.16527,  1.35285,  217.92713,  3648.74124
delay:
0.016
0.036
0.017
0.045
0.317
33,  1.40095,  0.44630,  0.16516,  1.36050,  165.89577,  3821.59926
delay:
0.013
0.032
0.013
0.031
0.344
34,  1.40778,  0.44621,  0.16498,  1.36754,  138.60485,  3568.86730
delay:
0.01
0.026
0.01
0.023
0.378
35,  1.41195,  0.44660,  0.16489,  1.37398,  132.95874,  3192.89101
delay:
0.008
0.021
0.007
0.019
0.372
36,  1.41470,  0.44626,  0.16482,  1.37928,  135.73547,  3832.00250
delay:
0.006
0.017
0.006
0.016
0.396
37,  1.42202,  0.44621,  0.16488,  1.38434,  150.15097,  3331.88778
delay:
0.004
0.014
0.004
0.012
0.355
38,  1.42585,  0.44549,  0.16467,  1.38918,  124.23526,  4808.30729
delay:
0.003
0.011
0.003
0.009
0.361
39,  1.42924,  0.44579,  0.16454,  1.39367,  93.49944,  2974.16575
delay:
0.002
0.01
0.003
0.007
0.382
40,  1.43476,  0.44477,  0.16444,  1.39793,  113.51070,  3717.86196
delay:
0.002
0.009
0.002
0.006
0.367
41,  0.22910,  0.30634,  0.18412,  1.40053,  83.76861,  5907.38990
delay:
0.002
0.009
0.002
0.006
0.367
42,  0.25327,  0.30638,  0.18405,  1.40335,  83.76861,  3796.45753
delay:
0.002
0.009
0.002
0.006
0.367
43,  0.22107,  0.30655,  0.18409,  1.40559,  83.76861,  3519.53018
delay:
0.002
0.009
0.002
0.006
0.367
44,  0.22865,  0.30647,  0.18400,  1.40717,  83.76861,  2481.44495
delay:
0.002
0.009
0.002
0.006
0.367
45,  0.21041,  0.30634,  0.18389,  1.40860,  83.76861,  3774.38118
delay:
0.002
0.009
0.002
0.006
0.367
46,  0.20705,  0.30660,  0.18399,  1.41002,  83.76861,  4193.04130
delay:
0.002
0.009
0.002
0.006
0.367
47,  0.22060,  0.30634,  0.18355,  1.41184,  83.76861,  2775.92857
delay:
0.002
0.009
0.002
0.006
0.367
48,  0.21785,  0.30630,  0.18347,  1.41351,  83.76861,  2871.64161
delay:
0.002
0.009
0.002
0.006
0.367
49,  0.19591,  0.30634,  0.18359,  1.41460,  83.76861,  2943.10463
delay:
0.002
0.009
0.002
0.006
0.367
50,  0.14308,  0.30762,  0.18153,  1.18062,  83.76861,  17888.28063
delay:
0.002
0.009
0.002
0.006
0.367
51,  0.13909,  0.30711,  0.18288,  1.33308,  83.76861,  3021.52250
delay:
0.002
0.009
0.002
0.006
0.367
52,  0.14287,  0.30711,  0.18390,  1.35151,  83.76861,  2571.54405
delay:
0.002
0.009
0.002
0.006
0.367
53,  0.14582,  0.30677,  0.18433,  1.36378,  83.76861,  2376.17087
delay:
0.002
0.009
0.002
0.006
0.367
54,  0.14735,  0.30681,  0.18441,  1.37266,  83.76861,  2187.08172
delay:
0.002
0.009
0.002
0.006
0.367
55,  0.15037,  0.30672,  0.18455,  1.37949,  83.76861,  2109.23703
delay:
0.002
0.009
0.002
0.006
0.367
56,  0.15153,  0.30647,  0.18413,  1.38469,  83.76861,  1975.41105
delay:
0.002
0.009
0.002
0.006
0.367
57,  0.14801,  0.30647,  0.18386,  1.38920,  83.76861,  1885.58559
delay:
0.002
0.009
0.002
0.006
0.367
58,  0.15484,  0.30651,  0.18400,  1.39296,  83.76861,  2009.87306
delay:
0.002
0.009
0.002
0.006
0.367
59,  0.15369,  0.30651,  0.18357,  1.39608,  83.76861,  1666.88677
delay:
0.002
0.009
0.002
0.006
0.367
60,  0.16137,  0.30647,  0.18338,  1.39928,  83.76861,  2038.41461
delay:
0.002
0.009
0.002
0.006
0.367
61,  1.43137,  0.44481,  0.16425,  1.40265,  119.60027,  1871.67410
delay:
0.001
0.007
0.002
0.005
0.508
62,  1.43545,  0.44485,  0.16426,  1.40673,  115.57658,  1990.61882
delay:
0.001
0.006
0.002
0.004
0.495
63,  1.43918,  0.44468,  0.16423,  1.41007,  114.87216,  1987.74947
delay:
0.001
0.005
0.002
0.004
0.469
64,  1.44213,  0.44451,  0.16423,  1.41325,  122.16363,  1747.49898
delay:
0.001
0.005
0.002
0.004
0.44
65,  1.44381,  0.44472,  0.16415,  1.41646,  133.92727,  1983.65079
delay:
0.001
0.004
0.001
0.003
0.431
66,  1.44819,  0.44477,  0.16410,  1.41881,  160.77029,  2446.19626
delay:
0.001
0.004
0.001
0.003
0.429
67,  1.44911,  0.44455,  0.16411,  1.42171,  115.59461,  2017.11327
delay:
0.001
0.003
0.001
0.003
0.391
68,  1.45242,  0.44506,  0.16409,  1.42412,  134.34510,  2837.59115
delay:
0.001
0.003
0.001
0.003
0.391
69,  1.45581,  0.44489,  0.16401,  1.42602,  189.63327,  3194.81379
delay:
0.001
0.003
0.001
0.003
0.364
70,  1.45804,  0.44494,  0.16408,  1.42855,  130.36977,  2306.24222
delay:
0.0
0.003
0.001
0.003
0.359
71,  1.45952,  0.44464,  0.16402,  1.43045,  143.34521,  2243.18855
delay:
0.0
0.003
0.001
0.003
0.348
72,  1.46009,  0.44455,  0.16401,  1.43204,  92.53209,  2305.85283
delay:
0.0
0.002
0.001
0.003
0.347
73,  1.46194,  0.44494,  0.16410,  1.43304,  123.96007,  2289.08821
delay:
0.0
0.002
0.001
0.003
0.315
74,  1.46409,  0.44468,  0.16396,  1.43420,  114.65727,  2134.69722
delay:
0.0
0.002
0.001
0.003
0.351
75,  1.46525,  0.44481,  0.16395,  1.43544,  120.34171,  2366.90683
delay:
0.0
0.002
0.001
0.003
0.333
76,  1.46604,  0.44443,  0.16397,  1.43634,  109.73621,  2144.82656
delay:
0.0
0.002
0.001
0.003
0.331
77,  1.46657,  0.44485,  0.16395,  1.43710,  98.91678,  2044.75572
delay:
0.0
0.002
0.001
0.003
0.335
78,  1.46702,  0.44477,  0.16394,  1.43773,  130.07880,  1976.71355
delay:
0.0
0.002
0.001
0.003
0.342
79,  1.46703,  0.44447,  0.16391,  1.43833,  138.78902,  1953.95157
delay:
0.0
0.002
0.001
0.003
0.352
80,  1.46843,  0.44460,  0.16402,  1.43921,  107.80996,  2097.93505
delay:
0.0
0.002
0.001
0.003
0.344
81, -0.03147,  0.30609,  0.18054,  1.43977,  180.52011,  1759.05815
delay:
0.0
0.002
0.001
0.003
0.344
82, -0.03225,  0.30621,  0.18050,  1.43960,  180.52011,  1636.73778
delay:
0.0
0.002
0.001
0.003
0.344
83, -0.03637,  0.30609,  0.18051,  1.43995,  180.52011,  1611.79106
delay:
0.0
0.002
0.001
0.003
0.344
84, -0.03665,  0.30604,  0.18041,  1.44014,  180.52011,  1683.13094
delay:
0.0
0.002
0.001
0.003
0.344
85, -0.03819,  0.30617,  0.18039,  1.44028,  180.52011,  1685.58150
delay:
0.0
0.002
0.001
0.003
0.344
86, -0.03879,  0.30617,  0.18031,  1.44034,  180.52011,  1710.16561
delay:
0.0
0.002
0.001
0.003
0.344
87, -0.04333,  0.30613,  0.18026,  1.44082,  180.52011,  1723.90337
delay:
0.0
0.002
0.001
0.003
0.344
88, -0.04319,  0.30621,  0.18035,  1.44084,  180.52011,  1765.61465
delay:
0.0
0.002
0.001
0.003
0.344
89, -0.04454,  0.30613,  0.18030,  1.44079,  180.52011,  1761.34082
delay:
0.0
0.002
0.001
0.003
0.344
90, -0.04601,  0.30604,  0.18019,  1.44085,  180.52011,  1641.21010
delay:
0.0
0.002
0.001
0.003
0.344
91, -0.04831,  0.30621,  0.18029,  1.44140,  180.52011,  1523.69740
delay:
0.0
0.002
0.001
0.003
0.344
92, -0.05098,  0.30613,  0.18026,  1.44152,  180.52011,  1647.42010
delay:
0.0
0.002
0.001
0.003
0.344
93, -0.05167,  0.30617,  0.18026,  1.44138,  180.52011,  1566.16060
delay:
0.0
0.002
0.001
0.003
0.344
94, -0.05273,  0.30626,  0.18021,  1.44137,  180.52011,  1712.54023
delay:
0.0
0.002
0.001
0.003
0.344
95, -0.05176,  0.30621,  0.18025,  1.44150,  180.52011,  1783.75984
delay:
0.0
0.002
0.001
0.003
0.344
96, -0.05538,  0.30617,  0.18023,  1.44170,  180.52011,  1679.17746
delay:
0.0
0.002
0.001
0.003
0.344
97, -0.05458,  0.30621,  0.18024,  1.44184,  180.52011,  1591.29439
delay:
0.0
0.002
0.001
0.003
0.344
98, -0.05836,  0.30617,  0.18027,  1.44178,  180.52011,  1809.69228
delay:
0.0
0.002
0.001
0.003
0.344
99, -0.05778,  0.30626,  0.18025,  1.44192,  180.52011,  1724.59845
delay:
0.0
0.002
0.001
0.003
0.344
100, -0.15773,  0.30736,  0.17965,  1.01651,  180.52011,  44446.24533
delay:
0.0
0.002
0.001
0.003
0.344
