[[2.04240292e-01 4.69973087e-02 1.95897054e-02 9.66029838e-05
  1.33941750e-04 1.81885243e-05 2.00965878e-05 3.63238792e-06
  8.74887337e-06 1.70267867e-06]
 [5.71880341e-01 2.04240248e-01 9.41964537e-02 5.02567797e-04
  6.96710194e-04 9.46553118e-05 1.04584266e-04 1.89045295e-05
  4.55319714e-05 8.86156249e-06]
 [7.67271340e-01 3.87802064e-01 2.04240292e-01 1.23946182e-03
  1.71777781e-03 2.33584185e-04 2.58082437e-04 4.66565507e-05
  1.12368922e-04 2.18707391e-05]
 [9.20180678e-01 6.88963175e-01 4.72985566e-01 4.32073139e-03
  5.98100480e-03 8.16311745e-04 9.01871594e-04 1.63127901e-04
  3.92817135e-04 7.64725482e-05]
 [9.97970521e-01 9.89527225e-01 9.74543691e-01 1.56192794e-01
  2.04240292e-01 3.36754881e-02 3.70772891e-02 6.91141700e-03
  1.64862424e-02 3.25165526e-03]
 [9.83931601e-01 9.21664000e-01 8.26602042e-01 2.25303620e-02
  3.09701841e-02 4.32073325e-03 4.77184495e-03 8.65864626e-04
  2.08296883e-03 4.06059495e-04]
 [9.99695063e-01 9.98414755e-01 9.96096551e-01 5.52341402e-01
  6.31106973e-01 1.88503861e-01 2.04240292e-01 4.43331413e-02
  1.00504011e-01 2.12823357e-02]
 [9.96749282e-01 9.83309567e-01 9.59792018e-01 1.03475794e-01
  1.37958005e-01 2.12673731e-02 2.34461613e-02 4.32073325e-03
  1.03439027e-02 2.02999683e-03]
 [9.99867201e-01 9.99309301e-01 9.98296916e-01 7.39191949e-01
  7.97154784e-01 3.47936034e-01 3.70898813e-01 9.62990597e-02
  2.04240292e-01 4.75738794e-02]
 [9.98473585e-01 9.92106438e-01 9.80741203e-01 1.97578400e-01
  2.54516810e-01 4.43027094e-02 4.87239100e-02 9.17267706e-03
  2.18113624e-02 4.32073325e-03]]
[[2.04240292e-01 4.69973087e-02 1.95897054e-02 9.66029838e-05
  1.33941750e-04 1.81885243e-05 2.00965878e-05 3.63238792e-06
  8.74887337e-06 1.70267867e-06]
 [5.71880341e-01 2.04240248e-01 9.41964537e-02 5.02567797e-04
  6.96710194e-04 9.46553118e-05 1.04584266e-04 1.89045295e-05
  4.55319714e-05 8.86156249e-06]
 [7.67271340e-01 3.87802064e-01 2.04240292e-01 1.23946182e-03
  1.71777781e-03 2.33584185e-04 2.58082437e-04 4.66565507e-05
  1.12368922e-04 2.18707391e-05]
 [9.20180678e-01 6.88963175e-01 4.72985566e-01 4.32073139e-03
  5.98100480e-03 8.16311745e-04 9.01871594e-04 1.63127901e-04
  3.92817135e-04 7.64725482e-05]
 [9.97970521e-01 9.89527225e-01 9.74543691e-01 1.56192794e-01
  2.04240292e-01 3.36754881e-02 3.70772891e-02 6.91141700e-03
  1.64862424e-02 3.25165526e-03]
 [9.83931601e-01 9.21664000e-01 8.26602042e-01 2.25303620e-02
  3.09701841e-02 4.32073325e-03 4.77184495e-03 8.65864626e-04
  2.08296883e-03 4.06059495e-04]
 [9.99695063e-01 9.98414755e-01 9.96096551e-01 5.52341402e-01
  6.31106973e-01 1.88503861e-01 2.04240292e-01 4.43331413e-02
  1.00504011e-01 2.12823357e-02]
 [9.96749282e-01 9.83309567e-01 9.59792018e-01 1.03475794e-01
  1.37958005e-01 2.12673731e-02 2.34461613e-02 4.32073325e-03
  1.03439027e-02 2.02999683e-03]
 [9.99867201e-01 9.99309301e-01 9.98296916e-01 7.39191949e-01
  7.97154784e-01 3.47936034e-01 3.70898813e-01 9.62990597e-02
  2.04240292e-01 4.75738794e-02]
 [9.98473585e-01 9.92106438e-01 9.80741203e-01 1.97578400e-01
  2.54516810e-01 4.43027094e-02 4.87239100e-02 9.17267706e-03
  2.18113624e-02 4.32073325e-03]]

[[2.04240292e-01 4.69973274e-02 1.95897054e-02 3.76278826e-04
  1.33941750e-04 7.08623193e-05 2.00965878e-05 1.41523315e-05
  8.74887337e-06 6.63393666e-06]
 [5.71880341e-01 2.04240292e-01 9.41964537e-02 1.95525563e-03
  6.96710194e-04 3.68694367e-04 1.04584266e-04 7.36517177e-05
  4.55319714e-05 3.45254630e-05]
 [7.67271340e-01 3.87802184e-01 2.04240292e-01 4.81191231e-03
  1.71777781e-03 9.09474038e-04 2.58082437e-04 1.81758500e-04
  1.12368922e-04 8.52071971e-05]
 [9.78221357e-01 8.96160901e-01 7.77617633e-01 6.18034638e-02
  2.29063593e-02 1.22500770e-02 3.50471074e-03 2.47061858e-03
  1.52875239e-03 1.15962070e-03]
 [9.97970521e-01 9.89527225e-01 9.74543691e-01 4.19011593e-01
  2.04240292e-01 1.19546711e-01 3.70772891e-02 2.63997745e-02
  1.64862424e-02 1.25508821e-02]
 [9.95826006e-01 9.78651106e-01 9.48910415e-01 2.59205401e-01
  1.10733494e-01 6.18034638e-02 1.83385890e-02 1.29846726e-02
  8.06698482e-03 6.12882571e-03]
 [9.99695063e-01 9.98414755e-01 9.96096551e-01 8.27803016e-01
  6.31106973e-01 4.75080371e-01 2.04240292e-01 1.53075933e-01
  1.00504011e-01 7.81058371e-02]
 [9.99163628e-01 9.95662391e-01 9.89362180e-01 6.36640668e-01
  3.84059101e-01 2.48041660e-01 8.55420679e-02 6.18034638e-02
  3.91296074e-02 2.99537610e-02]
 [9.99867201e-01 9.99309301e-01 9.98296916e-01 9.16962445e-01
  7.97154784e-01 6.75216794e-01 3.70898813e-01 2.93376803e-01
  2.04240292e-01 1.62910700e-01]
 [9.99607861e-01 9.97962117e-01 9.94985223e-01 7.88932323e-01
  5.70853472e-01 4.13044065e-01 1.66361839e-01 1.23217151e-01
  7.99319893e-02 6.18034638e-02]]
[[2.04240292e-01 4.69973274e-02 1.95897054e-02 3.76278826e-04
  1.33941750e-04 7.08623193e-05 2.00965878e-05 1.41523315e-05
  8.74887337e-06 6.63393666e-06]
 [5.71880341e-01 2.04240292e-01 9.41964537e-02 1.95525563e-03
  6.96710194e-04 3.68694367e-04 1.04584266e-04 7.36517177e-05
  4.55319714e-05 3.45254630e-05]
 [7.67271340e-01 3.87802184e-01 2.04240292e-01 4.81191231e-03
  1.71777781e-03 9.09474038e-04 2.58082437e-04 1.81758500e-04
  1.12368922e-04 8.52071971e-05]
 [9.78221357e-01 8.96160901e-01 7.77617633e-01 6.18034638e-02
  2.29063593e-02 1.22500770e-02 3.50471074e-03 2.47061858e-03
  1.52875239e-03 1.15962070e-03]
 [9.97970521e-01 9.89527225e-01 9.74543691e-01 4.19011593e-01
  2.04240292e-01 1.19546711e-01 3.70772891e-02 2.63997745e-02
  1.64862424e-02 1.25508821e-02]
 [9.95826006e-01 9.78651106e-01 9.48910415e-01 2.59205401e-01
  1.10733494e-01 6.18034638e-02 1.83385890e-02 1.29846726e-02
  8.06698482e-03 6.12882571e-03]
 [9.99695063e-01 9.98414755e-01 9.96096551e-01 8.27803016e-01
  6.31106973e-01 4.75080371e-01 2.04240292e-01 1.53075933e-01
  1.00504011e-01 7.81058371e-02]
 [9.99163628e-01 9.95662391e-01 9.89362180e-01 6.36640668e-01
  3.84059101e-01 2.48041660e-01 8.55420679e-02 6.18034638e-02
  3.91296074e-02 2.99537610e-02]
 [9.99867201e-01 9.99309301e-01 9.98296916e-01 9.16962445e-01
  7.97154784e-01 6.75216794e-01 3.70898813e-01 2.93376803e-01
  2.04240292e-01 1.62910700e-01]
 [9.99607861e-01 9.97962117e-01 9.94985223e-01 7.88932323e-01
  5.70853472e-01 4.13044065e-01 1.66361839e-01 1.23217151e-01
  7.99319893e-02 6.18034638e-02]]

[[2.04240292e-01 4.69973274e-02 1.95897054e-02 3.76278826e-04
  1.33941750e-04 7.08623193e-05 2.00965878e-05 1.41523315e-05
  8.74887337e-06 6.63393666e-06]
 [5.71880341e-01 2.04240292e-01 9.41964537e-02 1.95525563e-03
  6.96710194e-04 3.68694367e-04 1.04584266e-04 7.36517177e-05
  4.55319714e-05 3.45254630e-05]
 [7.67271340e-01 3.87802184e-01 2.04240292e-01 4.81191231e-03
  1.71777781e-03 9.09474038e-04 2.58082437e-04 1.81758500e-04
  1.12368922e-04 8.52071971e-05]
 [9.78221357e-01 8.96160901e-01 7.77617633e-01 6.18034638e-02
  2.29063593e-02 1.22500770e-02 3.50471074e-03 2.47061858e-03
  1.52875239e-03 1.15962070e-03]
 [9.97970521e-01 9.89527225e-01 9.74543691e-01 4.19011593e-01
  2.04240292e-01 1.19546711e-01 3.70772891e-02 2.63997745e-02
  1.64862424e-02 1.25508821e-02]
 [9.95826006e-01 9.78651106e-01 9.48910415e-01 2.59205401e-01
  1.10733494e-01 6.18034638e-02 1.83385890e-02 1.29846726e-02
  8.06698482e-03 6.12882571e-03]
 [9.99695063e-01 9.98414755e-01 9.96096551e-01 8.27803016e-01
  6.31106973e-01 4.75080371e-01 2.04240292e-01 1.53075933e-01
  1.00504011e-01 7.81058371e-02]
 [9.99163628e-01 9.95662391e-01 9.89362180e-01 6.36640668e-01
  3.84059101e-01 2.48041660e-01 8.55420679e-02 6.18034638e-02
  3.91296074e-02 2.99537610e-02]
 [9.99867201e-01 9.99309301e-01 9.98296916e-01 9.16962445e-01
  7.97154784e-01 6.75216794e-01 3.70898813e-01 2.93376803e-01
  2.04240292e-01 1.62910700e-01]
 [9.99607861e-01 9.97962117e-01 9.94985223e-01 7.88932323e-01
  5.70853472e-01 4.13044065e-01 1.66361839e-01 1.23217151e-01
  7.99319893e-02 6.18034638e-02]]
[[2.04240292e-01 4.69973274e-02 1.95897054e-02 3.76278826e-04
  1.33941750e-04 7.08623193e-05 2.00965878e-05 1.41523315e-05
  8.74887337e-06 6.63393666e-06]
 [5.71880341e-01 2.04240292e-01 9.41964537e-02 1.95525563e-03
  6.96710194e-04 3.68694367e-04 1.04584266e-04 7.36517177e-05
  4.55319714e-05 3.45254630e-05]
 [7.67271340e-01 3.87802184e-01 2.04240292e-01 4.81191231e-03
  1.71777781e-03 9.09474038e-04 2.58082437e-04 1.81758500e-04
  1.12368922e-04 8.52071971e-05]
 [9.78221357e-01 8.96160901e-01 7.77617633e-01 6.18034638e-02
  2.29063593e-02 1.22500770e-02 3.50471074e-03 2.47061858e-03
  1.52875239e-03 1.15962070e-03]
 [9.97970521e-01 9.89527225e-01 9.74543691e-01 4.19011593e-01
  2.04240292e-01 1.19546711e-01 3.70772891e-02 2.63997745e-02
  1.64862424e-02 1.25508821e-02]
 [9.95826006e-01 9.78651106e-01 9.48910415e-01 2.59205401e-01
  1.10733494e-01 6.18034638e-02 1.83385890e-02 1.29846726e-02
  8.06698482e-03 6.12882571e-03]
 [9.99695063e-01 9.98414755e-01 9.96096551e-01 8.27803016e-01
  6.31106973e-01 4.75080371e-01 2.04240292e-01 1.53075933e-01
  1.00504011e-01 7.81058371e-02]
 [9.99163628e-01 9.95662391e-01 9.89362180e-01 6.36640668e-01
  3.84059101e-01 2.48041660e-01 8.55420679e-02 6.18034638e-02
  3.91296074e-02 2.99537610e-02]
 [9.99867201e-01 9.99309301e-01 9.98296916e-01 9.16962445e-01
  7.97154784e-01 6.75216794e-01 3.70898813e-01 2.93376803e-01
  2.04240292e-01 1.62910700e-01]
 [9.99607861e-01 9.97962117e-01 9.94985223e-01 7.88932323e-01
  5.70853472e-01 4.13044065e-01 1.66361839e-01 1.23217151e-01
  7.99319893e-02 6.18034638e-02]]

[[2.04240292e-01 4.69973274e-02 1.95897054e-02 3.76278826e-04
  1.33941750e-04 7.08623193e-05 2.00965878e-05 1.41523315e-05
  8.74887337e-06 6.63393666e-06]
 [5.71880341e-01 2.04240292e-01 9.41964537e-02 1.95525563e-03
  6.96710194e-04 3.68694367e-04 1.04584266e-04 7.36517177e-05
  4.55319714e-05 3.45254630e-05]
 [7.67271340e-01 3.87802184e-01 2.04240292e-01 4.81191231e-03
  1.71777781e-03 9.09474038e-04 2.58082437e-04 1.81758500e-04
  1.12368922e-04 8.52071971e-05]
 [9.78221357e-01 8.96160901e-01 7.77617633e-01 6.18034638e-02
  2.29063593e-02 1.22500770e-02 3.50471074e-03 2.47061858e-03
  1.52875239e-03 1.15962070e-03]
 [9.97970521e-01 9.89527225e-01 9.74543691e-01 4.19011593e-01
  2.04240292e-01 1.19546711e-01 3.70772891e-02 2.63997745e-02
  1.64862424e-02 1.25508821e-02]
 [9.95826006e-01 9.78651106e-01 9.48910415e-01 2.59205401e-01
  1.10733494e-01 6.18034638e-02 1.83385890e-02 1.29846726e-02
  8.06698482e-03 6.12882571e-03]
 [9.99695063e-01 9.98414755e-01 9.96096551e-01 8.27803016e-01
  6.31106973e-01 4.75080371e-01 2.04240292e-01 1.53075933e-01
  1.00504011e-01 7.81058371e-02]
 [9.99163628e-01 9.95662391e-01 9.89362180e-01 6.36640668e-01
  3.84059101e-01 2.48041660e-01 8.55420679e-02 6.18034638e-02
  3.91296074e-02 2.99537610e-02]
 [9.99867201e-01 9.99309301e-01 9.98296916e-01 9.16962445e-01
  7.97154784e-01 6.75216794e-01 3.70898813e-01 2.93376803e-01
  2.04240292e-01 1.62910700e-01]
 [9.99607861e-01 9.97962117e-01 9.94985223e-01 7.88932323e-01
  5.70853472e-01 4.13044065e-01 1.66361839e-01 1.23217151e-01
  7.99319893e-02 6.18034638e-02]]
[[2.04240292e-01 4.69973274e-02 1.95897054e-02 3.76278826e-04
  1.33941750e-04 7.08623193e-05 2.00965878e-05 1.41523315e-05
  8.74887337e-06 6.63393666e-06]
 [5.71880341e-01 2.04240292e-01 9.41964537e-02 1.95525563e-03
  6.96710194e-04 3.68694367e-04 1.04584266e-04 7.36517177e-05
  4.55319714e-05 3.45254630e-05]
 [7.67271340e-01 3.87802184e-01 2.04240292e-01 4.81191231e-03
  1.71777781e-03 9.09474038e-04 2.58082437e-04 1.81758500e-04
  1.12368922e-04 8.52071971e-05]
 [9.78221357e-01 8.96160901e-01 7.77617633e-01 6.18034638e-02
  2.29063593e-02 1.22500770e-02 3.50471074e-03 2.47061858e-03
  1.52875239e-03 1.15962070e-03]
 [9.97970521e-01 9.89527225e-01 9.74543691e-01 4.19011593e-01
  2.04240292e-01 1.19546711e-01 3.70772891e-02 2.63997745e-02
  1.64862424e-02 1.25508821e-02]
 [9.95826006e-01 9.78651106e-01 9.48910415e-01 2.59205401e-01
  1.10733494e-01 6.18034638e-02 1.83385890e-02 1.29846726e-02
  8.06698482e-03 6.12882571e-03]
 [9.99695063e-01 9.98414755e-01 9.96096551e-01 8.27803016e-01
  6.31106973e-01 4.75080371e-01 2.04240292e-01 1.53075933e-01
  1.00504011e-01 7.81058371e-02]
 [9.99163628e-01 9.95662391e-01 9.89362180e-01 6.36640668e-01
  3.84059101e-01 2.48041660e-01 8.55420679e-02 6.18034638e-02
  3.91296074e-02 2.99537610e-02]
 [9.99867201e-01 9.99309301e-01 9.98296916e-01 9.16962445e-01
  7.97154784e-01 6.75216794e-01 3.70898813e-01 2.93376803e-01
  2.04240292e-01 1.62910700e-01]
 [9.99607861e-01 9.97962117e-01 9.94985223e-01 7.88932323e-01
  5.70853472e-01 4.13044065e-01 1.66361839e-01 1.23217151e-01
  7.99319893e-02 6.18034638e-02]]

[[2.04240292e-01 4.69973274e-02 1.95897054e-02 9.66029838e-05
  1.33941750e-04 1.81885243e-05 2.00965878e-05 3.63238792e-06
  8.74887337e-06 1.70267867e-06]
 [5.71880341e-01 2.04240292e-01 9.41964537e-02 5.02567797e-04
  6.96710194e-04 9.46553118e-05 1.04584266e-04 1.89045295e-05
  4.55319714e-05 8.86156249e-06]
 [7.67271340e-01 3.87802184e-01 2.04240292e-01 1.23946299e-03
  1.71777781e-03 2.33584185e-04 2.58082437e-04 4.66565507e-05
  1.12368922e-04 2.18707391e-05]
 [9.20180678e-01 6.88963234e-01 4.72985566e-01 4.32073325e-03
  5.98100480e-03 8.16311745e-04 9.01871594e-04 1.63127901e-04
  3.92817135e-04 7.64725482e-05]
 [9.97970521e-01 9.89527225e-01 9.74543691e-01 1.56192869e-01
  2.04240292e-01 3.36754881e-02 3.70772891e-02 6.91141700e-03
  1.64862424e-02 3.25165526e-03]
 [9.83931601e-01 9.21664000e-01 8.26602042e-01 2.25303769e-02
  3.09701841e-02 4.32073325e-03 4.77184495e-03 8.65864626e-04
  2.08296883e-03 4.06059495e-04]
 [9.99695063e-01 9.98414755e-01 9.96096551e-01 5.52341580e-01
  6.31106973e-01 1.88503861e-01 2.04240292e-01 4.43331413e-02
  1.00504011e-01 2.12823357e-02]
 [9.96749282e-01 9.83309567e-01 9.59792018e-01 1.03475869e-01
  1.37958005e-01 2.12673731e-02 2.34461613e-02 4.32073325e-03
  1.03439027e-02 2.02999683e-03]
 [9.99867201e-01 9.99309301e-01 9.98296916e-01 7.39192009e-01
  7.97154784e-01 3.47936034e-01 3.70898813e-01 9.62990597e-02
  2.04240292e-01 4.75738794e-02]
 [9.98473585e-01 9.92106438e-01 9.80741203e-01 1.97578505e-01
  2.54516810e-01 4.43027094e-02 4.87239100e-02 9.17267706e-03
  2.18113624e-02 4.32073325e-03]]
[[2.04240292e-01 4.69973274e-02 1.95897054e-02 9.66029838e-05
  1.33941750e-04 1.81885243e-05 2.00965878e-05 3.63238792e-06
  8.74887337e-06 1.70267867e-06]
 [5.71880341e-01 2.04240292e-01 9.41964537e-02 5.02567797e-04
  6.96710194e-04 9.46553118e-05 1.04584266e-04 1.89045295e-05
  4.55319714e-05 8.86156249e-06]
 [7.67271340e-01 3.87802184e-01 2.04240292e-01 1.23946299e-03
  1.71777781e-03 2.33584185e-04 2.58082437e-04 4.66565507e-05
  1.12368922e-04 2.18707391e-05]
 [9.20180678e-01 6.88963234e-01 4.72985566e-01 4.32073325e-03
  5.98100480e-03 8.16311745e-04 9.01871594e-04 1.63127901e-04
  3.92817135e-04 7.64725482e-05]
 [9.97970521e-01 9.89527225e-01 9.74543691e-01 1.56192869e-01
  2.04240292e-01 3.36754881e-02 3.70772891e-02 6.91141700e-03
  1.64862424e-02 3.25165526e-03]
 [9.83931601e-01 9.21664000e-01 8.26602042e-01 2.25303769e-02
  3.09701841e-02 4.32073325e-03 4.77184495e-03 8.65864626e-04
  2.08296883e-03 4.06059495e-04]
 [9.99695063e-01 9.98414755e-01 9.96096551e-01 5.52341580e-01
  6.31106973e-01 1.88503861e-01 2.04240292e-01 4.43331413e-02
  1.00504011e-01 2.12823357e-02]
 [9.96749282e-01 9.83309567e-01 9.59792018e-01 1.03475869e-01
  1.37958005e-01 2.12673731e-02 2.34461613e-02 4.32073325e-03
  1.03439027e-02 2.02999683e-03]
 [9.99867201e-01 9.99309301e-01 9.98296916e-01 7.39192009e-01
  7.97154784e-01 3.47936034e-01 3.70898813e-01 9.62990597e-02
  2.04240292e-01 4.75738794e-02]
 [9.98473585e-01 9.92106438e-01 9.80741203e-01 1.97578505e-01
  2.54516810e-01 4.43027094e-02 4.87239100e-02 9.17267706e-03
  2.18113624e-02 4.32073325e-03]]

[[2.04240292e-01 4.69973087e-02 1.95897054e-02 9.66029838e-05
  1.33941750e-04 1.81885243e-05 2.00965878e-05 3.63238792e-06
  8.74887337e-06 1.70267867e-06]
 [5.71880341e-01 2.04240248e-01 9.41964537e-02 5.02567797e-04
  6.96710194e-04 9.46553118e-05 1.04584266e-04 1.89045295e-05
  4.55319714e-05 8.86156249e-06]
 [7.67271340e-01 3.87802064e-01 2.04240292e-01 1.23946182e-03
  1.71777781e-03 2.33584185e-04 2.58082437e-04 4.66565507e-05
  1.12368922e-04 2.18707391e-05]
 [9.20180678e-01 6.88963175e-01 4.72985566e-01 4.32073139e-03
  5.98100480e-03 8.16311745e-04 9.01871594e-04 1.63127901e-04
  3.92817135e-04 7.64725482e-05]
 [9.97970521e-01 9.89527225e-01 9.74543691e-01 1.56192794e-01
  2.04240292e-01 3.36754881e-02 3.70772891e-02 6.91141700e-03
  1.64862424e-02 3.25165526e-03]
 [9.83931601e-01 9.21664000e-01 8.26602042e-01 2.25303620e-02
  3.09701841e-02 4.32073325e-03 4.77184495e-03 8.65864626e-04
  2.08296883e-03 4.06059495e-04]
 [9.99695063e-01 9.98414755e-01 9.96096551e-01 5.52341402e-01
  6.31106973e-01 1.88503861e-01 2.04240292e-01 4.43331413e-02
  1.00504011e-01 2.12823357e-02]
 [9.96749282e-01 9.83309567e-01 9.59792018e-01 1.03475794e-01
  1.37958005e-01 2.12673731e-02 2.34461613e-02 4.32073325e-03
  1.03439027e-02 2.02999683e-03]
 [9.99867201e-01 9.99309301e-01 9.98296916e-01 7.39191949e-01
  7.97154784e-01 3.47936034e-01 3.70898813e-01 9.62990597e-02
  2.04240292e-01 4.75738794e-02]
 [9.98473585e-01 9.92106438e-01 9.80741203e-01 1.97578400e-01
  2.54516810e-01 4.43027094e-02 4.87239100e-02 9.17267706e-03
  2.18113624e-02 4.32073325e-03]]
[[2.04240292e-01 4.69973087e-02 1.95897054e-02 9.66029838e-05
  1.33941750e-04 1.81885243e-05 2.00965878e-05 3.63238792e-06
  8.74887337e-06 1.70267867e-06]
 [5.71880341e-01 2.04240248e-01 9.41964537e-02 5.02567797e-04
  6.96710194e-04 9.46553118e-05 1.04584266e-04 1.89045295e-05
  4.55319714e-05 8.86156249e-06]
 [7.67271340e-01 3.87802064e-01 2.04240292e-01 1.23946182e-03
  1.71777781e-03 2.33584185e-04 2.58082437e-04 4.66565507e-05
  1.12368922e-04 2.18707391e-05]
 [9.20180678e-01 6.88963175e-01 4.72985566e-01 4.32073139e-03
  5.98100480e-03 8.16311745e-04 9.01871594e-04 1.63127901e-04
  3.92817135e-04 7.64725482e-05]
 [9.97970521e-01 9.89527225e-01 9.74543691e-01 1.56192794e-01
  2.04240292e-01 3.36754881e-02 3.70772891e-02 6.91141700e-03
  1.64862424e-02 3.25165526e-03]
 [9.83931601e-01 9.21664000e-01 8.26602042e-01 2.25303620e-02
  3.09701841e-02 4.32073325e-03 4.77184495e-03 8.65864626e-04
  2.08296883e-03 4.06059495e-04]
 [9.99695063e-01 9.98414755e-01 9.96096551e-01 5.52341402e-01
  6.31106973e-01 1.88503861e-01 2.04240292e-01 4.43331413e-02
  1.00504011e-01 2.12823357e-02]
 [9.96749282e-01 9.83309567e-01 9.59792018e-01 1.03475794e-01
  1.37958005e-01 2.12673731e-02 2.34461613e-02 4.32073325e-03
  1.03439027e-02 2.02999683e-03]
 [9.99867201e-01 9.99309301e-01 9.98296916e-01 7.39191949e-01
  7.97154784e-01 3.47936034e-01 3.70898813e-01 9.62990597e-02
  2.04240292e-01 4.75738794e-02]
 [9.98473585e-01 9.92106438e-01 9.80741203e-01 1.97578400e-01
  2.54516810e-01 4.43027094e-02 4.87239100e-02 9.17267706e-03
  2.18113624e-02 4.32073325e-03]]

