[[-1.         -2.2128875  -2.8771815  -6.79765    -6.557332   -8.025516
  -7.952162   -9.210012   -8.56366    -9.767137  ]
 [ 0.21288753 -1.         -1.664294   -5.5847626  -5.3444443  -6.812628
  -6.739274   -7.9971247  -7.350772   -8.554249  ]
 [ 0.87718153 -0.335706   -1.         -4.9204683  -4.6801505  -6.148334
  -6.0749803  -7.332831   -6.686478   -7.889955  ]
 [ 1.7976499   0.58476233 -0.07953167 -4.         -3.7596822  -5.2278657
  -5.154512   -6.4123626  -5.76601    -6.9694867 ]
 [ 4.557332    3.3444443   2.6801505  -1.2403178  -1.         -2.4681835
  -2.3948298  -3.6526804  -3.0063276  -4.2098045 ]
 [ 3.0255156   1.8126278   1.148334   -2.7721343  -2.5318165  -4.
  -3.9266462  -5.184497   -4.538144   -5.741621  ]
 [ 5.952162    4.739274    4.0749803   0.15451193  0.39482975 -1.0733538
  -1.         -2.2578506  -1.6114979  -2.8149748 ]
 [ 4.2100124   2.9971247   2.332831   -1.5876374  -1.3473196  -2.8155031
  -2.7421494  -4.         -3.3536472  -4.557124  ]
 [ 6.5636597   5.350772    4.686478    0.7660098   1.0063276  -0.4618559
  -0.38850212 -1.6463528  -1.         -2.203477  ]
 [ 4.7671366   3.5542488   2.889955   -1.0305133  -0.79019547 -2.258379
  -2.1850252  -3.4428759  -2.796523   -4.        ]]
[[-1.         -2.2128875  -2.8771815  -6.79765    -6.557332   -8.025516
  -7.952162   -9.210012   -8.56366    -9.767137  ]
 [ 0.21288753 -1.         -1.664294   -5.5847626  -5.3444443  -6.812628
  -6.739274   -7.9971247  -7.350772   -8.554249  ]
 [ 0.87718153 -0.335706   -1.         -4.9204683  -4.6801505  -6.148334
  -6.0749803  -7.332831   -6.686478   -7.889955  ]
 [ 1.7976499   0.58476233 -0.07953167 -4.         -3.7596822  -5.2278657
  -5.154512   -6.4123626  -5.76601    -6.9694867 ]
 [ 4.557332    3.3444443   2.6801505  -1.2403178  -1.         -2.4681835
  -2.3948298  -3.6526804  -3.0063276  -4.2098045 ]
 [ 3.0255156   1.8126278   1.148334   -2.7721343  -2.5318165  -4.
  -3.9266462  -5.184497   -4.538144   -5.741621  ]
 [ 5.952162    4.739274    4.0749803   0.15451193  0.39482975 -1.0733538
  -1.         -2.2578506  -1.6114979  -2.8149748 ]
 [ 4.2100124   2.9971247   2.332831   -1.5876374  -1.3473196  -2.8155031
  -2.7421494  -4.         -3.3536472  -4.557124  ]
 [ 6.5636597   5.350772    4.686478    0.7660098   1.0063276  -0.4618559
  -0.38850212 -1.6463528  -1.         -2.203477  ]
 [ 4.7671366   3.5542488   2.889955   -1.0305133  -0.79019547 -2.258379
  -2.1850252  -3.4428759  -2.796523   -4.        ]]

[[-1.         -2.2128878  -2.8771815  -6.7976503  -6.557332   -8.025516
  -7.952162   -9.210012   -8.56366    -9.767137  ]
 [ 0.21288753 -1.0000002  -1.664294   -5.5847626  -5.3444443  -6.812628
  -6.739274   -7.9971247  -7.350772   -8.554249  ]
 [ 0.87718153 -0.33570623 -1.         -4.920469   -4.6801505  -6.148334
  -6.0749803  -7.332831   -6.686478   -7.889955  ]
 [ 1.7976499   0.5847621  -0.07953167 -4.0000005  -3.7596822  -5.2278657
  -5.154512   -6.4123626  -5.76601    -6.9694867 ]
 [ 4.557332    3.3444443   2.6801505  -1.2403183  -1.         -2.4681835
  -2.3948298  -3.6526804  -3.0063276  -4.2098045 ]
 [ 3.0255156   1.8126278   1.148334   -2.7721348  -2.5318165  -4.
  -3.9266462  -5.184497   -4.538144   -5.741621  ]
 [ 5.952162    4.739274    4.0749803   0.15451145  0.39482975 -1.0733538
  -1.         -2.2578506  -1.6114979  -2.8149748 ]
 [ 4.2100124   2.9971247   2.332831   -1.5876379  -1.3473196  -2.8155031
  -2.7421494  -4.         -3.3536472  -4.557124  ]
 [ 6.5636597   5.350772    4.686478    0.76600933  1.0063276  -0.4618559
  -0.38850212 -1.6463528  -1.         -2.203477  ]
 [ 4.7671366   3.5542488   2.889955   -1.0305138  -0.79019547 -2.258379
  -2.1850252  -3.4428759  -2.796523   -4.        ]]
[[-1.         -2.2128878  -2.8771815  -6.7976503  -6.557332   -8.025516
  -7.952162   -9.210012   -8.56366    -9.767137  ]
 [ 0.21288753 -1.0000002  -1.664294   -5.5847626  -5.3444443  -6.812628
  -6.739274   -7.9971247  -7.350772   -8.554249  ]
 [ 0.87718153 -0.33570623 -1.         -4.920469   -4.6801505  -6.148334
  -6.0749803  -7.332831   -6.686478   -7.889955  ]
 [ 1.7976499   0.5847621  -0.07953167 -4.0000005  -3.7596822  -5.2278657
  -5.154512   -6.4123626  -5.76601    -6.9694867 ]
 [ 4.557332    3.3444443   2.6801505  -1.2403183  -1.         -2.4681835
  -2.3948298  -3.6526804  -3.0063276  -4.2098045 ]
 [ 3.0255156   1.8126278   1.148334   -2.7721348  -2.5318165  -4.
  -3.9266462  -5.184497   -4.538144   -5.741621  ]
 [ 5.952162    4.739274    4.0749803   0.15451145  0.39482975 -1.0733538
  -1.         -2.2578506  -1.6114979  -2.8149748 ]
 [ 4.2100124   2.9971247   2.332831   -1.5876379  -1.3473196  -2.8155031
  -2.7421494  -4.         -3.3536472  -4.557124  ]
 [ 6.5636597   5.350772    4.686478    0.76600933  1.0063276  -0.4618559
  -0.38850212 -1.6463528  -1.         -2.203477  ]
 [ 4.7671366   3.5542488   2.889955   -1.0305138  -0.79019547 -2.258379
  -2.1850252  -3.4428759  -2.796523   -4.        ]]

