Namespace(batch_size=16, d_inner_hid=64, d_k=16, d_model=16, d_rnn=8, d_v=16, data='data/toy/5dim_2000seq_32ev/', device=device(type='cpu'), dropout=0.1, epoch=100, log='data/toy/5dim_2000seq_32ev/100_25.txt', lr=0.001, lr_delay=0.01, n_head=1, n_layers=1, num_events=32, smooth=0.1)
Epoch, Log-likelihood, Accuracy, RMSE, Gradient_Masker, Gradient_THP
1, -1.28379,  0.22548,  1.56977, -1.29759,  0.00000,  544.08045
delay:
[0. 0. 0. 0. 0.]
[0. 0. 0. 0. 0.]
[0. 0. 0. 0. 0.]
[0. 0. 0. 0. 0.]
[0. 0. 0. 0. 0.]
2, -1.27447,  0.22903,  1.44970, -1.28676,  0.00000,  551.89952
delay:
[0. 0. 0. 0. 0.]
[0. 0. 0. 0. 0.]
[0. 0. 0. 0. 0.]
[0. 0. 0. 0. 0.]
[0. 0. 0. 0. 0.]
3, -1.26391,  0.22871,  1.44763, -1.27745,  0.00000,  563.00425
delay:
[0. 0. 0. 0. 0.]
[0. 0. 0. 0. 0.]
[0. 0. 0. 0. 0.]
[0. 0. 0. 0. 0.]
[0. 0. 0. 0. 0.]
4, -1.25334,  0.22774,  1.44827, -1.26724,  0.00000,  535.32075
delay:
[0. 0. 0. 0. 0.]
[0. 0. 0. 0. 0.]
[0. 0. 0. 0. 0.]
[0. 0. 0. 0. 0.]
[0. 0. 0. 0. 0.]
5, -1.24159,  0.22581,  1.44525, -1.25661,  0.00000,  528.77076
delay:
[0. 0. 0. 0. 0.]
[0. 0. 0. 0. 0.]
[0. 0. 0. 0. 0.]
[0. 0. 0. 0. 0.]
[0. 0. 0. 0. 0.]
6, -1.22764,  0.22129,  1.44358, -1.24471,  0.00000,  536.50383
delay:
[0. 0. 0. 0. 0.]
[0. 0. 0. 0. 0.]
[0. 0. 0. 0. 0.]
[0. 0. 0. 0. 0.]
[0. 0. 0. 0. 0.]
7, -1.21154,  0.22677,  1.44116, -1.23063,  0.00000,  570.24589
delay:
[0. 0. 0. 0. 0.]
[0. 0. 0. 0. 0.]
[0. 0. 0. 0. 0.]
[0. 0. 0. 0. 0.]
[0. 0. 0. 0. 0.]
8, -1.19334,  0.22645,  1.44435, -1.21517,  0.00000,  585.58155
delay:
[0. 0. 0. 0. 0.]
[0. 0. 0. 0. 0.]
[0. 0. 0. 0. 0.]
[0. 0. 0. 0. 0.]
[0. 0. 0. 0. 0.]
9, -1.17182,  0.22935,  1.44399, -1.19594,  0.00000,  613.34695
delay:
[0. 0. 0. 0. 0.]
[0. 0. 0. 0. 0.]
[0. 0. 0. 0. 0.]
[0. 0. 0. 0. 0.]
[0. 0. 0. 0. 0.]
10, -1.14391,  0.23290,  1.43928, -1.17265,  0.00000,  697.89474
delay:
[0. 0. 0. 0. 0.]
[0. 0. 0. 0. 0.]
[0. 0. 0. 0. 0.]
[0. 0. 0. 0. 0.]
[0. 0. 0. 0. 0.]
11, -1.12205,  0.22903,  1.43749, -1.15046,  0.00000,  731.91776
delay:
[0. 0. 0. 0. 0.]
[0. 0. 0. 0. 0.]
[0. 0. 0. 0. 0.]
[0. 0. 0. 0. 0.]
[0. 0. 0. 0. 0.]
12, -1.09855,  0.22806,  1.43887, -1.13169,  0.00000,  830.79932
delay:
[0. 0. 0. 0. 0.]
[0. 0. 0. 0. 0.]
[0. 0. 0. 0. 0.]
[0. 0. 0. 0. 0.]
[0. 0. 0. 0. 0.]
13, -1.07822,  0.22710,  1.44840, -1.11254,  0.00000,  949.75359
delay:
[0. 0. 0. 0. 0.]
[0. 0. 0. 0. 0.]
[0. 0. 0. 0. 0.]
[0. 0. 0. 0. 0.]
[0. 0. 0. 0. 0.]
14, -1.05245,  0.22581,  1.45019, -1.09208,  0.00000,  1032.43784
delay:
[0. 0. 0. 0. 0.]
[0. 0. 0. 0. 0.]
[0. 0. 0. 0. 0.]
[0. 0. 0. 0. 0.]
[0. 0. 0. 0. 0.]
15, -1.02847,  0.22516,  1.45618, -1.06975,  0.00000,  1144.98354
delay:
[0. 0. 0. 0. 0.]
[0. 0. 0. 0. 0.]
[0. 0. 0. 0. 0.]
[0. 0. 0. 0. 0.]
[0. 0. 0. 0. 0.]
16, -1.00716,  0.23097,  1.45893, -1.04908,  0.00000,  1356.09574
delay:
[0. 0. 0. 0. 0.]
[0. 0. 0. 0. 0.]
[0. 0. 0. 0. 0.]
[0. 0. 0. 0. 0.]
[0. 0. 0. 0. 0.]
17, -0.98588,  0.22774,  1.45677, -1.02936,  0.00000,  1424.04451
delay:
[0. 0. 0. 0. 0.]
[0. 0. 0. 0. 0.]
[0. 0. 0. 0. 0.]
[0. 0. 0. 0. 0.]
[0. 0. 0. 0. 0.]
18, -0.96298,  0.22903,  1.45792, -1.00859,  0.00000,  1565.27618
delay:
[0. 0. 0. 0. 0.]
[0. 0. 0. 0. 0.]
[0. 0. 0. 0. 0.]
[0. 0. 0. 0. 0.]
[0. 0. 0. 0. 0.]
19, -0.94544,  0.22710,  1.45340, -0.99044,  0.00000,  1699.34530
delay:
[0. 0. 0. 0. 0.]
[0. 0. 0. 0. 0.]
[0. 0. 0. 0. 0.]
[0. 0. 0. 0. 0.]
[0. 0. 0. 0. 0.]
20, -0.92765,  0.22065,  1.45322, -0.97442,  0.00000,  1739.17828
delay:
[0. 0. 0. 0. 0.]
[0. 0. 0. 0. 0.]
[0. 0. 0. 0. 0.]
[0. 0. 0. 0. 0.]
[0. 0. 0. 0. 0.]
21, -0.92047,  0.22613,  1.45170, -0.96073,  0.00000,  1678.42252
delay:
[0. 0. 0. 0. 0.]
[0. 0. 0. 0. 0.]
[0. 0. 0. 0. 0.]
[0. 0. 0. 0. 0.]
[0. 0. 0. 0. 0.]
22, -0.91351,  0.22710,  1.44968, -0.95376,  0.00000,  1795.48483
delay:
[0. 0. 0. 0. 0.]
[0. 0. 0. 0. 0.]
[0. 0. 0. 0. 0.]
[0. 0. 0. 0. 0.]
[0. 0. 0. 0. 0.]
23, -0.90746,  0.22290,  1.44980, -0.94671,  0.00000,  1835.18533
delay:
[0. 0. 0. 0. 0.]
[0. 0. 0. 0. 0.]
[0. 0. 0. 0. 0.]
[0. 0. 0. 0. 0.]
[0. 0. 0. 0. 0.]
24, -0.89933,  0.22452,  1.44887, -0.93793,  0.00000,  1719.82912
delay:
[0. 0. 0. 0. 0.]
[0. 0. 0. 0. 0.]
[0. 0. 0. 0. 0.]
[0. 0. 0. 0. 0.]
[0. 0. 0. 0. 0.]
25, -0.89118,  0.22581,  1.44790, -0.93134,  0.00000,  1763.77323
delay:
[0. 0. 0. 0. 0.]
[0. 0. 0. 0. 0.]
[0. 0. 0. 0. 0.]
[0. 0. 0. 0. 0.]
[0. 0. 0. 0. 0.]
26, -0.89768,  0.22323,  1.44654, -0.94820,  832.35112,  1855.06733
delay:
[4.705 1.045 1.014 2.043 3.638 1.77  2.695 6.35  1.533 1.592 5.413 1.287
 7.199 2.277 0.415 2.984 2.76  4.87  3.726 0.864 1.255 0.636 4.627 1.176
 6.251]
27, -0.88775,  0.22613,  1.44613, -0.92454,  325.90119,  1725.34573
delay:
[0.99  0.452 0.614 1.218 1.338 0.961 0.53  1.079 1.102 1.223 2.137 0.242
 2.536 1.019 0.403 0.799 0.114 1.832 1.496 0.98  1.218 0.698 1.95  1.065
 1.079]
28, -0.88020,  0.22516,  1.44503, -0.90978,  261.71650,  1757.78432
delay:
[0.983 0.759 1.048 1.464 1.059 1.558 1.544 0.367 1.583 0.492 1.595 0.981
 0.166 2.129 1.126 1.438 1.704 1.258 1.375 0.682 1.456 0.935 0.808 1.539
 1.118]
29, -0.87796,  0.22581,  1.44455, -0.89924,  261.17120,  1752.05190
delay:
[1.429 1.642 1.399 1.833 0.74  2.158 1.413 1.297 2.265 1.338 1.698 1.057
 1.046 1.814 1.111 1.293 1.455 1.307 1.602 1.057 1.983 1.401 1.391 1.536
 1.064]
30, -0.87290,  0.22452,  1.44396, -0.88929,  257.98985,  1750.62542
delay:
[1.457 1.461 1.417 1.135 0.996 1.882 1.107 0.923 1.985 1.081 1.287 1.01
 0.971 0.913 0.751 1.14  1.236 1.434 1.021 0.931 1.964 1.043 1.499 1.104
 1.188]
31, -0.87202,  0.22452,  1.44345, -0.87999,  277.59164,  1705.64852
delay:
[1.481 1.169 1.296 1.138 0.931 2.056 1.645 1.374 1.362 1.085 1.471 1.236
 1.071 1.501 1.061 1.41  1.35  1.374 1.804 1.093 1.515 1.342 1.508 1.447
 1.588]
32, -0.87032,  0.22645,  1.44297, -0.87635,  298.36572,  1666.17641
delay:
[1.008 1.202 1.041 1.222 0.904 1.468 1.345 0.956 1.35  1.146 1.488 0.925
 0.926 1.579 0.849 1.392 1.369 1.134 1.296 1.071 1.398 1.15  1.213 1.243
 1.524]
33, -0.87006,  0.22581,  1.44324, -0.87103,  286.27442,  1699.87596
delay:
[1.313 1.173 1.069 1.394 0.788 1.54  1.44  1.119 1.497 1.301 1.386 0.852
 1.059 1.506 1.136 1.251 1.327 1.314 1.533 1.116 1.738 1.18  1.403 1.305
 1.616]
34, -0.86687,  0.22516,  1.44307, -0.86604,  309.02405,  1702.91168
delay:
[1.294 1.434 1.249 1.393 1.059 1.885 1.868 1.504 1.325 1.584 1.539 1.385
 1.229 1.8   0.928 1.68  1.423 1.42  1.486 1.256 1.713 1.5   1.389 1.217
 1.507]
35, -0.86766,  0.22484,  1.44309, -0.86290,  301.70126,  1688.52418
delay:
[1.354 1.111 1.118 1.065 0.791 1.325 1.412 1.305 1.446 1.009 1.331 1.072
 1.089 1.207 0.932 1.204 1.207 0.996 1.367 0.92  1.219 1.252 1.241 1.07
 1.175]
36, -0.86575,  0.22516,  1.44255, -0.85957,  318.87470,  1719.53746
delay:
[1.116 0.91  1.132 0.971 0.861 1.611 1.586 1.278 1.259 1.125 1.459 1.077
 1.076 1.367 1.049 1.468 1.265 0.951 1.315 1.029 1.446 1.098 1.17  1.13
 1.279]
37, -0.86596,  0.22742,  1.44304, -0.85547,  318.22633,  1693.50350
delay:
[1.008 1.124 1.093 1.01  0.908 1.391 1.457 1.475 1.44  1.047 1.166 1.14
 1.145 1.574 0.956 1.245 1.252 1.064 1.306 0.914 1.498 1.151 1.183 1.209
 1.145]
38, -0.86207,  0.22484,  1.44234, -0.85121,  352.19008,  1672.08539
delay:
[0.939 0.747 0.842 0.783 0.677 1.13  1.18  0.965 1.236 0.943 1.044 1.
 0.918 1.101 0.884 0.973 1.017 0.813 1.094 0.714 1.044 1.071 0.937 1.092
 0.977]
39, -0.86212,  0.22484,  1.44188, -0.84717,  334.60089,  1638.60745
delay:
[1.088 0.956 0.919 1.227 0.923 1.449 1.308 1.256 1.419 1.167 1.283 1.076
 1.23  1.328 1.024 1.567 1.158 1.244 1.346 0.823 1.322 1.218 1.209 1.202
 1.315]
40, -0.86183,  0.22484,  1.44243, -0.84440,  336.12149,  1694.80728
delay:
[0.902 0.806 0.902 0.876 0.635 1.283 1.317 1.122 1.238 0.818 1.097 1.032
 1.037 1.209 0.812 1.431 1.023 0.812 1.12  0.73  1.112 0.957 1.013 1.056
 0.999]
41, -0.86003,  0.22613,  1.44192, -0.84182,  338.51268,  1682.19215
delay:
[0.691 0.883 0.88  0.955 0.836 1.245 1.306 0.992 1.161 0.924 1.077 0.928
 1.076 1.237 0.801 1.115 0.961 0.868 1.205 0.716 1.211 0.92  0.951 1.021
 1.163]
42, -0.86089,  0.22613,  1.44203, -0.83978,  343.76791,  1631.13969
delay:
[0.848 0.89  0.934 1.027 0.795 1.247 1.362 1.146 1.15  0.946 1.169 0.943
 1.031 1.216 0.948 1.115 0.892 0.882 1.124 0.724 1.227 1.006 0.95  1.025
 1.208]
43, -0.86040,  0.22452,  1.44195, -0.83715,  331.30037,  1666.33147
delay:
[0.906 0.99  0.906 1.029 0.717 1.475 1.425 1.097 1.223 1.022 1.219 0.934
 1.085 1.321 0.898 1.225 0.97  0.947 1.29  0.822 1.19  0.993 1.099 1.12
 1.314]
44, -0.85924,  0.22581,  1.44154, -0.83753,  344.98765,  1686.28084
delay:
[0.831 0.759 0.78  0.856 0.737 1.017 1.127 0.994 1.173 0.875 1.065 0.835
 0.963 1.099 0.771 1.18  0.843 0.858 1.041 0.706 1.07  0.893 0.828 0.919
 0.858]
45, -0.85822,  0.22516,  1.44156, -0.83485,  344.80612,  1729.33280
delay:
[0.865 0.877 0.801 0.94  0.624 1.082 1.266 0.893 1.109 1.017 1.027 0.918
 1.061 1.158 0.755 1.086 1.062 0.945 1.113 0.781 1.119 0.94  0.861 0.928
 0.77 ]
46, -0.85705,  0.22484,  1.44123, -0.83367,  333.81740,  1705.18227
delay:
[0.794 0.727 0.797 0.811 0.647 1.032 1.183 0.882 1.012 0.82  0.95  0.821
 0.981 1.121 0.71  1.121 0.873 0.851 1.036 0.715 1.159 0.953 0.883 0.9
 0.795]
47, -0.85855,  0.22516,  1.44150, -0.83164,  349.50870,  1680.36514
delay:
[0.886 0.785 0.776 0.904 0.695 1.186 1.243 0.987 1.173 1.014 1.026 0.867
 1.004 1.241 0.846 1.131 0.953 0.995 1.08  0.821 1.115 0.943 0.905 0.97
 0.892]
48, -0.85624,  0.22516,  1.44130, -0.83036,  370.20060,  1696.47540
delay:
[0.792 0.91  0.808 0.901 0.707 1.162 1.285 1.042 1.156 0.916 1.058 0.932
 1.086 1.278 0.908 1.148 0.908 0.947 1.192 0.776 1.118 0.935 1.024 0.941
 1.107]
49, -0.85674,  0.22581,  1.44147, -0.82771,  366.82848,  1705.35077
delay:
[0.856 0.793 0.903 0.878 0.735 1.281 1.244 1.04  1.205 0.979 1.087 0.929
 1.124 1.298 0.869 1.023 0.85  0.947 1.179 0.835 1.032 0.929 0.98  1.043
 1.108]
50, -0.85367,  0.22452,  1.44162, -0.83614,  185.37401,  1660.02871
delay:
[1.578 1.282 1.256 1.494 0.998 2.094 1.99  1.74  2.179 1.55  1.894 1.434
 1.375 2.159 1.269 1.885 1.385 1.384 1.847 1.198 1.677 1.49  1.499 1.553
 1.445]
51, -0.84133,  0.22645,  1.44028, -0.88576,  0.00000,  2116.56901
delay:
[0. 0. 0. 0. 0.]
[0. 0. 0. 0. 0.]
[0. 0. 0. 0. 0.]
[0. 0. 0. 0. 0.]
[0. 0. 0. 0. 0.]
52, -0.83742,  0.22645,  1.44010, -0.87842,  0.00000,  1894.97173
delay:
[0. 0. 0. 0. 0.]
[0. 0. 0. 0. 0.]
[0. 0. 0. 0. 0.]
[0. 0. 0. 0. 0.]
[0. 0. 0. 0. 0.]
53, -0.83518,  0.22613,  1.44008, -0.87559,  0.00000,  1950.53097
delay:
[0. 0. 0. 0. 0.]
[0. 0. 0. 0. 0.]
[0. 0. 0. 0. 0.]
[0. 0. 0. 0. 0.]
[0. 0. 0. 0. 0.]
54, -0.83365,  0.22613,  1.44012, -0.87383,  0.00000,  1893.96075
delay:
[0. 0. 0. 0. 0.]
[0. 0. 0. 0. 0.]
[0. 0. 0. 0. 0.]
[0. 0. 0. 0. 0.]
[0. 0. 0. 0. 0.]
55, -0.83151,  0.22548,  1.44012, -0.87214,  0.00000,  1884.72086
delay:
[0. 0. 0. 0. 0.]
[0. 0. 0. 0. 0.]
[0. 0. 0. 0. 0.]
[0. 0. 0. 0. 0.]
[0. 0. 0. 0. 0.]
