Namespace(data='data/toy_one/3dim_5000seq_120ev/', epoch=100, batch_size=64, d_model=16, d_rnn=8, d_inner_hid=32, d_k=16, d_v=16, n_head=1, n_layers=1, dropout=0.1, lr=0.0001, smooth=0.1, log='data/toy_one/3dim_5000seq_120ev/100_20_input3_hidden32_softplus_batch64_grad.txt', num_events=120, lr_delay=0.0001, n_hidden=32, n_input=3, device=device(type='cpu'))
Epoch, Log-likelihood-Test, Accuracy, RMSE, Log-likelihood-Train, Gradient_Masker, Gradient_THP
1, -0.56883,  0.19271,  0.40010, -0.58490,  0.00000,  10733.08747
delay:
0.0
0.0
0.0
2, -0.51775,  0.49336,  0.36443, -0.54624,  0.00000,  9533.46408
delay:
0.0
0.0
0.0
3, -0.45420,  0.50097,  0.36408, -0.48963,  0.00000,  8576.85739
delay:
0.0
0.0
0.0
4, -0.38858,  0.50097,  0.36363, -0.42565,  0.00000,  7882.15732
delay:
0.0
0.0
0.0
5, -0.32178,  0.50097,  0.34844, -0.36007,  0.00000,  7477.90913
delay:
0.0
0.0
0.0
6, -0.25389,  0.50097,  0.33269, -0.29305,  0.00000,  7215.54804
delay:
0.0
0.0
0.0
7, -0.18669,  0.50097,  0.32328, -0.22562,  0.00000,  6994.30494
delay:
0.0
0.0
0.0
8, -0.12119,  0.50097,  0.31818, -0.15932,  0.00000,  6773.23431
delay:
0.0
0.0
0.0
9, -0.05804,  0.56342,  0.31488, -0.09492,  0.00000,  6533.36872
delay:
0.0
0.0
0.0
10,  0.00188,  0.67410,  0.31243, -0.03331,  0.00000,  6269.28426
delay:
0.0
0.0
0.0
11,  0.03041,  0.69452,  0.31137,  0.01118,  0.00000,  6051.51219
delay:
0.0
0.0
0.0
12,  0.05795,  0.69708,  0.31024,  0.03927,  0.00000,  5898.02529
delay:
0.0
0.0
0.0
13,  0.08448,  0.69284,  0.30892,  0.06647,  0.00000,  5737.41807
delay:
0.0
0.0
0.0
14,  0.11001,  0.69105,  0.30746,  0.09269,  0.00000,  5571.70069
delay:
0.0
0.0
0.0
15,  0.13452,  0.69038,  0.30599,  0.11791,  0.00000,  5400.91368
delay:
0.0
0.0
0.0
16,  0.15797,  0.68958,  0.30456,  0.14203,  0.00000,  5225.39045
delay:
0.0
0.0
0.0
17,  0.18034,  0.68914,  0.30320,  0.16515,  0.00000,  5047.24326
delay:
0.0
0.0
0.0
18,  0.20157,  0.68910,  0.30227,  0.18706,  0.00000,  4867.78858
delay:
0.0
0.0
0.0
19,  0.22167,  0.68897,  0.30157,  0.20792,  0.00000,  4687.85871
delay:
0.0
0.0
0.0
20,  0.24066,  0.68876,  0.30100,  0.22758,  0.00000,  4506.44033
delay:
0.0
0.0
0.0
21,  0.27881,  0.69300,  0.30189,  0.25472,  92.47293,  4207.81130
delay:
1.066
0.766
3.925
22,  0.31230,  0.70078,  0.30260,  0.29241,  46.09240,  3808.49090
delay:
0.776
0.621
3.409
23,  0.33993,  0.70929,  0.30278,  0.32299,  26.98606,  3445.60085
delay:
0.611
0.533
2.954
24,  0.36353,  0.71399,  0.30291,  0.34881,  17.32566,  3110.41116
delay:
0.512
0.479
2.572
25,  0.38266,  0.71735,  0.30339,  0.37037,  13.03860,  2801.61210
delay:
0.442
0.442
2.26
26,  0.39858,  0.71897,  0.30468,  0.38811,  10.30450,  2519.56200
delay:
0.385
0.41
2.0
27,  0.41185,  0.71929,  0.30677,  0.40307,  8.98702,  2274.23946
delay:
0.335
0.38
1.776
28,  0.42284,  0.72076,  0.31098,  0.41541,  8.09582,  2052.72303
delay:
0.292
0.349
1.55
29,  0.43275,  0.72183,  0.32048,  0.42604,  7.39780,  1852.81626
delay:
0.257
0.309
1.302
30,  0.44089,  0.72195,  0.32442,  0.43505,  5.86737,  1665.36942
delay:
0.234
0.286
1.073
31,  0.44446,  0.72208,  0.32468,  0.44093,  4.78217,  1539.84467
delay:
0.224
0.281
0.979
32,  0.44781,  0.72254,  0.32466,  0.44440,  4.52977,  1469.02451
delay:
0.216
0.277
0.894
33,  0.45087,  0.72256,  0.32566,  0.44769,  4.07837,  1399.06816
delay:
0.207
0.272
0.817
34,  0.45381,  0.72315,  0.32463,  0.45074,  3.84906,  1339.37629
delay:
0.199
0.269
0.745
35,  0.45647,  0.72334,  0.32380,  0.45360,  3.40486,  1265.36190
delay:
0.193
0.265
0.678
36,  0.45899,  0.72305,  0.32358,  0.45621,  3.11451,  1215.71576
delay:
0.187
0.262
0.619
37,  0.46138,  0.72347,  0.32095,  0.45868,  2.89227,  1163.84055
delay:
0.181
0.259
0.565
38,  0.46354,  0.72303,  0.32123,  0.46094,  2.60874,  1091.94222
delay:
0.175
0.257
0.519
39,  0.46559,  0.72324,  0.32048,  0.46317,  2.18635,  1060.35482
delay:
0.171
0.255
0.477
40,  0.46749,  0.72334,  0.31933,  0.46513,  2.10647,  1002.64024
delay:
0.167
0.253
0.439
41,  0.46800,  0.72376,  0.31852,  0.46646,  1.71491,  967.23886
delay:
0.167
0.253
0.439
42,  0.46852,  0.72391,  0.31811,  0.46697,  1.71491,  972.90063
delay:
0.167
0.253
0.439
43,  0.46904,  0.72389,  0.31761,  0.46748,  1.71491,  951.69046
delay:
0.167
0.253
0.439
44,  0.46954,  0.72384,  0.31726,  0.46803,  1.71491,  945.77702
delay:
0.167
0.253
0.439
45,  0.47006,  0.72391,  0.31679,  0.46854,  1.71491,  929.49562
delay:
0.167
0.253
0.439
46,  0.47057,  0.72395,  0.31646,  0.46906,  1.71491,  903.67008
delay:
0.167
0.253
0.439
47,  0.47108,  0.72382,  0.31588,  0.46955,  1.71491,  905.56337
delay:
0.167
0.253
0.439
48,  0.47159,  0.72374,  0.31549,  0.47005,  1.71491,  884.71262
delay:
0.167
0.253
0.439
49,  0.47210,  0.72376,  0.31475,  0.47059,  1.71491,  873.40967
delay:
0.167
0.253
0.439
50,  0.47246,  0.72437,  0.31573,  0.47087,  1.71491,  884.91937
delay:
0.167
0.253
0.439
51,  0.47272,  0.72403,  0.31528,  0.47137,  1.71491,  837.09095
delay:
0.167
0.253
0.439
52,  0.47297,  0.72397,  0.31487,  0.47164,  1.71491,  836.89166
delay:
0.167
0.253
0.439
53,  0.47324,  0.72378,  0.31450,  0.47187,  1.71491,  844.17510
delay:
0.167
0.253
0.439
54,  0.47351,  0.72387,  0.31413,  0.47211,  1.71491,  831.23862
delay:
0.167
0.253
0.439
55,  0.47378,  0.72391,  0.31375,  0.47240,  1.71491,  831.20906
delay:
0.167
0.253
0.439
56,  0.47405,  0.72391,  0.31345,  0.47266,  1.71491,  812.79364
delay:
0.167
0.253
0.439
57,  0.47433,  0.72393,  0.31312,  0.47295,  1.71491,  811.95017
delay:
0.167
0.253
0.439
58,  0.47459,  0.72378,  0.31288,  0.47321,  1.71491,  802.31266
delay:
0.167
0.253
0.439
59,  0.47487,  0.72376,  0.31232,  0.47350,  1.71491,  802.18771
delay:
0.167
0.253
0.439
60,  0.47515,  0.72380,  0.31208,  0.47374,  1.71491,  792.73989
delay:
0.167
0.253
0.439
61,  0.47576,  0.72382,  0.31168,  0.47422,  1.31809,  781.72239
delay:
0.167
0.253
0.431
62,  0.47635,  0.72389,  0.31144,  0.47479,  1.35384,  774.05451
delay:
0.167
0.254
0.426
63,  0.47690,  0.72397,  0.31066,  0.47538,  1.25951,  748.65568
delay:
0.166
0.254
0.417
64,  0.47744,  0.72387,  0.31013,  0.47594,  1.31935,  730.74185
delay:
0.166
0.255
0.411
65,  0.47797,  0.72393,  0.30969,  0.47649,  1.47648,  713.11834
delay:
0.166
0.254
0.404
66,  0.47852,  0.72410,  0.30977,  0.47703,  1.21089,  712.11521
delay:
0.166
0.254
0.397
67,  0.47901,  0.72389,  0.30884,  0.47751,  1.30248,  688.87362
delay:
0.165
0.254
0.391
68,  0.47953,  0.72391,  0.30839,  0.47809,  1.35192,  687.16607
delay:
0.165
0.254
0.384
69,  0.48002,  0.72380,  0.30776,  0.47858,  1.37495,  669.37311
delay:
0.165
0.254
0.377
70,  0.48051,  0.72397,  0.30748,  0.47907,  1.34306,  656.83367
delay:
0.165
0.253
0.371
71,  0.48074,  0.72399,  0.30742,  0.47946,  1.26432,  627.75947
delay:
0.165
0.253
0.367
72,  0.48098,  0.72380,  0.30709,  0.47972,  1.22890,  632.42663
delay:
0.165
0.253
0.363
73,  0.48122,  0.72378,  0.30687,  0.47992,  1.32880,  625.90268
delay:
0.165
0.253
0.359
74,  0.48144,  0.72391,  0.30667,  0.48019,  1.22924,  625.99746
delay:
0.165
0.253
0.354
75,  0.48167,  0.72374,  0.30650,  0.48046,  1.20563,  648.42036
delay:
0.165
0.252
0.35
76,  0.48191,  0.72384,  0.30626,  0.48066,  1.31109,  630.17388
delay:
0.165
0.253
0.346
77,  0.48214,  0.72382,  0.30608,  0.48092,  1.24805,  617.30018
delay:
0.165
0.253
0.342
78,  0.48237,  0.72384,  0.30611,  0.48112,  1.20797,  608.52610
delay:
0.165
0.253
0.337
79,  0.48259,  0.72384,  0.30570,  0.48132,  1.21882,  612.19040
delay:
0.166
0.253
0.333
80,  0.48282,  0.72380,  0.30544,  0.48159,  1.20376,  595.80211
delay:
0.166
0.253
0.33
81,  0.48291,  0.72378,  0.30543,  0.48174,  0.85653,  603.73438
delay:
0.166
0.253
0.33
82,  0.48298,  0.72382,  0.30537,  0.48173,  0.85653,  575.34350
delay:
0.166
0.253
0.33
83,  0.48304,  0.72384,  0.30530,  0.48185,  0.85653,  574.49542
delay:
0.166
0.253
0.33
84,  0.48312,  0.72384,  0.30519,  0.48193,  0.85653,  596.71293
delay:
0.166
0.253
0.33
85,  0.48318,  0.72382,  0.30515,  0.48202,  0.85653,  564.59391
delay:
0.166
0.253
0.33
86,  0.48325,  0.72380,  0.30511,  0.48207,  0.85653,  599.45567
delay:
0.166
0.253
0.33
87,  0.48332,  0.72382,  0.30501,  0.48213,  0.85653,  609.24490
delay:
0.166
0.253
0.33
88,  0.48339,  0.72391,  0.30497,  0.48220,  0.85653,  572.15173
delay:
0.166
0.253
0.33
89,  0.48347,  0.72391,  0.30486,  0.48227,  0.85653,  586.63334
delay:
0.166
0.253
0.33
90,  0.48355,  0.72391,  0.30467,  0.48238,  0.85653,  565.43045
delay:
0.166
0.253
0.33
91,  0.48357,  0.72391,  0.30466,  0.48240,  0.85653,  568.33105
delay:
0.166
0.253
0.33
92,  0.48361,  0.72393,  0.30461,  0.48248,  0.85653,  566.30933
delay:
0.166
0.253
0.33
93,  0.48365,  0.72391,  0.30457,  0.48246,  0.85653,  577.31861
delay:
0.166
0.253
0.33
94,  0.48369,  0.72387,  0.30453,  0.48255,  0.85653,  560.88641
delay:
0.166
0.253
0.33
95,  0.48373,  0.72395,  0.30451,  0.48258,  0.85653,  565.09376
delay:
0.166
0.253
0.33
96,  0.48377,  0.72391,  0.30451,  0.48262,  0.85653,  556.78354
delay:
0.166
0.253
0.33
97,  0.48382,  0.72395,  0.30447,  0.48268,  0.85653,  554.78067
delay:
0.166
0.253
0.33
98,  0.48386,  0.72391,  0.30439,  0.48268,  0.85653,  595.39384
delay:
0.166
0.253
0.33
99,  0.48390,  0.72393,  0.30433,  0.48273,  0.85653,  580.21575
delay:
0.166
0.253
0.33
100,  0.48382,  0.72380,  0.30646,  0.48260,  0.85653,  630.59992
delay:
0.166
0.253
0.33
