Namespace(data='data/toy_one/3dim_5000seq_100ev/', epoch=100, batch_size=128, d_model=16, d_rnn=8, d_inner_hid=32, d_k=16, d_v=16, n_head=1, n_layers=1, dropout=0.1, lr=0.001, smooth=0.1, log='data/toy_one/3dim_5000seq_100ev/100_20_input3_hidden16_softplus_batch128_grad.txt', num_events=100, lr_delay=0.001, n_hidden=16, n_input=3, device=device(type='cpu'))
Epoch, Log-likelihood-Test, Accuracy, RMSE, Log-likelihood-Train, Gradient_Masker, Gradient_THP
1, -0.22251,  0.34987,  0.37101, -0.36917,  0.00000,  12045.21494
delay:
0.0
0.0
0.0
2,  0.07607,  0.58144,  0.42134, -0.07894,  0.00000,  10055.57070
delay:
0.0
0.0
0.0
3,  0.31851,  0.63949,  0.37503,  0.19808,  0.00000,  7937.12204
delay:
0.0
0.0
0.0
4,  0.47281,  0.63952,  0.29253,  0.40371,  0.00000,  5624.72752
delay:
0.0
0.0
0.0
5,  0.54649,  0.63952,  0.24876,  0.51784,  0.00000,  3551.40534
delay:
0.0
0.0
0.0
6,  0.57835,  0.63952,  0.24589,  0.56862,  0.00000,  2215.82505
delay:
0.0
0.0
0.0
7,  0.59460,  0.63952,  0.24628,  0.59201,  0.00000,  1564.05398
delay:
0.0
0.0
0.0
8,  0.60383,  0.63955,  0.24602,  0.60414,  0.00000,  1177.32842
delay:
0.0
0.0
0.0
9,  0.60954,  0.63949,  0.24557,  0.61150,  0.00000,  984.23726
delay:
0.0
0.0
0.0
10,  0.61395,  0.63957,  0.24545,  0.61645,  0.00000,  772.99789
delay:
0.0
0.0
0.0
11,  0.61565,  0.63952,  0.24528,  0.61959,  0.00000,  787.62523
delay:
0.0
0.0
0.0
12,  0.61777,  0.63932,  0.24519,  0.62138,  0.00000,  806.98218
delay:
0.0
0.0
0.0
13,  0.61935,  0.63942,  0.24521,  0.62316,  0.00000,  801.10137
delay:
0.0
0.0
0.0
14,  0.62112,  0.63944,  0.24504,  0.62499,  0.00000,  736.40749
delay:
0.0
0.0
0.0
15,  0.62283,  0.63927,  0.24495,  0.62666,  0.00000,  717.24856
delay:
0.0
0.0
0.0
16,  0.62456,  0.63942,  0.24487,  0.62844,  0.00000,  645.31228
delay:
0.0
0.0
0.0
17,  0.62639,  0.63942,  0.24476,  0.63020,  0.00000,  642.73774
delay:
0.0
0.0
0.0
18,  0.62828,  0.63949,  0.24473,  0.63198,  0.00000,  630.64635
delay:
0.0
0.0
0.0
19,  0.63022,  0.63967,  0.24462,  0.63396,  0.00000,  690.18017
delay:
0.0
0.0
0.0
20,  0.63228,  0.63975,  0.24454,  0.63594,  0.00000,  680.04510
delay:
0.0
0.0
0.0
21,  0.64325,  0.63965,  0.24477,  0.64241,  19.38577,  836.51603
delay:
2.206
0.02
6.553
22,  0.65556,  0.63970,  0.24775,  0.65374,  25.78039,  712.79077
delay:
3.818
0.007
6.972
23,  0.66639,  0.63970,  0.24801,  0.66441,  15.56771,  1014.68783
delay:
3.622
0.007
7.34
24,  0.67568,  0.63970,  0.24722,  0.67318,  28.62143,  902.46368
delay:
4.371
0.01
7.566
25,  0.68553,  0.63952,  0.24852,  0.68164,  36.07458,  781.54076
delay:
4.128
0.023
7.538
26,  0.69986,  0.63924,  0.24787,  0.69208,  39.44054,  895.06519
delay:
4.131
0.137
7.482
27,  0.71647,  0.63914,  0.24769,  0.70592,  58.52077,  1411.59061
delay:
4.628
0.65
7.353
28,  0.74636,  0.63960,  0.24670,  0.72354,  84.93554,  1979.07978
delay:
4.179
0.587
7.085
29,  0.77221,  0.63942,  0.24637,  0.74513,  72.76096,  3132.80041
delay:
4.198
0.507
6.602
30,  0.79989,  0.63932,  0.24594,  0.76718,  77.22913,  2947.56575
delay:
4.195
0.397
6.161
31,  0.81166,  0.63932,  0.24574,  0.78416,  97.84153,  3445.86477
delay:
4.287
0.407
5.663
32,  0.82381,  0.63944,  0.24543,  0.79608,  67.75797,  2748.25367
delay:
4.196
0.461
5.066
33,  0.83528,  0.63962,  0.24517,  0.80783,  89.48143,  3455.64673
delay:
4.171
0.438
4.696
34,  0.84586,  0.63967,  0.24477,  0.81998,  96.58586,  3488.41064
delay:
3.991
0.384
4.609
35,  0.85539,  0.63967,  0.24456,  0.83125,  82.25224,  3044.92317
delay:
3.959
0.37
4.629
36,  0.86573,  0.63967,  0.24442,  0.84205,  73.11199,  6292.66549
delay:
3.654
0.333
4.354
37,  0.87441,  0.63975,  0.24434,  0.85263,  51.76365,  4647.20597
delay:
3.378
0.349
3.852
38,  0.88063,  0.63970,  0.24444,  0.86195,  72.80065,  5818.67513
delay:
3.214
0.328
3.292
39,  0.88657,  0.63980,  0.24473,  0.87075,  55.99370,  2433.75270
delay:
2.865
0.358
2.862
40,  0.89684,  0.63972,  0.24528,  0.87943,  78.40016,  3931.98648
delay:
2.223
0.272
2.487
41,  0.89857,  0.63972,  0.24540,  0.88513,  137.86068,  11669.51513
delay:
2.223
0.272
2.487
42,  0.89396,  0.63975,  0.24570,  0.89228,  137.86068,  4788.73451
delay:
2.223
0.272
2.487
43,  0.89497,  0.63972,  0.24586,  0.89691,  137.86068,  2094.58144
delay:
2.223
0.272
2.487
44,  0.89886,  0.63975,  0.24606,  0.90097,  137.86068,  2503.41320
delay:
2.223
0.272
2.487
45,  0.89761,  0.63972,  0.24623,  0.90572,  137.86068,  3156.32157
delay:
2.223
0.272
2.487
46,  0.89679,  0.63970,  0.24635,  0.90997,  137.86068,  2734.77164
delay:
2.223
0.272
2.487
47,  0.89596,  0.63967,  0.24649,  0.91525,  137.86068,  2360.78109
delay:
2.223
0.272
2.487
48,  0.89357,  0.63970,  0.24672,  0.91983,  137.86068,  2252.72727
delay:
2.223
0.272
2.487
49,  0.89408,  0.63970,  0.24678,  0.92386,  137.86068,  2636.82928
delay:
2.223
0.272
2.487
50,  0.85971,  0.64010,  0.24692,  0.77368,  137.86068,  33275.89667
delay:
2.223
0.272
2.487
51,  0.86826,  0.63985,  0.24715,  0.88685,  137.86068,  8403.61931
delay:
2.223
0.272
2.487
52,  0.87983,  0.63972,  0.24713,  0.90152,  137.86068,  4503.26601
delay:
2.223
0.272
2.487
53,  0.88758,  0.63975,  0.24703,  0.91004,  137.86068,  4195.82958
delay:
2.223
0.272
2.487
54,  0.89186,  0.63960,  0.24704,  0.91607,  137.86068,  4042.94954
delay:
2.223
0.272
2.487
55,  0.89521,  0.63965,  0.24692,  0.92050,  137.86068,  3315.91733
delay:
2.223
0.272
2.487
56,  0.89779,  0.63972,  0.24695,  0.92464,  137.86068,  3276.97580
delay:
2.223
0.272
2.487
57,  0.90085,  0.63965,  0.24689,  0.92793,  137.86068,  2943.22496
delay:
2.223
0.272
2.487
58,  0.90229,  0.63965,  0.24684,  0.93053,  137.86068,  2806.34875
delay:
2.223
0.272
2.487
59,  0.90352,  0.63970,  0.24679,  0.93221,  137.86068,  2406.80873
delay:
2.223
0.272
2.487
60,  0.90482,  0.63967,  0.24680,  0.93427,  137.86068,  2114.44258
delay:
2.223
0.272
2.487
61,  0.94917,  0.63965,  0.24642,  0.93820,  562.81681,  2152.11520
delay:
1.124
0.315
2.511
62,  0.97334,  0.64000,  0.24616,  0.95564,  996.06513,  2602.46382
delay:
0.36
0.236
2.589
63,  0.98029,  0.63980,  0.24642,  0.96605,  745.28581,  2838.33751
delay:
0.325
0.194
2.556
64,  0.98619,  0.63987,  0.24621,  0.97291,  1083.89694,  2358.56340
delay:
0.287
0.182
2.526
65,  0.99033,  0.63975,  0.24602,  0.97817,  666.18309,  2090.56730
delay:
0.255
0.167
2.489
66,  0.99570,  0.63977,  0.24581,  0.98291,  592.67732,  1850.20047
delay:
0.223
0.153
2.448
67,  0.99942,  0.63982,  0.24553,  0.98721,  744.73026,  2073.36219
delay:
0.204
0.143
2.409
68,  1.00285,  0.63980,  0.24513,  0.99104,  515.63700,  2159.29323
delay:
0.186
0.14
2.376
69,  1.00791,  0.63977,  0.24486,  0.99514,  541.59662,  2084.61793
delay:
0.17
0.13
2.333
70,  1.00847,  0.63987,  0.24454,  0.99782,  446.81657,  2706.22546
delay:
0.159
0.123
2.295
71,  1.00835,  0.63992,  0.24440,  1.00093,  388.44755,  2156.99708
delay:
0.152
0.122
2.278
72,  1.00826,  0.63990,  0.24431,  1.00199,  472.33849,  1884.51313
delay:
0.145
0.117
2.255
73,  1.00899,  0.63995,  0.24419,  1.00341,  375.83773,  2359.46136
delay:
0.139
0.114
2.235
74,  1.01218,  0.63990,  0.24406,  1.00497,  396.86213,  1817.54436
delay:
0.135
0.112
2.216
75,  1.00933,  0.64003,  0.24393,  1.00634,  380.33245,  2330.29498
delay:
0.129
0.109
2.194
76,  1.01415,  0.63995,  0.24378,  1.00823,  376.64845,  1975.10965
delay:
0.125
0.107
2.178
77,  1.01221,  0.64000,  0.24368,  1.00954,  367.82826,  2153.47240
delay:
0.122
0.104
2.159
78,  1.01606,  0.64000,  0.24358,  1.01041,  434.78046,  1858.86027
delay:
0.121
0.103
2.144
79,  1.01760,  0.64003,  0.24347,  1.01205,  414.35079,  2013.62766
delay:
0.118
0.102
2.129
80,  1.01839,  0.64000,  0.24340,  1.01342,  405.56784,  2104.17222
delay:
0.115
0.1
2.113
81,  0.67946,  0.64013,  0.24352,  1.01413,  1523.48735,  1584.11209
delay:
0.115
0.1
2.113
82,  0.67774,  0.64008,  0.24352,  1.01498,  1523.48735,  1592.99123
delay:
0.115
0.1
2.113
83,  0.67820,  0.64013,  0.24349,  1.01469,  1523.48735,  1354.25953
delay:
0.115
0.1
2.113
84,  0.67814,  0.64010,  0.24344,  1.01518,  1523.48735,  1354.56213
delay:
0.115
0.1
2.113
85,  0.67804,  0.64010,  0.24349,  1.01517,  1523.48735,  1607.67804
delay:
0.115
0.1
2.113
86,  0.67693,  0.64010,  0.24341,  1.01579,  1523.48735,  1617.77940
delay:
0.115
0.1
2.113
87,  0.67665,  0.64010,  0.24341,  1.01601,  1523.48735,  1409.22996
delay:
0.115
0.1
2.113
88,  0.67676,  0.64010,  0.24338,  1.01602,  1523.48735,  1606.59066
delay:
0.115
0.1
2.113
89,  0.67584,  0.64013,  0.24335,  1.01650,  1523.48735,  1470.97669
delay:
0.115
0.1
2.113
90,  0.67732,  0.64010,  0.24337,  1.01685,  1523.48735,  1513.83710
delay:
0.115
0.1
2.113
91,  0.67630,  0.64015,  0.24334,  1.01703,  1523.48735,  1670.44060
delay:
0.115
0.1
2.113
92,  0.67656,  0.64010,  0.24332,  1.01727,  1523.48735,  1640.89375
delay:
0.115
0.1
2.113
93,  0.67641,  0.64015,  0.24332,  1.01711,  1523.48735,  1557.55167
delay:
0.115
0.1
2.113
94,  0.67559,  0.64010,  0.24331,  1.01729,  1523.48735,  1601.94354
delay:
0.115
0.1
2.113
95,  0.67618,  0.64010,  0.24330,  1.01782,  1523.48735,  1652.61631
delay:
0.115
0.1
2.113
96,  0.67578,  0.64018,  0.24329,  1.01794,  1523.48735,  1558.69163
delay:
0.115
0.1
2.113
97,  0.67594,  0.64013,  0.24330,  1.01811,  1523.48735,  1632.64611
delay:
0.115
0.1
2.113
98,  0.67586,  0.64018,  0.24328,  1.01787,  1523.48735,  1400.91822
delay:
0.115
0.1
2.113
99,  0.67558,  0.64018,  0.24328,  1.01832,  1523.48735,  1499.04373
delay:
0.115
0.1
2.113
100,  0.55635,  0.63866,  0.24398,  0.53760,  1523.48735,  88251.91855
delay:
0.115
0.1
2.113
