Namespace(data='data/toy_one/5dim_10000seq_96ev/', epoch=100, batch_size=128, d_model=16, d_rnn=8, d_inner_hid=32, d_k=16, d_v=16, n_head=1, n_layers=1, dropout=0.1, lr=0.001, smooth=0.1, log='data/toy_one/5dim_10000seq_96ev/100_20_input16_hidden64_softplus_batch128_grad_lr0001.txt', num_events=64, lr_delay=0.001, n_hidden=64, n_input=16, device=device(type='cpu'))
Epoch, Log-likelihood-Test, Accuracy, RMSE, Log-likelihood-Train, Gradient_Masker, Gradient_THP
1,  0.00439,  0.47055,  0.23742, -0.22462,  0.00000,  11273.55588
delay:
0.0
0.0
0.0
0.0
0.0
2,  0.70709,  0.50482,  0.17261,  0.35441,  0.00000,  8610.23541
delay:
0.0
0.0
0.0
0.0
0.0
3,  0.96272,  0.50592,  0.15911,  0.86062,  0.00000,  4825.86291
delay:
0.0
0.0
0.0
0.0
0.0
4,  1.02515,  0.50577,  0.15972,  0.99708,  0.00000,  2546.86913
delay:
0.0
0.0
0.0
0.0
0.0
5,  1.05291,  0.50583,  0.16897,  1.03828,  0.00000,  1901.23838
delay:
0.0
0.0
0.0
0.0
0.0
6,  1.06802,  0.50573,  0.17442,  1.05894,  0.00000,  1444.85001
delay:
0.0
0.0
0.0
0.0
0.0
7,  1.07732,  0.50577,  0.16833,  1.07084,  0.00000,  1086.11508
delay:
0.0
0.0
0.0
0.0
0.0
8,  1.08404,  0.50604,  0.16117,  1.07857,  0.00000,  1131.87373
delay:
0.0
0.0
0.0
0.0
0.0
9,  1.08966,  0.50613,  0.15929,  1.08447,  0.00000,  1017.90790
delay:
0.0
0.0
0.0
0.0
0.0
10,  1.09527,  0.50642,  0.15948,  1.08983,  0.00000,  1048.44954
delay:
0.0
0.0
0.0
0.0
0.0
11,  1.09830,  0.50651,  0.15933,  1.09407,  0.00000,  944.11860
delay:
0.0
0.0
0.0
0.0
0.0
12,  1.10174,  0.50676,  0.15945,  1.09699,  0.00000,  932.69219
delay:
0.0
0.0
0.0
0.0
0.0
13,  1.10545,  0.50674,  0.15908,  1.10033,  0.00000,  911.19459
delay:
0.0
0.0
0.0
0.0
0.0
14,  1.10953,  0.50676,  0.15859,  1.10400,  0.00000,  878.84162
delay:
0.0
0.0
0.0
0.0
0.0
15,  1.11375,  0.50667,  0.15811,  1.10780,  0.00000,  889.66208
delay:
0.0
0.0
0.0
0.0
0.0
16,  1.11827,  0.50667,  0.15794,  1.11203,  0.00000,  856.09465
delay:
0.0
0.0
0.0
0.0
0.0
17,  1.12260,  0.50653,  0.15723,  1.11624,  0.00000,  871.87815
delay:
0.0
0.0
0.0
0.0
0.0
18,  1.12687,  0.50646,  0.15657,  1.12036,  0.00000,  843.96924
delay:
0.0
0.0
0.0
0.0
0.0
19,  1.13112,  0.50651,  0.15590,  1.12444,  0.00000,  879.49877
delay:
0.0
0.0
0.0
0.0
0.0
20,  1.13514,  0.50659,  0.15542,  1.12814,  0.00000,  888.11529
delay:
0.0
0.0
0.0
0.0
0.0
21,  1.14970,  0.50627,  0.15429,  1.13617,  18.94086,  958.23942
delay:
0.601
0.39
1.505
1.432
4.057
22,  1.16499,  0.50667,  0.15570,  1.14920,  22.91116,  932.67052
delay:
0.338
0.266
0.145
0.373
3.853
23,  1.18047,  0.50667,  0.15651,  1.16070,  35.23221,  1139.97405
delay:
0.339
0.34
0.279
0.357
4.817
24,  1.20816,  0.50659,  0.15793,  1.17650,  100.75358,  1382.66681
delay:
0.246
0.25
0.385
0.727
6.552
25,  1.25380,  0.50653,  0.16087,  1.20747,  219.43587,  2444.00046
delay:
0.263
0.186
0.25
0.295
5.68
26,  1.31415,  0.50627,  0.15885,  1.25133,  494.03453,  4365.07030
delay:
0.201
0.227
0.151
0.346
1.059
27,  1.37999,  0.50604,  0.15908,  1.30182,  652.45575,  2959.07526
delay:
0.14
0.133
0.118
0.179
0.645
28,  1.43258,  0.50571,  0.15930,  1.35968,  769.22791,  4424.47144
delay:
0.085
0.124
0.083
0.111
0.592
29,  1.46513,  0.50491,  0.15921,  1.40831,  885.67209,  5511.46870
delay:
0.049
0.072
0.042
0.07
0.611
30,  1.49484,  0.50486,  0.15922,  1.44166,  623.63962,  6717.81881
delay:
0.032
0.046
0.027
0.047
0.599
31,  1.50376,  0.50503,  0.15917,  1.46063,  347.76943,  3830.63587
delay:
0.022
0.035
0.026
0.045
0.584
32,  1.51108,  0.50484,  0.15951,  1.46972,  237.37228,  3464.46733
delay:
0.016
0.026
0.02
0.036
0.589
33,  1.51632,  0.50512,  0.15943,  1.47792,  193.79039,  3865.79513
delay:
0.011
0.02
0.016
0.029
0.605
34,  1.52226,  0.50535,  0.16001,  1.48427,  220.28563,  4503.31106
delay:
0.008
0.015
0.014
0.026
0.591
35,  1.52686,  0.50526,  0.16052,  1.49067,  146.03548,  3935.80702
delay:
0.005
0.011
0.009
0.019
0.605
36,  1.53124,  0.50522,  0.16050,  1.49645,  106.35379,  3585.35947
delay:
0.003
0.008
0.007
0.018
0.608
37,  1.53457,  0.50518,  0.16058,  1.50106,  81.31664,  2820.18278
delay:
0.002
0.006
0.005
0.014
0.617
38,  1.53833,  0.50524,  0.16103,  1.50543,  71.00142,  3950.21459
delay:
0.002
0.005
0.004
0.012
0.61
39,  1.54092,  0.50526,  0.16125,  1.50956,  71.87784,  4579.87324
delay:
0.001
0.004
0.003
0.011
0.598
40,  1.54427,  0.50545,  0.16136,  1.51370,  50.44551,  3270.37910
delay:
0.001
0.003
0.002
0.009
0.595
41,  0.90701,  0.50543,  0.16080,  1.51640,  41.41024,  4690.46154
delay:
0.001
0.003
0.002
0.009
0.595
42,  0.90766,  0.50575,  0.16137,  1.52017,  41.41024,  2494.12822
delay:
0.001
0.003
0.002
0.009
0.595
43,  0.90004,  0.50552,  0.16111,  1.52245,  41.41024,  3381.51457
delay:
0.001
0.003
0.002
0.009
0.595
44,  0.90484,  0.50556,  0.16093,  1.52474,  41.41024,  2873.10755
delay:
0.001
0.003
0.002
0.009
0.595
45,  0.90433,  0.50547,  0.16115,  1.52660,  41.41024,  2371.91103
delay:
0.001
0.003
0.002
0.009
0.595
46,  0.90065,  0.50537,  0.16134,  1.52839,  41.41024,  2616.96664
delay:
0.001
0.003
0.002
0.009
0.595
47,  0.89792,  0.50545,  0.16133,  1.53007,  41.41024,  2124.58136
delay:
0.001
0.003
0.002
0.009
0.595
48,  0.89366,  0.50535,  0.16115,  1.53182,  41.41024,  2684.87544
delay:
0.001
0.003
0.002
0.009
0.595
49,  0.89229,  0.50524,  0.16130,  1.53304,  41.41024,  2446.28757
delay:
0.001
0.003
0.002
0.009
0.595
50,  0.74435,  0.50331,  0.16406,  1.27326,  41.41024,  26369.98225
delay:
0.001
0.003
0.002
0.009
0.595
51,  0.77081,  0.50411,  0.16364,  1.44664,  41.41024,  5637.37809
delay:
0.001
0.003
0.002
0.009
0.595
52,  0.79169,  0.50453,  0.16313,  1.46901,  41.41024,  4778.14807
delay:
0.001
0.003
0.002
0.009
0.595
53,  0.80642,  0.50486,  0.16285,  1.48221,  41.41024,  4442.79170
delay:
0.001
0.003
0.002
0.009
0.595
54,  0.81691,  0.50512,  0.16266,  1.49072,  41.41024,  4252.29940
delay:
0.001
0.003
0.002
0.009
0.595
55,  0.82510,  0.50531,  0.16265,  1.49694,  41.41024,  3532.82052
delay:
0.001
0.003
0.002
0.009
0.595
56,  0.83098,  0.50526,  0.16254,  1.50193,  41.41024,  3133.67945
delay:
0.001
0.003
0.002
0.009
0.595
57,  0.83669,  0.50545,  0.16232,  1.50592,  41.41024,  3362.59177
delay:
0.001
0.003
0.002
0.009
0.595
58,  0.84300,  0.50554,  0.16236,  1.50959,  41.41024,  3093.73349
delay:
0.001
0.003
0.002
0.009
0.595
59,  0.84723,  0.50554,  0.16199,  1.51272,  41.41024,  2660.04536
delay:
0.001
0.003
0.002
0.009
0.595
60,  0.85167,  0.50560,  0.16162,  1.51562,  41.41024,  2695.15579
delay:
0.001
0.003
0.002
0.009
0.595
61,  1.54356,  0.50543,  0.16117,  1.51950,  46.83673,  3199.12889
delay:
0.001
0.002
0.002
0.009
0.562
62,  1.54717,  0.50556,  0.16101,  1.52358,  36.71051,  2723.21175
delay:
0.001
0.002
0.002
0.008
0.531
63,  1.55035,  0.50547,  0.16111,  1.52718,  33.05597,  2387.43772
delay:
0.001
0.002
0.002
0.007
0.502
64,  1.55326,  0.50537,  0.16086,  1.53025,  33.99446,  2901.73615
delay:
0.001
0.002
0.002
0.006
0.472
65,  1.55608,  0.50524,  0.16062,  1.53342,  26.27890,  2116.89354
delay:
0.001
0.002
0.001
0.005
0.446
66,  1.55844,  0.50524,  0.16040,  1.53598,  26.58748,  2559.34261
delay:
0.001
0.001
0.001
0.005
0.42
67,  1.56108,  0.50526,  0.16043,  1.53861,  22.87777,  2289.68353
delay:
0.001
0.001
0.001
0.004
0.392
68,  1.56332,  0.50509,  0.16013,  1.54108,  22.36966,  2627.18581
delay:
0.001
0.001
0.001
0.003
0.369
69,  1.56565,  0.50520,  0.16003,  1.54352,  24.42087,  3318.01803
delay:
0.0
0.001
0.001
0.003
0.339
70,  1.56797,  0.50528,  0.15968,  1.54585,  16.16302,  2305.33509
delay:
0.0
0.001
0.001
0.003
0.308
71,  1.56933,  0.50516,  0.15954,  1.54798,  14.71074,  2104.58608
delay:
0.0
0.001
0.001
0.003
0.287
72,  1.57089,  0.50509,  0.15944,  1.54944,  13.59361,  1967.54357
delay:
0.0
0.001
0.001
0.003
0.265
73,  1.57229,  0.50535,  0.15941,  1.55072,  14.34820,  2191.40398
delay:
0.0
0.001
0.001
0.002
0.239
74,  1.57343,  0.50509,  0.15911,  1.55200,  16.13369,  2916.10270
delay:
0.0
0.001
0.001
0.002
0.209
75,  1.57509,  0.50541,  0.15910,  1.55357,  13.14254,  2059.00202
delay:
0.0
0.001
0.001
0.002
0.173
76,  1.57574,  0.50512,  0.15894,  1.55435,  12.51326,  1843.81775
delay:
0.0
0.001
0.001
0.002
0.133
77,  1.57652,  0.50501,  0.15886,  1.55545,  11.05810,  1704.95286
delay:
0.0
0.001
0.001
0.002
0.098
78,  1.57713,  0.50507,  0.15875,  1.55581,  10.07119,  1742.97020
delay:
0.0
0.001
0.0
0.002
0.072
79,  1.57790,  0.50514,  0.15869,  1.55671,  9.96317,  1969.85292
delay:
0.0
0.001
0.0
0.002
0.054
80,  1.57847,  0.50554,  0.15862,  1.55725,  9.22302,  1786.99097
delay:
0.0
0.0
0.0
0.002
0.042
81,  0.69299,  0.50526,  0.16019,  1.55767,  4.98409,  1679.18094
delay:
0.0
0.0
0.0
0.002
0.042
82,  0.69252,  0.50528,  0.16017,  1.55800,  4.98409,  1576.85408
delay:
0.0
0.0
0.0
0.002
0.042
83,  0.69196,  0.50528,  0.16048,  1.55807,  4.98409,  1594.57533
delay:
0.0
0.0
0.0
0.002
0.042
84,  0.69126,  0.50531,  0.16008,  1.55827,  4.98409,  1533.27092
delay:
0.0
0.0
0.0
0.002
0.042
85,  0.68987,  0.50520,  0.16013,  1.55831,  4.98409,  1561.17775
delay:
0.0
0.0
0.0
0.002
0.042
86,  0.68939,  0.50531,  0.15998,  1.55843,  4.98409,  1601.65964
delay:
0.0
0.0
0.0
0.002
0.042
87,  0.68914,  0.50535,  0.15999,  1.55869,  4.98409,  1810.99063
delay:
0.0
0.0
0.0
0.002
0.042
88,  0.68796,  0.50528,  0.15976,  1.55878,  4.98409,  1613.82323
delay:
0.0
0.0
0.0
0.002
0.042
89,  0.68716,  0.50526,  0.15966,  1.55881,  4.98409,  1633.48968
delay:
0.0
0.0
0.0
0.002
0.042
90,  0.68660,  0.50539,  0.15982,  1.55894,  4.98409,  1539.89796
delay:
0.0
0.0
0.0
0.002
0.042
91,  0.68561,  0.50537,  0.15982,  1.55926,  4.98409,  1572.42751
delay:
0.0
0.0
0.0
0.002
0.042
92,  0.68528,  0.50535,  0.15987,  1.55924,  4.98409,  1574.92672
delay:
0.0
0.0
0.0
0.002
0.042
93,  0.68430,  0.50522,  0.15978,  1.55948,  4.98409,  1501.24718
delay:
0.0
0.0
0.0
0.002
0.042
94,  0.68350,  0.50535,  0.15958,  1.55941,  4.98409,  1573.36952
delay:
0.0
0.0
0.0
0.002
0.042
95,  0.68351,  0.50533,  0.15981,  1.55967,  4.98409,  1565.00304
delay:
0.0
0.0
0.0
0.002
0.042
96,  0.68249,  0.50522,  0.15978,  1.55947,  4.98409,  1540.20422
delay:
0.0
0.0
0.0
0.002
0.042
97,  0.68152,  0.50526,  0.15955,  1.55981,  4.98409,  1713.31795
delay:
0.0
0.0
0.0
0.002
0.042
98,  0.68124,  0.50531,  0.15982,  1.55970,  4.98409,  1525.84359
delay:
0.0
0.0
0.0
0.002
0.042
99,  0.68035,  0.50528,  0.15988,  1.55967,  4.98409,  1613.51051
delay:
0.0
0.0
0.0
0.002
0.042
100,  0.56944,  0.50354,  0.15816,  0.95600,  4.98409,  71606.39038
delay:
0.0
0.0
0.0
0.002
0.042
