Namespace(data='data/toy_one/5dim_10000seq_64ev/', epoch=100, batch_size=128, d_model=16, d_rnn=8, d_inner_hid=32, d_k=16, d_v=16, n_head=1, n_layers=1, dropout=0.1, lr=0.001, smooth=0.1, log='data/toy_one/5dim_10000seq_64ev/100_20_input16_hidden64_softplus_batch128_grad_lr0001.txt', num_events=64, lr_delay=0.001, n_hidden=64, n_input=16, device=device(type='cpu'))
Epoch, Log-likelihood-Test, Accuracy, RMSE, Log-likelihood-Train, Gradient_Masker, Gradient_THP
1,  0.12690,  0.36413,  0.34882, -0.22016,  0.00000,  7410.88302
delay:
0.0
0.0
0.0
0.0
0.0
2,  0.73201,  0.47368,  0.19125,  0.46383,  0.00000,  4999.22859
delay:
0.0
0.0
0.0
0.0
0.0
3,  0.91531,  0.47473,  0.16223,  0.84234,  0.00000,  2729.61244
delay:
0.0
0.0
0.0
0.0
0.0
4,  0.96260,  0.47616,  0.15912,  0.94224,  0.00000,  1526.08598
delay:
0.0
0.0
0.0
0.0
0.0
5,  0.97950,  0.47670,  0.15835,  0.97138,  0.00000,  1128.23472
delay:
0.0
0.0
0.0
0.0
0.0
6,  0.98775,  0.47638,  0.15829,  0.98312,  0.00000,  1001.68049
delay:
0.0
0.0
0.0
0.0
0.0
7,  0.99253,  0.47721,  0.15844,  0.98916,  0.00000,  1065.17982
delay:
0.0
0.0
0.0
0.0
0.0
8,  0.99671,  0.47670,  0.15851,  0.99356,  0.00000,  912.87669
delay:
0.0
0.0
0.0
0.0
0.0
9,  1.00109,  0.47714,  0.15914,  0.99761,  0.00000,  909.88887
delay:
0.0
0.0
0.0
0.0
0.0
10,  1.00607,  0.47756,  0.16074,  1.00195,  0.00000,  861.39524
delay:
0.0
0.0
0.0
0.0
0.0
11,  1.00891,  0.47746,  0.16180,  1.00590,  0.00000,  697.00774
delay:
0.0
0.0
0.0
0.0
0.0
12,  1.01191,  0.47746,  0.16219,  1.00863,  0.00000,  695.40399
delay:
0.0
0.0
0.0
0.0
0.0
13,  1.01494,  0.47737,  0.16280,  1.01164,  0.00000,  734.29157
delay:
0.0
0.0
0.0
0.0
0.0
14,  1.01807,  0.47737,  0.16311,  1.01458,  0.00000,  710.59461
delay:
0.0
0.0
0.0
0.0
0.0
15,  1.02144,  0.47759,  0.16375,  1.01775,  0.00000,  701.90239
delay:
0.0
0.0
0.0
0.0
0.0
16,  1.02467,  0.47705,  0.16384,  1.02089,  0.00000,  760.55842
delay:
0.0
0.0
0.0
0.0
0.0
17,  1.02817,  0.47743,  0.16384,  1.02409,  0.00000,  752.24456
delay:
0.0
0.0
0.0
0.0
0.0
18,  1.03157,  0.47740,  0.16382,  1.02744,  0.00000,  723.30980
delay:
0.0
0.0
0.0
0.0
0.0
19,  1.03507,  0.47756,  0.16364,  1.03070,  0.00000,  740.58159
delay:
0.0
0.0
0.0
0.0
0.0
20,  1.03898,  0.47765,  0.16326,  1.03423,  0.00000,  842.79037
delay:
0.0
0.0
0.0
0.0
0.0
21,  1.05232,  0.47698,  0.16209,  1.04043,  17.69527,  843.68214
delay:
5.122
0.001
1.922
0.507
0.007
22,  1.07796,  0.47737,  0.16158,  1.05663,  1.06134,  912.94417
delay:
7.088
0.001
0.118
0.506
0.002
23,  1.14336,  0.47721,  0.16383,  1.08677,  37.86067,  1160.59321
delay:
6.611
0.159
0.404
0.453
0.003
24,  1.21320,  0.47689,  0.16272,  1.14316,  159.68633,  1938.16861
delay:
6.591
0.125
0.434
0.367
0.007
25,  1.25569,  0.47654,  0.16058,  1.18991,  255.22518,  2429.33367
delay:
6.382
0.133
0.312
0.244
0.001
26,  1.29262,  0.47660,  0.15997,  1.23004,  302.00839,  1994.27344
delay:
6.591
0.114
0.301
0.139
0.0
27,  1.33290,  0.47641,  0.15967,  1.27076,  524.83143,  2128.36517
delay:
4.549
0.091
0.112
0.104
0.0
28,  1.38093,  0.47721,  0.15938,  1.31827,  657.59021,  2019.16284
delay:
0.046
0.069
0.06
0.047
0.0
29,  1.40130,  0.47784,  0.15895,  1.35590,  466.99955,  2824.09593
delay:
0.027
0.031
0.035
0.054
0.0
30,  1.41606,  0.47771,  0.15872,  1.37517,  304.59854,  2370.09802
delay:
0.018
0.019
0.018
0.032
0.0
31,  1.42375,  0.47765,  0.15864,  1.38692,  167.66074,  1936.13478
delay:
0.012
0.013
0.023
0.028
0.0
32,  1.42948,  0.47733,  0.15862,  1.39333,  125.12618,  1625.92271
delay:
0.009
0.01
0.017
0.023
0.0
33,  1.43459,  0.47752,  0.15854,  1.39998,  94.98604,  1653.70379
delay:
0.007
0.008
0.013
0.022
0.0
34,  1.43996,  0.47810,  0.15861,  1.40562,  91.04648,  1890.34573
delay:
0.005
0.006
0.011
0.018
0.0
35,  1.44493,  0.47765,  0.15854,  1.41082,  77.39731,  2153.41235
delay:
0.004
0.004
0.008
0.016
0.0
36,  1.44910,  0.47759,  0.15840,  1.41618,  51.26734,  1762.65661
delay:
0.003
0.003
0.007
0.012
0.0
37,  1.45358,  0.47759,  0.15843,  1.42134,  44.57171,  1744.26054
delay:
0.002
0.003
0.005
0.011
0.0
38,  1.45835,  0.47708,  0.15837,  1.42583,  38.08737,  1673.79782
delay:
0.002
0.002
0.004
0.009
0.0
39,  1.46218,  0.47737,  0.15836,  1.43037,  29.63984,  1496.05113
delay:
0.001
0.002
0.003
0.007
0.0
40,  1.46587,  0.47724,  0.15836,  1.43496,  26.55968,  1879.02824
delay:
0.001
0.001
0.003
0.006
0.0
41,  0.82666,  0.33657,  0.16131,  1.43838,  2.92027,  2365.78487
delay:
0.001
0.001
0.003
0.006
0.0
42,  0.82516,  0.34689,  0.16115,  1.44197,  2.92027,  1656.24905
delay:
0.001
0.001
0.003
0.006
0.0
43,  0.82313,  0.35146,  0.16098,  1.44478,  2.92027,  1745.14253
delay:
0.001
0.001
0.003
0.006
0.0
44,  0.82212,  0.36378,  0.16083,  1.44684,  2.92027,  2164.80492
delay:
0.001
0.001
0.003
0.006
0.0
45,  0.81881,  0.36235,  0.16085,  1.44922,  2.92027,  1516.20954
delay:
0.001
0.001
0.003
0.006
0.0
46,  0.81688,  0.37673,  0.16067,  1.45115,  2.92027,  1763.33336
delay:
0.001
0.001
0.003
0.006
0.0
47,  0.81320,  0.38676,  0.16058,  1.45327,  2.92027,  1441.29682
delay:
0.001
0.001
0.003
0.006
0.0
48,  0.80951,  0.39752,  0.16047,  1.45446,  2.92027,  1474.11616
delay:
0.001
0.001
0.003
0.006
0.0
49,  0.80516,  0.40165,  0.16046,  1.45626,  2.92027,  1349.56567
delay:
0.001
0.001
0.003
0.006
0.0
50,  0.69526,  0.29800,  0.16243,  1.12007,  2.92027,  19494.44659
delay:
0.001
0.001
0.003
0.006
0.0
51,  0.74073,  0.29921,  0.16261,  1.32130,  2.92027,  4227.04781
delay:
0.001
0.001
0.003
0.006
0.0
52,  0.79578,  0.30552,  0.16272,  1.37376,  2.92027,  3814.59512
delay:
0.001
0.001
0.003
0.006
0.0
53,  0.82012,  0.30975,  0.16287,  1.40328,  2.92027,  3228.57864
delay:
0.001
0.001
0.003
0.006
0.0
54,  0.82515,  0.31486,  0.16279,  1.41756,  2.92027,  2799.49417
delay:
0.001
0.001
0.003
0.006
0.0
55,  0.82623,  0.31537,  0.16276,  1.42651,  2.92027,  2884.33726
delay:
0.001
0.001
0.003
0.006
0.0
56,  0.82385,  0.31854,  0.16265,  1.43309,  2.92027,  2538.93003
delay:
0.001
0.001
0.003
0.006
0.0
57,  0.82013,  0.32476,  0.16232,  1.43809,  2.92027,  2177.10126
delay:
0.001
0.001
0.003
0.006
0.0
58,  0.81816,  0.32873,  0.16216,  1.44191,  2.92027,  2181.34384
delay:
0.001
0.001
0.003
0.006
0.0
59,  0.81542,  0.33378,  0.16202,  1.44566,  2.92027,  2000.98314
delay:
0.001
0.001
0.003
0.006
0.0
60,  0.81329,  0.33552,  0.16188,  1.44867,  2.92027,  1892.82345
delay:
0.001
0.001
0.003
0.006
0.0
61,  1.47908,  0.47730,  0.15823,  1.45195,  28.67168,  2320.16099
delay:
0.001
0.001
0.003
0.007
0.0
62,  1.48260,  0.47635,  0.15818,  1.45631,  25.11471,  1861.50753
delay:
0.001
0.001
0.003
0.007
0.0
63,  1.48550,  0.47714,  0.15823,  1.45950,  26.29739,  2057.50278
delay:
0.001
0.001
0.003
0.006
0.0
64,  1.48811,  0.47654,  0.15817,  1.46186,  22.99876,  1858.69571
delay:
0.001
0.001
0.003
0.006
0.0
65,  1.49020,  0.47721,  0.15822,  1.46444,  21.38958,  1755.50248
delay:
0.001
0.001
0.002
0.006
0.0
66,  1.49272,  0.47698,  0.15818,  1.46668,  21.11297,  2035.62373
delay:
0.001
0.001
0.002
0.005
0.0
67,  1.49463,  0.47702,  0.15817,  1.46885,  19.78182,  1648.87076
delay:
0.001
0.001
0.002
0.005
0.0
68,  1.49677,  0.47692,  0.15816,  1.47035,  19.98534,  1942.00880
delay:
0.001
0.001
0.002
0.004
0.0
69,  1.49873,  0.47714,  0.15819,  1.47247,  15.21324,  1571.41255
delay:
0.001
0.001
0.001
0.004
0.0
70,  1.50068,  0.47724,  0.15821,  1.47439,  15.97017,  1645.65365
delay:
0.001
0.001
0.001
0.004
0.0
71,  1.50170,  0.47708,  0.15817,  1.47552,  14.36637,  1602.76167
delay:
0.001
0.001
0.001
0.004
0.0
72,  1.50243,  0.47679,  0.15817,  1.47643,  13.09658,  1486.56556
delay:
0.001
0.001
0.001
0.003
0.0
73,  1.50347,  0.47670,  0.15816,  1.47726,  11.94445,  1445.42376
delay:
0.001
0.001
0.001
0.003
0.0
74,  1.50435,  0.47692,  0.15820,  1.47789,  12.52061,  1530.97028
delay:
0.001
0.001
0.001
0.003
0.0
75,  1.50530,  0.47686,  0.15817,  1.47871,  12.60686,  1595.94426
delay:
0.001
0.001
0.001
0.003
0.0
76,  1.50612,  0.47683,  0.15817,  1.47958,  10.18808,  1256.71076
delay:
0.0
0.001
0.001
0.003
0.0
77,  1.50688,  0.47686,  0.15816,  1.48049,  9.19815,  1266.77663
delay:
0.0
0.001
0.001
0.003
0.0
78,  1.50747,  0.47683,  0.15815,  1.48120,  11.14157,  1271.05734
delay:
0.0
0.001
0.001
0.003
0.0
79,  1.50819,  0.47679,  0.15817,  1.48148,  10.52315,  1308.33976
delay:
0.0
0.001
0.001
0.003
0.0
80,  1.50890,  0.47689,  0.15815,  1.48232,  9.93489,  1245.93701
delay:
0.0
0.001
0.001
0.003
0.0
81,  0.55334,  0.43470,  0.16027,  1.48288,  10.72918,  1169.54848
delay:
0.0
0.001
0.001
0.003
0.0
82,  0.55304,  0.43549,  0.16028,  1.48309,  10.72918,  1133.01209
delay:
0.0
0.001
0.001
0.003
0.0
83,  0.55212,  0.43594,  0.16023,  1.48349,  10.72918,  1158.57085
delay:
0.0
0.001
0.001
0.003
0.0
84,  0.55111,  0.43784,  0.16024,  1.48357,  10.72918,  1143.49132
delay:
0.0
0.001
0.001
0.003
0.0
85,  0.55066,  0.43610,  0.16023,  1.48369,  10.72918,  1156.96159
delay:
0.0
0.001
0.001
0.003
0.0
86,  0.54946,  0.43844,  0.16021,  1.48388,  10.72918,  1177.77535
delay:
0.0
0.001
0.001
0.003
0.0
87,  0.54845,  0.43889,  0.16021,  1.48385,  10.72918,  1157.23226
delay:
0.0
0.001
0.001
0.003
0.0
88,  0.54752,  0.44029,  0.16025,  1.48395,  10.72918,  1132.70704
delay:
0.0
0.001
0.001
0.003
0.0
89,  0.54657,  0.43794,  0.16021,  1.48430,  10.72918,  1133.39034
delay:
0.0
0.001
0.001
0.003
0.0
90,  0.54482,  0.44137,  0.16018,  1.48464,  10.72918,  1157.56166
delay:
0.0
0.001
0.001
0.003
0.0
91,  0.54472,  0.44048,  0.16018,  1.48449,  10.72918,  1100.09968
delay:
0.0
0.001
0.001
0.003
0.0
92,  0.54417,  0.44190,  0.16015,  1.48482,  10.72918,  1091.90260
delay:
0.0
0.001
0.001
0.003
0.0
93,  0.54349,  0.44184,  0.16018,  1.48509,  10.72918,  1122.48039
delay:
0.0
0.001
0.001
0.003
0.0
94,  0.54281,  0.44343,  0.16011,  1.48494,  10.72918,  1181.26018
delay:
0.0
0.001
0.001
0.003
0.0
95,  0.54203,  0.44425,  0.16013,  1.48465,  10.72918,  1160.37074
delay:
0.0
0.001
0.001
0.003
0.0
96,  0.54151,  0.44292,  0.16012,  1.48522,  10.72918,  1105.15835
delay:
0.0
0.001
0.001
0.003
0.0
97,  0.54066,  0.44359,  0.16016,  1.48511,  10.72918,  1209.45979
delay:
0.0
0.001
0.001
0.003
0.0
98,  0.53987,  0.44543,  0.16009,  1.48546,  10.72918,  1205.01851
delay:
0.0
0.001
0.001
0.003
0.0
99,  0.53941,  0.44356,  0.16013,  1.48531,  10.72918,  1129.65273
delay:
0.0
0.001
0.001
0.003
0.0
100,  0.44184,  0.31340,  0.16161,  0.75200,  10.72918,  72064.53852
delay:
0.0
0.001
0.001
0.003
0.0
