Namespace(data='data/toy_one/5dim_4000seq_200ev/', epoch=100, batch_size=64, d_model=16, d_rnn=8, d_inner_hid=32, d_k=16, d_v=16, n_head=1, n_layers=1, dropout=0.1, lr=0.0001, smooth=0.1, log='data/toy_one/5dim_4000seq_200ev/100_20_input5_hidden32_softplus_batch64_grad.txt', num_events=200, lr_delay=0.0001, n_hidden=64, n_input=5, device=device(type='cpu'))
Epoch, Log-likelihood-Test, Accuracy, RMSE, Log-likelihood-Train, Gradient_Masker, Gradient_THP
1, -0.38713,  0.15405,  0.20662, -0.41473,  0.00000,  15226.76826
delay:
0.0
0.0
0.0
0.0
0.0
2, -0.33575,  0.29148,  0.26120, -0.36451,  0.00000,  14396.86354
delay:
0.0
0.0
0.0
0.0
0.0
3, -0.28208,  0.45611,  0.32859, -0.31278,  0.00000,  13818.44657
delay:
0.0
0.0
0.0
0.0
0.0
4, -0.22563,  0.48751,  0.36156, -0.25847,  0.00000,  13340.71462
delay:
0.0
0.0
0.0
0.0
0.0
5, -0.16795,  0.48510,  0.36951, -0.20210,  0.00000,  12901.37156
delay:
0.0
0.0
0.0
0.0
0.0
6, -0.11098,  0.48523,  0.36068, -0.14555,  0.00000,  12487.51344
delay:
0.0
0.0
0.0
0.0
0.0
7, -0.05504,  0.48734,  0.34103, -0.08986,  0.00000,  12106.57499
delay:
0.0
0.0
0.0
0.0
0.0
8, -0.00011,  0.49337,  0.31818, -0.03499,  0.00000,  11740.66729
delay:
0.0
0.0
0.0
0.0
0.0
9,  0.05394,  0.49884,  0.29738,  0.01912,  0.00000,  11380.87704
delay:
0.0
0.0
0.0
0.0
0.0
10,  0.10786,  0.50754,  0.28442,  0.07279,  0.00000,  11023.64746
delay:
0.0
0.0
0.0
0.0
0.0
11,  0.13500,  0.50947,  0.28234,  0.11370,  0.00000,  10753.09944
delay:
0.0
0.0
0.0
0.0
0.0
12,  0.16215,  0.51023,  0.28315,  0.14080,  0.00000,  10579.28242
delay:
0.0
0.0
0.0
0.0
0.0
13,  0.18965,  0.51133,  0.28589,  0.16789,  0.00000,  10408.35990
delay:
0.0
0.0
0.0
0.0
0.0
14,  0.21733,  0.51234,  0.29030,  0.19546,  0.00000,  10243.96454
delay:
0.0
0.0
0.0
0.0
0.0
15,  0.24557,  0.51271,  0.29537,  0.22342,  0.00000,  10082.83381
delay:
0.0
0.0
0.0
0.0
0.0
16,  0.27464,  0.51347,  0.29993,  0.25180,  0.00000,  9932.09952
delay:
0.0
0.0
0.0
0.0
0.0
17,  0.30377,  0.51462,  0.30622,  0.28093,  0.00000,  9782.84451
delay:
0.0
0.0
0.0
0.0
0.0
18,  0.33358,  0.51520,  0.31135,  0.31042,  0.00000,  9645.56501
delay:
0.0
0.0
0.0
0.0
0.0
19,  0.36356,  0.51565,  0.31662,  0.34019,  0.00000,  9512.81472
delay:
0.0
0.0
0.0
0.0
0.0
20,  0.39395,  0.51598,  0.32064,  0.37031,  0.00000,  9388.46691
delay:
0.0
0.0
0.0
0.0
0.0
21,  0.45021,  0.51477,  0.34026,  0.41444,  118.21216,  9179.34356
delay:
0.625
0.849
0.404
0.114
1.332
22,  0.50403,  0.51475,  0.35158,  0.46858,  29.66944,  8943.15385
delay:
0.421
1.691
0.262
0.069
2.362
23,  0.55625,  0.51510,  0.35923,  0.52172,  17.39485,  8739.96136
delay:
0.32
2.796
0.188
0.052
3.416
24,  0.60717,  0.51540,  0.36156,  0.57364,  10.84535,  8546.24058
delay:
0.258
3.4
0.147
0.043
3.918
25,  0.65743,  0.51490,  0.35603,  0.62416,  7.59960,  8353.50412
delay:
0.216
3.799
0.122
0.039
4.048
26,  0.70576,  0.51482,  0.34738,  0.67321,  5.93101,  8163.16985
delay:
0.183
4.13
0.107
0.038
3.998
27,  0.75210,  0.51535,  0.33568,  0.72050,  4.59352,  7972.88611
delay:
0.16
4.427
0.095
0.037
3.912
28,  0.79639,  0.51698,  0.31907,  0.76628,  3.85552,  7781.02922
delay:
0.142
4.797
0.087
0.037
3.805
29,  0.83918,  0.51877,  0.29819,  0.80992,  3.40407,  7589.78289
delay:
0.128
5.247
0.081
0.036
3.818
30,  0.88006,  0.52023,  0.27066,  0.85168,  3.32360,  7403.42199
delay:
0.116
5.732
0.077
0.036
3.972
31,  0.89952,  0.52161,  0.25709,  0.88212,  2.83179,  7259.59611
delay:
0.11
5.983
0.075
0.037
3.982
32,  0.91864,  0.52284,  0.24501,  0.90181,  2.75352,  7165.42849
delay:
0.106
6.262
0.074
0.037
3.96
33,  0.93763,  0.52374,  0.23440,  0.92085,  2.50608,  7071.45343
delay:
0.102
6.54
0.072
0.038
3.928
34,  0.95615,  0.52457,  0.22685,  0.93964,  2.35313,  6980.01571
delay:
0.098
6.833
0.071
0.039
3.867
35,  0.97433,  0.52515,  0.22109,  0.95805,  2.06527,  6885.15176
delay:
0.095
7.112
0.071
0.04
3.846
36,  0.99203,  0.52623,  0.21565,  0.97590,  1.94085,  6793.26291
delay:
0.092
7.39
0.07
0.041
3.811
37,  1.00937,  0.52666,  0.21328,  0.99360,  1.73805,  6696.22600
delay:
0.089
7.653
0.07
0.043
3.781
38,  1.02637,  0.52688,  0.21124,  1.01074,  1.65843,  6604.04080
delay:
0.087
7.914
0.069
0.046
3.766
39,  1.04287,  0.52686,  0.21090,  1.02745,  1.57426,  6507.14751
delay:
0.085
8.168
0.069
0.049
3.696
40,  1.05897,  0.52776,  0.21005,  1.04391,  1.43409,  6413.43984
delay:
0.083
8.412
0.069
0.052
3.686
41,  1.06718,  0.52734,  0.21035,  1.05660,  0.76979,  6335.48605
delay:
0.083
8.412
0.069
0.052
3.686
42,  1.07588,  0.52729,  0.20949,  1.06563,  0.76979,  6280.90067
delay:
0.083
8.412
0.069
0.052
3.686
43,  1.08418,  0.52729,  0.20838,  1.07409,  0.76979,  6228.85267
delay:
0.083
8.412
0.069
0.052
3.686
44,  1.09224,  0.52696,  0.20759,  1.08216,  0.76979,  6178.68261
delay:
0.083
8.412
0.069
0.052
3.686
45,  1.10005,  0.52721,  0.20662,  1.09008,  0.76979,  6129.43934
delay:
0.083
8.412
0.069
0.052
3.686
46,  1.10761,  0.52741,  0.20516,  1.09776,  0.76979,  6082.05100
delay:
0.083
8.412
0.069
0.052
3.686
47,  1.11505,  0.52776,  0.20414,  1.10528,  0.76979,  6035.45321
delay:
0.083
8.412
0.069
0.052
3.686
48,  1.12235,  0.52802,  0.20288,  1.11255,  0.76979,  5988.31566
delay:
0.083
8.412
0.069
0.052
3.686
49,  1.12955,  0.52809,  0.20180,  1.11981,  0.76979,  5940.39120
delay:
0.083
8.412
0.069
0.052
3.686
50,  1.13799,  0.52442,  0.20381,  1.12901,  0.76979,  5877.92147
delay:
0.083
8.412
0.069
0.052
3.686
51,  1.14057,  0.52724,  0.20042,  1.13270,  0.76979,  5851.76977
delay:
0.083
8.412
0.069
0.052
3.686
52,  1.14363,  0.52786,  0.19858,  1.13563,  0.76979,  5830.98735
delay:
0.083
8.412
0.069
0.052
3.686
53,  1.14691,  0.52867,  0.19726,  1.13891,  0.76979,  5808.95085
delay:
0.083
8.412
0.069
0.052
3.686
54,  1.15032,  0.52887,  0.19641,  1.14228,  0.76979,  5786.36028
delay:
0.083
8.412
0.069
0.052
3.686
55,  1.15373,  0.52922,  0.19564,  1.14570,  0.76979,  5761.22528
delay:
0.083
8.412
0.069
0.052
3.686
56,  1.15713,  0.52942,  0.19489,  1.14911,  0.76979,  5739.81783
delay:
0.083
8.412
0.069
0.052
3.686
57,  1.16054,  0.52957,  0.19427,  1.15257,  0.76979,  5715.83566
delay:
0.083
8.412
0.069
0.052
3.686
58,  1.16392,  0.52957,  0.19366,  1.15594,  0.76979,  5692.27275
delay:
0.083
8.412
0.069
0.052
3.686
59,  1.16730,  0.52982,  0.19302,  1.15938,  0.76979,  5671.50395
delay:
0.083
8.412
0.069
0.052
3.686
60,  1.17064,  0.52967,  0.19250,  1.16267,  0.76979,  5648.40849
delay:
0.083
8.412
0.069
0.052
3.686
61,  1.17768,  0.53030,  0.19048,  1.16748,  1.05165,  5618.08228
delay:
0.083
8.519
0.07
0.054
3.735
62,  1.18383,  0.53010,  0.18920,  1.17367,  1.01376,  5569.10479
delay:
0.083
8.621
0.07
0.056
3.774
63,  1.18983,  0.53058,  0.18715,  1.17973,  0.93929,  5527.53941
delay:
0.082
8.726
0.07
0.058
3.794
64,  1.19593,  0.53043,  0.18615,  1.18578,  0.92843,  5486.62471
delay:
0.082
8.832
0.07
0.061
3.802
65,  1.20195,  0.53050,  0.18542,  1.19182,  0.92664,  5446.66173
delay:
0.082
8.939
0.071
0.064
3.807
66,  1.20785,  0.52965,  0.18413,  1.19785,  0.93337,  5403.88358
delay:
0.082
9.047
0.071
0.067
3.804
67,  1.21380,  0.52922,  0.18302,  1.20369,  0.88102,  5362.11219
delay:
0.082
9.15
0.072
0.072
3.791
68,  1.21964,  0.52970,  0.18146,  1.20962,  0.89348,  5313.55983
delay:
0.081
9.263
0.072
0.077
3.787
69,  1.22544,  0.52910,  0.18027,  1.21545,  0.91138,  5274.59890
delay:
0.081
9.373
0.073
0.083
3.785
70,  1.23125,  0.52912,  0.17934,  1.22129,  0.88544,  5232.67273
delay:
0.081
9.49
0.073
0.09
3.781
71,  1.23412,  0.52907,  0.17873,  1.22560,  0.90045,  5198.84476
delay:
0.081
9.553
0.074
0.094
3.776
72,  1.23696,  0.52902,  0.17788,  1.22848,  0.94904,  5176.25632
delay:
0.081
9.615
0.074
0.099
3.775
73,  1.23985,  0.52922,  0.17730,  1.23134,  0.87288,  5158.51029
delay:
0.081
9.681
0.074
0.105
3.771
74,  1.24272,  0.52905,  0.17682,  1.23421,  0.90703,  5136.75626
delay:
0.081
9.745
0.075
0.113
3.768
75,  1.24557,  0.52935,  0.17607,  1.23708,  0.98693,  5115.18121
delay:
0.08
9.815
0.075
0.122
3.766
76,  1.24843,  0.52930,  0.17546,  1.23994,  0.89376,  5087.65004
delay:
0.08
9.887
0.076
0.131
3.763
77,  1.25130,  0.52922,  0.17476,  1.24278,  1.03392,  5070.86532
delay:
0.08
9.964
0.076
0.141
3.765
78,  1.25418,  0.52932,  0.17443,  1.24568,  0.97462,  5048.78591
delay:
0.08
10.04
0.077
0.154
3.764
79,  1.25699,  0.52925,  0.17346,  1.24848,  0.92867,  5025.29543
delay:
0.08
10.116
0.077
0.169
3.768
80,  1.25989,  0.52907,  0.17334,  1.25140,  0.94293,  5005.66005
delay:
0.08
10.196
0.078
0.185
3.762
81,  1.26068,  0.52927,  0.17344,  1.25352,  1.02819,  4986.25110
delay:
0.08
10.196
0.078
0.185
3.762
82,  1.26199,  0.52917,  0.17318,  1.25479,  1.02819,  4977.10015
delay:
0.08
10.196
0.078
0.185
3.762
83,  1.26329,  0.52940,  0.17285,  1.25609,  1.02819,  4965.04057
delay:
0.08
10.196
0.078
0.185
3.762
84,  1.26460,  0.52925,  0.17257,  1.25741,  1.02819,  4961.93981
delay:
0.08
10.196
0.078
0.185
3.762
85,  1.26591,  0.52942,  0.17232,  1.25868,  1.02819,  4950.98049
delay:
0.08
10.196
0.078
0.185
3.762
86,  1.26722,  0.52942,  0.17203,  1.26003,  1.02819,  4933.79162
delay:
0.08
10.196
0.078
0.185
3.762
87,  1.26854,  0.52950,  0.17170,  1.26130,  1.02819,  4925.29798
delay:
0.08
10.196
0.078
0.185
3.762
88,  1.26987,  0.52965,  0.17137,  1.26260,  1.02819,  4916.12765
delay:
0.08
10.196
0.078
0.185
3.762
89,  1.27122,  0.52962,  0.17120,  1.26394,  1.02819,  4902.58797
delay:
0.08
10.196
0.078
0.185
3.762
90,  1.27254,  0.52967,  0.17083,  1.26529,  1.02819,  4896.86458
delay:
0.08
10.196
0.078
0.185
3.762
91,  1.27321,  0.52975,  0.17066,  1.26630,  1.02819,  4886.62375
delay:
0.08
10.196
0.078
0.185
3.762
92,  1.27389,  0.52977,  0.17051,  1.26695,  1.02819,  4880.01609
delay:
0.08
10.196
0.078
0.185
3.762
93,  1.27457,  0.52977,  0.17037,  1.26764,  1.02819,  4875.78033
delay:
0.08
10.196
0.078
0.185
3.762
94,  1.27525,  0.52982,  0.17020,  1.26831,  1.02819,  4867.27213
delay:
0.08
10.196
0.078
0.185
3.762
95,  1.27593,  0.52982,  0.17003,  1.26895,  1.02819,  4864.88364
delay:
0.08
10.196
0.078
0.185
3.762
96,  1.27662,  0.52970,  0.16988,  1.26964,  1.02819,  4864.12083
delay:
0.08
10.196
0.078
0.185
3.762
97,  1.27731,  0.52982,  0.16975,  1.27034,  1.02819,  4854.99095
delay:
0.08
10.196
0.078
0.185
3.762
98,  1.27800,  0.52985,  0.16958,  1.27103,  1.02819,  4850.07415
delay:
0.08
10.196
0.078
0.185
3.762
99,  1.27869,  0.52982,  0.16940,  1.27172,  1.02819,  4842.61996
delay:
0.08
10.196
0.078
0.185
3.762
100,  1.28131,  0.52852,  0.17733,  1.27445,  1.02819,  4826.35231
delay:
0.08
10.196
0.078
0.185
3.762
