Namespace(data='data/toy_one/5dim_4000seq_200ev/', epoch=100, batch_size=128, d_model=16, d_rnn=8, d_inner_hid=32, d_k=16, d_v=16, n_head=1, n_layers=1, dropout=0.1, lr=0.001, smooth=0.1, log='data/toy_one/5dim_4000seq_200ev/100_20_input16_hidden64_softplus_batch128_grad.txt', num_events=200, lr_delay=0.001, n_hidden=64, n_input=16, device=device(type='cpu'))
Epoch, Log-likelihood-Test, Accuracy, RMSE, Log-likelihood-Train, Gradient_Masker, Gradient_THP
1, -0.27368,  0.43603,  0.31153, -0.37968,  0.00000,  28720.09116
delay:
0.0
0.0
0.0
0.0
0.0
2, -0.05168,  0.48844,  0.41220, -0.17748,  0.00000,  24960.91065
delay:
0.0
0.0
0.0
0.0
0.0
3,  0.22015,  0.52550,  0.47138,  0.06294,  0.00000,  21477.71488
delay:
0.0
0.0
0.0
0.0
0.0
4,  0.51239,  0.53003,  0.48357,  0.34868,  0.00000,  18280.67190
delay:
0.0
0.0
0.0
0.0
0.0
5,  0.78166,  0.53294,  0.41974,  0.63308,  0.00000,  15857.04910
delay:
0.0
0.0
0.0
0.0
0.0
6,  1.00203,  0.53294,  0.24197,  0.88096,  0.00000,  13610.34880
delay:
0.0
0.0
0.0
0.0
0.0
7,  1.16778,  0.53430,  0.16886,  1.07578,  0.00000,  11467.03230
delay:
0.0
0.0
0.0
0.0
0.0
8,  1.28636,  0.53608,  0.17241,  1.21892,  0.00000,  9577.54236
delay:
0.0
0.0
0.0
0.0
0.0
9,  1.36848,  0.53573,  0.17017,  1.31821,  0.00000,  8062.62974
delay:
0.0
0.0
0.0
0.0
0.0
10,  1.42834,  0.53706,  0.15900,  1.38886,  0.00000,  6925.96965
delay:
0.0
0.0
0.0
0.0
0.0
11,  1.45253,  0.53678,  0.14949,  1.43104,  0.00000,  6244.52678
delay:
0.0
0.0
0.0
0.0
0.0
12,  1.47515,  0.53693,  0.14474,  1.45414,  0.00000,  5858.25092
delay:
0.0
0.0
0.0
0.0
0.0
13,  1.49493,  0.53706,  0.13690,  1.47515,  0.00000,  5490.55216
delay:
0.0
0.0
0.0
0.0
0.0
14,  1.51270,  0.53714,  0.12912,  1.49389,  0.00000,  5176.66690
delay:
0.0
0.0
0.0
0.0
0.0
15,  1.52871,  0.53709,  0.12425,  1.51069,  0.00000,  4884.38953
delay:
0.0
0.0
0.0
0.0
0.0
16,  1.54303,  0.53706,  0.11948,  1.52574,  0.00000,  4576.87978
delay:
0.0
0.0
0.0
0.0
0.0
17,  1.55601,  0.53709,  0.11580,  1.53917,  0.00000,  4346.92188
delay:
0.0
0.0
0.0
0.0
0.0
18,  1.56771,  0.53704,  0.11198,  1.55133,  0.00000,  4121.75048
delay:
0.0
0.0
0.0
0.0
0.0
19,  1.57825,  0.53696,  0.11012,  1.56234,  0.00000,  3940.17825
delay:
0.0
0.0
0.0
0.0
0.0
20,  1.58777,  0.53704,  0.10868,  1.57232,  0.00000,  3700.08355
delay:
0.0
0.0
0.0
0.0
0.0
21,  1.62223,  0.53673,  0.10822,  1.59413,  12.70058,  3500.70749
delay:
8.151
0.125
0.399
0.045
0.158
22,  1.64799,  0.53638,  0.11037,  1.62367,  8.23064,  2780.98137
delay:
11.165
0.239
0.157
0.351
0.181
23,  1.66680,  0.53678,  0.10781,  1.64577,  32.76013,  2362.08006
delay:
11.903
0.375
0.312
0.311
0.576
24,  1.68128,  0.53678,  0.10281,  1.66213,  35.86117,  2300.53645
delay:
12.14
0.297
0.412
0.274
1.817
25,  1.69115,  0.53668,  0.10205,  1.67422,  65.43802,  2175.36456
delay:
12.517
0.269
1.032
0.331
4.488
26,  1.69851,  0.53666,  0.10495,  1.68266,  91.95244,  2049.13727
delay:
12.324
0.145
0.334
0.19
5.034
27,  1.70484,  0.53601,  0.10297,  1.68934,  91.38937,  1921.05963
delay:
12.041
0.272
0.495
0.361
5.391
28,  1.71068,  0.53648,  0.10074,  1.69523,  120.98907,  1921.68026
delay:
12.06
0.235
0.665
0.363
6.517
29,  1.71541,  0.53678,  0.09923,  1.70047,  121.27332,  1968.04265
delay:
11.764
0.275
0.536
0.343
5.885
30,  1.72069,  0.53696,  0.09665,  1.70554,  157.19316,  1691.91444
delay:
11.862
0.249
0.668
0.506
6.388
31,  1.72321,  0.53678,  0.09565,  1.70958,  155.74089,  1491.67700
delay:
11.87
0.212
0.706
0.399
6.271
32,  1.72569,  0.53698,  0.09512,  1.71199,  132.57887,  1503.75295
delay:
12.047
0.211
0.709
0.453
6.802
33,  1.72789,  0.53704,  0.09512,  1.71454,  128.66257,  1541.63231
delay:
12.22
0.212
0.627
0.449
7.307
34,  1.72992,  0.53716,  0.09736,  1.71678,  194.34618,  1409.05793
delay:
12.386
0.169
0.614
0.494
7.831
35,  1.73202,  0.53719,  0.09848,  1.71903,  154.22366,  1433.91643
delay:
12.486
0.173
0.596
0.454
8.421
36,  1.73371,  0.53681,  0.09903,  1.72095,  141.23073,  1403.70115
delay:
12.605
0.184
0.59
0.412
9.191
37,  1.73547,  0.53719,  0.10141,  1.72265,  199.84257,  1518.14234
delay:
12.69
0.19
0.579
0.384
9.816
38,  1.73716,  0.53721,  0.10008,  1.72433,  169.25631,  1558.52551
delay:
12.794
0.187
0.571
0.397
10.477
39,  1.73893,  0.53693,  0.10061,  1.72598,  222.35534,  1603.26040
delay:
12.856
0.165
0.555
0.368
10.987
40,  1.74096,  0.53711,  0.10123,  1.72765,  289.68328,  1515.73625
delay:
12.75
0.176
0.552
0.322
11.407
41,  1.72673,  0.53698,  0.09968,  1.72908,  173.21282,  1515.92923
delay:
12.75
0.176
0.552
0.322
11.407
42,  1.72691,  0.53698,  0.09946,  1.72915,  173.21282,  1432.13261
delay:
12.75
0.176
0.552
0.322
11.407
43,  1.72741,  0.53698,  0.10000,  1.72958,  173.21282,  1378.12231
delay:
12.75
0.176
0.552
0.322
11.407
44,  1.72757,  0.53698,  0.09999,  1.72983,  173.21282,  1358.58857
delay:
12.75
0.176
0.552
0.322
11.407
45,  1.72789,  0.53704,  0.09988,  1.73029,  173.21282,  1327.98023
delay:
12.75
0.176
0.552
0.322
11.407
46,  1.72824,  0.53706,  0.09981,  1.73061,  173.21282,  1365.29736
delay:
12.75
0.176
0.552
0.322
11.407
47,  1.72852,  0.53706,  0.10020,  1.73097,  173.21282,  1350.20732
delay:
12.75
0.176
0.552
0.322
11.407
48,  1.72884,  0.53706,  0.10021,  1.73132,  173.21282,  1391.31416
delay:
12.75
0.176
0.552
0.322
11.407
49,  1.72922,  0.53709,  0.10022,  1.73193,  173.21282,  1442.70131
delay:
12.75
0.176
0.552
0.322
11.407
50,  1.72942,  0.53706,  0.09987,  1.72913,  173.21282,  2473.71930
delay:
12.75
0.176
0.552
0.322
11.407
51,  1.72954,  0.53704,  0.10003,  1.73111,  173.21282,  1786.14760
delay:
12.75
0.176
0.552
0.322
11.407
52,  1.72990,  0.53706,  0.10039,  1.73167,  173.21282,  1544.41334
delay:
12.75
0.176
0.552
0.322
11.407
53,  1.73027,  0.53698,  0.10051,  1.73229,  173.21282,  1341.08557
delay:
12.75
0.176
0.552
0.322
11.407
54,  1.73082,  0.53696,  0.10084,  1.73283,  173.21282,  1315.46741
delay:
12.75
0.176
0.552
0.322
11.407
55,  1.73133,  0.53688,  0.10076,  1.73315,  173.21282,  1413.07453
delay:
12.75
0.176
0.552
0.322
11.407
56,  1.73166,  0.53711,  0.10087,  1.73377,  173.21282,  1325.96703
delay:
12.75
0.176
0.552
0.322
11.407
57,  1.73208,  0.53706,  0.10086,  1.73416,  173.21282,  1363.58500
delay:
12.75
0.176
0.552
0.322
11.407
58,  1.73263,  0.53706,  0.10114,  1.73458,  173.21282,  1425.40461
delay:
12.75
0.176
0.552
0.322
11.407
59,  1.73302,  0.53706,  0.10116,  1.73505,  173.21282,  1253.88941
delay:
12.75
0.176
0.552
0.322
11.407
60,  1.73351,  0.53701,  0.10116,  1.73551,  173.21282,  1334.55751
delay:
12.75
0.176
0.552
0.322
11.407
61,  1.75150,  0.53698,  0.10406,  1.73654,  297.02485,  1769.29173
delay:
12.708
0.171
0.553
0.319
11.467
62,  1.75453,  0.53688,  0.10448,  1.73838,  193.36700,  1597.36488
delay:
12.695
0.155
0.548
0.322
11.445
63,  1.75755,  0.53696,  0.10470,  1.74026,  174.08405,  1481.91790
delay:
12.656
0.181
0.542
0.309
11.401
64,  1.76101,  0.53704,  0.10420,  1.74273,  178.83339,  1487.89052
delay:
12.651
0.166
0.535
0.313
11.382
65,  1.76454,  0.53711,  0.10367,  1.74508,  203.87937,  1663.03512
delay:
12.631
0.165
0.528
0.311
11.335
66,  1.76873,  0.53711,  0.10405,  1.74752,  222.31234,  1732.85957
delay:
12.604
0.15
0.521
0.312
11.259
67,  1.77328,  0.53726,  0.10337,  1.75080,  200.68190,  1747.31817
delay:
12.555
0.155
0.515
0.303
11.191
68,  1.77848,  0.53709,  0.10356,  1.75375,  259.87282,  1903.42365
delay:
12.557
0.134
0.504
0.307
11.172
69,  1.78385,  0.53716,  0.10332,  1.75738,  199.28525,  2225.62442
delay:
12.508
0.145
0.495
0.295
11.123
70,  1.78887,  0.53719,  0.10234,  1.76114,  292.51188,  2057.44501
delay:
12.471
0.154
0.483
0.283
11.133
71,  1.79296,  0.53719,  0.10311,  1.76460,  288.69557,  1996.16362
delay:
12.478
0.133
0.476
0.287
11.134
72,  1.79578,  0.53719,  0.10284,  1.76653,  214.06482,  1811.66844
delay:
12.477
0.134
0.468
0.283
11.143
73,  1.79857,  0.53716,  0.10269,  1.76868,  186.00617,  2207.26342
delay:
12.481
0.134
0.459
0.279
11.157
74,  1.80151,  0.53726,  0.10236,  1.77107,  223.28838,  1977.29580
delay:
12.485
0.13
0.45
0.275
11.158
75,  1.80492,  0.53709,  0.10259,  1.77259,  253.35213,  2239.48896
delay:
12.495
0.126
0.44
0.27
11.187
76,  1.80809,  0.53714,  0.10205,  1.77516,  187.34058,  2256.89257
delay:
12.493
0.127
0.432
0.265
11.183
77,  1.81132,  0.53714,  0.10209,  1.77749,  239.67625,  2625.35054
delay:
12.496
0.125
0.424
0.261
11.204
78,  1.81415,  0.53716,  0.10174,  1.77957,  207.30624,  2744.69483
delay:
12.513
0.115
0.413
0.261
11.252
79,  1.81723,  0.53706,  0.10140,  1.78229,  205.76597,  2539.51607
delay:
12.503
0.124
0.406
0.254
11.279
80,  1.82041,  0.53709,  0.10116,  1.78480,  223.71286,  2240.32804
delay:
12.506
0.124
0.396
0.251
11.317
81,  1.79071,  0.53666,  0.09786,  1.78698,  78.96344,  2250.25317
delay:
12.506
0.124
0.396
0.251
11.317
82,  1.79155,  0.53671,  0.09797,  1.78846,  78.96344,  2298.95386
delay:
12.506
0.124
0.396
0.251
11.317
83,  1.79290,  0.53666,  0.09793,  1.79042,  78.96344,  2244.17307
delay:
12.506
0.124
0.396
0.251
11.317
84,  1.79505,  0.53663,  0.09796,  1.79194,  78.96344,  2828.40485
delay:
12.506
0.124
0.396
0.251
11.317
85,  1.79610,  0.53668,  0.09795,  1.79333,  78.96344,  1945.87246
delay:
12.506
0.124
0.396
0.251
11.317
86,  1.79746,  0.53676,  0.09798,  1.79429,  78.96344,  2311.02767
delay:
12.506
0.124
0.396
0.251
11.317
87,  1.79928,  0.53671,  0.09805,  1.79576,  78.96344,  2575.30928
delay:
12.506
0.124
0.396
0.251
11.317
88,  1.80040,  0.53673,  0.09806,  1.79720,  78.96344,  2052.75802
delay:
12.506
0.124
0.396
0.251
11.317
89,  1.80106,  0.53676,  0.09805,  1.79838,  78.96344,  2477.37763
delay:
12.506
0.124
0.396
0.251
11.317
90,  1.80312,  0.53668,  0.09798,  1.79933,  78.96344,  2374.57389
delay:
12.506
0.124
0.396
0.251
11.317
91,  1.80310,  0.53673,  0.09804,  1.80034,  78.96344,  2560.35495
delay:
12.506
0.124
0.396
0.251
11.317
92,  1.80398,  0.53668,  0.09806,  1.80083,  78.96344,  2066.32458
delay:
12.506
0.124
0.396
0.251
11.317
93,  1.80448,  0.53671,  0.09807,  1.80169,  78.96344,  2022.09292
delay:
12.506
0.124
0.396
0.251
11.317
94,  1.80408,  0.53668,  0.09807,  1.80193,  78.96344,  2247.36144
delay:
12.506
0.124
0.396
0.251
11.317
95,  1.80556,  0.53671,  0.09806,  1.80240,  78.96344,  2496.09113
delay:
12.506
0.124
0.396
0.251
11.317
96,  1.80552,  0.53671,  0.09805,  1.80301,  78.96344,  2448.64953
delay:
12.506
0.124
0.396
0.251
11.317
97,  1.80594,  0.53673,  0.09806,  1.80373,  78.96344,  2173.70729
delay:
12.506
0.124
0.396
0.251
11.317
98,  1.80710,  0.53673,  0.09809,  1.80438,  78.96344,  2455.66280
delay:
12.506
0.124
0.396
0.251
11.317
99,  1.80702,  0.53673,  0.09810,  1.80455,  78.96344,  2899.70644
delay:
12.506
0.124
0.396
0.251
11.317
100,  1.70947,  0.53698,  0.09942,  1.64747,  78.96344,  38347.07947
delay:
12.506
0.124
0.396
0.251
11.317
