Namespace(data='data/toy_one/5dim_5000seq_200ev/', epoch=100, batch_size=128, d_model=16, d_rnn=8, d_inner_hid=32, d_k=16, d_v=16, n_head=1, n_layers=1, dropout=0.1, lr=0.001, smooth=0.1, log='data/toy_one/5dim_5000seq_200ev/100_20_input16_hidden64_softplus_batch128_grad.txt', num_events=200, lr_delay=0.001, n_hidden=64, n_input=16, device=device(type='cpu'))
Epoch, Log-likelihood-Test, Accuracy, RMSE, Log-likelihood-Train, Gradient_Masker, Gradient_THP
1, -0.01663,  0.34544,  0.14942, -0.22228,  0.00000,  24813.25832
delay:
0.0
0.0
0.0
0.0
0.0
2,  0.46448,  0.34544,  0.13511,  0.20383,  0.00000,  22940.29868
delay:
0.0
0.0
0.0
0.0
0.0
3,  0.86610,  0.34544,  0.12399,  0.66868,  0.00000,  19829.08390
delay:
0.0
0.0
0.0
0.0
0.0
4,  1.11533,  0.34557,  0.12551,  0.99779,  0.00000,  14918.18963
delay:
0.0
0.0
0.0
0.0
0.0
5,  1.25458,  0.34788,  0.13403,  1.19093,  0.00000,  10769.97634
delay:
0.0
0.0
0.0
0.0
0.0
6,  1.33030,  0.38036,  0.19010,  1.29761,  0.00000,  8016.16001
delay:
0.0
0.0
0.0
0.0
0.0
7,  1.37541,  0.39240,  0.25286,  1.35753,  0.00000,  6341.57604
delay:
0.0
0.0
0.0
0.0
0.0
8,  1.40368,  0.39402,  0.22564,  1.39465,  0.00000,  5061.12365
delay:
0.0
0.0
0.0
0.0
0.0
9,  1.41521,  0.39432,  0.18622,  1.41692,  0.00000,  4258.32098
delay:
0.0
0.0
0.0
0.0
0.0
10,  1.40702,  0.51639,  0.23056,  1.40842,  0.00000,  5261.89820
delay:
0.0
0.0
0.0
0.0
0.0
11,  1.41642,  0.51642,  0.18595,  1.41729,  0.00000,  4470.02272
delay:
0.0
0.0
0.0
0.0
0.0
12,  1.42557,  0.51734,  0.14473,  1.42655,  0.00000,  3970.22263
delay:
0.0
0.0
0.0
0.0
0.0
13,  1.43348,  0.51761,  0.12233,  1.43526,  0.00000,  3552.13018
delay:
0.0
0.0
0.0
0.0
0.0
14,  1.44023,  0.51775,  0.11447,  1.44255,  0.00000,  3109.45330
delay:
0.0
0.0
0.0
0.0
0.0
15,  1.44528,  0.51780,  0.11223,  1.44853,  0.00000,  2781.85293
delay:
0.0
0.0
0.0
0.0
0.0
16,  1.44931,  0.51780,  0.11111,  1.45317,  0.00000,  2562.97070
delay:
0.0
0.0
0.0
0.0
0.0
17,  1.45245,  0.51786,  0.11037,  1.45681,  0.00000,  2294.24907
delay:
0.0
0.0
0.0
0.0
0.0
18,  1.45499,  0.51788,  0.10976,  1.45971,  0.00000,  2215.24047
delay:
0.0
0.0
0.0
0.0
0.0
19,  1.45705,  0.51795,  0.10956,  1.46211,  0.00000,  2162.30274
delay:
0.0
0.0
0.0
0.0
0.0
20,  1.45881,  0.51786,  0.10956,  1.46405,  0.00000,  2061.10021
delay:
0.0
0.0
0.0
0.0
0.0
21,  1.46572,  0.51802,  0.11015,  1.46898,  3.69433,  2779.77888
delay:
0.026
6.469
5.67
3.442
0.017
22,  1.46876,  0.51775,  0.11383,  1.47374,  2.60197,  2114.78850
delay:
0.012
4.623
6.219
5.915
0.005
23,  1.47334,  0.51784,  0.11676,  1.47720,  26.21809,  1856.37702
delay:
0.013
3.916
4.143
4.116
0.001
24,  1.48167,  0.51786,  0.12465,  1.48284,  92.85101,  1708.21776
delay:
0.008
3.834
3.934
4.046
0.006
25,  1.49146,  0.51799,  0.13421,  1.49119,  96.31488,  1967.01134
delay:
0.004
4.052
4.32
4.263
0.052
26,  1.50183,  0.51812,  0.13908,  1.50079,  58.05029,  2000.52838
delay:
0.003
3.905
4.284
4.623
0.021
27,  1.51356,  0.51804,  0.13277,  1.51173,  32.69198,  1563.91437
delay:
0.002
3.867
4.203
4.447
0.003
28,  1.52525,  0.51813,  0.12821,  1.52268,  14.97461,  1447.19792
delay:
0.001
3.627
4.138
6.446
0.001
29,  1.53712,  0.51798,  0.12235,  1.53334,  14.77782,  1371.78288
delay:
0.001
2.878
1.93
6.861
0.001
30,  1.55001,  0.51769,  0.12207,  1.54396,  29.80797,  2051.19890
delay:
0.001
1.731
0.25
6.401
0.001
31,  1.55905,  0.51793,  0.12077,  1.55282,  39.35545,  1674.82000
delay:
0.007
0.853
0.295
6.166
0.001
32,  1.56882,  0.51779,  0.12194,  1.55975,  39.31121,  1660.71180
delay:
0.16
0.412
0.341
5.843
0.001
33,  1.58111,  0.51764,  0.12362,  1.56786,  41.33941,  2500.73417
delay:
0.21
0.471
0.359
6.059
0.001
34,  1.59422,  0.51763,  0.12473,  1.57720,  64.57870,  2824.60538
delay:
0.188
0.442
0.301
6.123
0.001
35,  1.60631,  0.51769,  0.12572,  1.58701,  87.84457,  2875.23691
delay:
0.179
0.368
0.344
6.435
0.0
36,  1.61903,  0.51763,  0.12688,  1.59745,  102.02762,  4230.51899
delay:
0.16
0.33
0.276
7.359
0.0
37,  1.63323,  0.51771,  0.12790,  1.60847,  124.28868,  3590.20183
delay:
0.184
0.324
0.309
7.766
0.0
38,  1.64635,  0.51780,  0.12839,  1.62044,  169.39529,  6112.29445
delay:
0.17
0.293
0.387
7.999
0.0
39,  1.65943,  0.51778,  0.12821,  1.63346,  233.33977,  4811.18260
delay:
0.205
0.255
0.314
8.135
0.0
40,  1.67190,  0.51769,  0.12840,  1.64593,  368.53576,  6008.58560
delay:
0.12
0.234
0.285
8.481
0.001
41,  1.64485,  0.51749,  0.12692,  1.65500,  880.20437,  7435.43258
delay:
0.12
0.234
0.285
8.481
0.001
42,  1.64953,  0.51704,  0.12561,  1.66223,  880.20437,  4326.55950
delay:
0.12
0.234
0.285
8.481
0.001
43,  1.65315,  0.51433,  0.12539,  1.66794,  880.20437,  3229.60934
delay:
0.12
0.234
0.285
8.481
0.001
44,  1.65431,  0.50701,  0.12448,  1.67271,  880.20437,  3432.28765
delay:
0.12
0.234
0.285
8.481
0.001
45,  1.65597,  0.49564,  0.12324,  1.67727,  880.20437,  4705.99112
delay:
0.12
0.234
0.285
8.481
0.001
46,  1.65673,  0.47536,  0.12309,  1.68111,  880.20437,  3967.56437
delay:
0.12
0.234
0.285
8.481
0.001
47,  1.65860,  0.46054,  0.12258,  1.68479,  880.20437,  3249.86657
delay:
0.12
0.234
0.285
8.481
0.001
48,  1.65830,  0.44317,  0.12248,  1.68784,  880.20437,  3288.67564
delay:
0.12
0.234
0.285
8.481
0.001
49,  1.65947,  0.43363,  0.12233,  1.69152,  880.20437,  3602.03089
delay:
0.12
0.234
0.285
8.481
0.001
50,  1.59149,  0.50152,  0.12155,  1.48799,  880.20437,  52193.31693
delay:
0.12
0.234
0.285
8.481
0.001
51,  1.60845,  0.47906,  0.12361,  1.62595,  880.20437,  12466.06184
delay:
0.12
0.234
0.285
8.481
0.001
52,  1.62145,  0.45574,  0.12386,  1.64150,  880.20437,  8995.32243
delay:
0.12
0.234
0.285
8.481
0.001
53,  1.63080,  0.43974,  0.12341,  1.65266,  880.20437,  8944.26609
delay:
0.12
0.234
0.285
8.481
0.001
54,  1.63749,  0.42717,  0.12286,  1.66197,  880.20437,  8796.60691
delay:
0.12
0.234
0.285
8.481
0.001
55,  1.64229,  0.41873,  0.12253,  1.66926,  880.20437,  8219.48896
delay:
0.12
0.234
0.285
8.481
0.001
56,  1.64557,  0.41230,  0.12236,  1.67539,  880.20437,  7413.41639
delay:
0.12
0.234
0.285
8.481
0.001
57,  1.64758,  0.40678,  0.12213,  1.67967,  880.20437,  6602.20140
delay:
0.12
0.234
0.285
8.481
0.001
58,  1.64883,  0.40264,  0.12168,  1.68357,  880.20437,  5629.30549
delay:
0.12
0.234
0.285
8.481
0.001
59,  1.64977,  0.39815,  0.12133,  1.68622,  880.20437,  4725.19851
delay:
0.12
0.234
0.285
8.481
0.001
60,  1.65001,  0.39374,  0.12097,  1.68883,  880.20437,  4258.15343
delay:
0.12
0.234
0.285
8.481
0.001
61,  1.70671,  0.51815,  0.11926,  1.69250,  552.55675,  5498.24303
delay:
0.139
0.119
0.204
7.897
0.001
62,  1.71210,  0.51824,  0.11846,  1.69754,  524.44994,  3981.12862
delay:
0.157
0.08
0.158
7.557
0.001
63,  1.71682,  0.51819,  0.11767,  1.70213,  673.40998,  3382.69178
delay:
0.157
0.077
0.14
7.455
0.001
64,  1.72172,  0.51828,  0.11681,  1.70664,  621.48388,  6052.64935
delay:
0.15
0.065
0.133
7.332
0.001
65,  1.72524,  0.51809,  0.11624,  1.71084,  614.65889,  2921.04819
delay:
0.14
0.059
0.134
7.462
0.001
66,  1.73036,  0.51823,  0.11553,  1.71493,  648.57153,  4024.45474
delay:
0.132
0.047
0.12
7.583
0.003
67,  1.73546,  0.51827,  0.11496,  1.71933,  730.24957,  3308.08452
delay:
0.123
0.046
0.102
7.541
0.007
68,  1.73898,  0.51824,  0.11413,  1.72316,  1119.12251,  4377.37683
delay:
0.116
0.044
0.09
7.459
0.061
69,  1.74378,  0.51828,  0.11356,  1.72752,  712.32187,  4265.64611
delay:
0.111
0.036
0.092
7.724
0.331
70,  1.74781,  0.51823,  0.11316,  1.73157,  1132.35431,  4218.36127
delay:
0.094
0.035
0.075
7.938
0.267
71,  1.75107,  0.51828,  0.11291,  1.73453,  732.52796,  4816.96752
delay:
0.102
0.035
0.075
7.858
0.28
72,  1.75429,  0.51828,  0.11269,  1.73705,  869.78882,  3575.58139
delay:
0.103
0.033
0.072
7.897
0.256
73,  1.75635,  0.51828,  0.11244,  1.73920,  957.91652,  3744.35211
delay:
0.095
0.033
0.067
7.924
0.27
74,  1.75664,  0.51820,  0.11215,  1.74120,  761.65635,  5452.69847
delay:
0.097
0.032
0.068
7.892
0.281
75,  1.76054,  0.51825,  0.11203,  1.74362,  1067.62621,  4860.70792
delay:
0.094
0.033
0.067
7.924
0.265
76,  1.76267,  0.51830,  0.11189,  1.74540,  605.42375,  3015.17327
delay:
0.09
0.03
0.064
7.957
0.29
77,  1.76428,  0.51828,  0.11170,  1.74698,  630.42032,  3618.97665
delay:
0.092
0.031
0.064
7.969
0.28
78,  1.76607,  0.51828,  0.11159,  1.74898,  850.51981,  3105.80259
delay:
0.091
0.03
0.057
7.998
0.279
79,  1.76785,  0.51830,  0.11141,  1.75060,  777.98451,  3106.23033
delay:
0.092
0.028
0.055
8.002
0.272
80,  1.77085,  0.51829,  0.11133,  1.75238,  974.66519,  3559.55866
delay:
0.085
0.027
0.052
8.039
0.279
81,  1.62155,  0.25891,  0.11454,  1.75357,  1402.33592,  3344.12829
delay:
0.085
0.027
0.052
8.039
0.279
82,  1.62176,  0.25837,  0.11448,  1.75407,  1402.33592,  2761.89577
delay:
0.085
0.027
0.052
8.039
0.279
83,  1.62140,  0.25756,  0.11440,  1.75472,  1402.33592,  2915.43044
delay:
0.085
0.027
0.052
8.039
0.279
84,  1.62167,  0.25721,  0.11436,  1.75529,  1402.33592,  2969.52044
delay:
0.085
0.027
0.052
8.039
0.279
85,  1.62160,  0.25632,  0.11434,  1.75582,  1402.33592,  2952.09452
delay:
0.085
0.027
0.052
8.039
0.279
86,  1.62129,  0.25544,  0.11428,  1.75615,  1402.33592,  3101.17860
delay:
0.085
0.027
0.052
8.039
0.279
87,  1.62067,  0.25509,  0.11425,  1.75647,  1402.33592,  2436.12427
delay:
0.085
0.027
0.052
8.039
0.279
88,  1.62035,  0.25406,  0.11421,  1.75700,  1402.33592,  2591.77048
delay:
0.085
0.027
0.052
8.039
0.279
89,  1.62181,  0.25436,  0.11414,  1.75755,  1402.33592,  2920.82253
delay:
0.085
0.027
0.052
8.039
0.279
90,  1.62128,  0.25418,  0.11407,  1.75805,  1402.33592,  2889.67603
delay:
0.085
0.027
0.052
8.039
0.279
91,  1.62130,  0.25406,  0.11404,  1.75839,  1402.33592,  2728.77449
delay:
0.085
0.027
0.052
8.039
0.279
92,  1.62110,  0.25392,  0.11400,  1.75853,  1402.33592,  2607.42866
delay:
0.085
0.027
0.052
8.039
0.279
93,  1.62150,  0.25361,  0.11399,  1.75896,  1402.33592,  2721.17258
delay:
0.085
0.027
0.052
8.039
0.279
94,  1.62152,  0.25349,  0.11395,  1.75930,  1402.33592,  3024.39733
delay:
0.085
0.027
0.052
8.039
0.279
95,  1.62058,  0.25291,  0.11390,  1.75946,  1402.33592,  2874.83274
delay:
0.085
0.027
0.052
8.039
0.279
96,  1.62126,  0.25293,  0.11388,  1.75964,  1402.33592,  2961.91777
delay:
0.085
0.027
0.052
8.039
0.279
97,  1.62103,  0.25290,  0.11384,  1.75976,  1402.33592,  2487.37950
delay:
0.085
0.027
0.052
8.039
0.279
98,  1.62087,  0.25260,  0.11382,  1.76025,  1402.33592,  2790.08125
delay:
0.085
0.027
0.052
8.039
0.279
99,  1.62123,  0.25249,  0.11382,  1.76030,  1402.33592,  2579.49279
delay:
0.085
0.027
0.052
8.039
0.279
100,  1.38115,  0.32867,  0.12879,  0.92147,  1402.33592,  151357.80715
delay:
0.085
0.027
0.052
8.039
0.279
