Namespace(data='data/toy_one/5dim_5000seq_200ev/', epoch=100, batch_size=64, d_model=16, d_rnn=8, d_inner_hid=32, d_k=16, d_v=16, n_head=1, n_layers=1, dropout=0.1, lr=0.001, smooth=0.1, log='data/toy_one/5dim_5000seq_200ev/100_20_input5_hidden32_softplus_batch64_grad.txt', num_events=200, lr_delay=0.001, n_hidden=32, n_input=5, device=device(type='cpu'))
Epoch, Log-likelihood-Test, Accuracy, RMSE, Log-likelihood-Train, Gradient_Masker, Gradient_THP
1,  0.32910,  0.34367,  0.40398, -0.06134,  0.00000,  11744.94036
delay:
0.0
0.0
0.0
0.0
0.0
2,  0.98683,  0.47509,  0.12223,  0.68289,  0.00000,  8859.30320
delay:
0.0
0.0
0.0
0.0
0.0
3,  1.27784,  0.51671,  0.18539,  1.15173,  0.00000,  5689.21685
delay:
0.0
0.0
0.0
0.0
0.0
4,  1.38780,  0.51746,  0.15650,  1.34499,  0.00000,  3263.52113
delay:
0.0
0.0
0.0
0.0
0.0
5,  1.42884,  0.51775,  0.12204,  1.41650,  0.00000,  2152.64759
delay:
0.0
0.0
0.0
0.0
0.0
6,  1.44543,  0.51794,  0.11086,  1.44406,  0.00000,  1614.97379
delay:
0.0
0.0
0.0
0.0
0.0
7,  1.45413,  0.51789,  0.10822,  1.45637,  0.00000,  1504.81682
delay:
0.0
0.0
0.0
0.0
0.0
8,  1.46019,  0.51812,  0.10947,  1.46370,  0.00000,  1417.60473
delay:
0.0
0.0
0.0
0.0
0.0
9,  1.46449,  0.51808,  0.11225,  1.46887,  0.00000,  1320.02664
delay:
0.0
0.0
0.0
0.0
0.0
10,  1.46782,  0.51805,  0.11452,  1.47267,  0.00000,  1287.39197
delay:
0.0
0.0
0.0
0.0
0.0
11,  1.46945,  0.51807,  0.11474,  1.47511,  0.00000,  1131.75888
delay:
0.0
0.0
0.0
0.0
0.0
12,  1.47143,  0.51807,  0.11401,  1.47684,  0.00000,  943.37987
delay:
0.0
0.0
0.0
0.0
0.0
13,  1.47359,  0.51808,  0.11355,  1.47880,  0.00000,  1003.30731
delay:
0.0
0.0
0.0
0.0
0.0
14,  1.47559,  0.51795,  0.11341,  1.48068,  0.00000,  1052.45762
delay:
0.0
0.0
0.0
0.0
0.0
15,  1.47720,  0.51794,  0.11392,  1.48240,  0.00000,  1005.93814
delay:
0.0
0.0
0.0
0.0
0.0
16,  1.47911,  0.51802,  0.11433,  1.48406,  0.00000,  945.75904
delay:
0.0
0.0
0.0
0.0
0.0
17,  1.48073,  0.51813,  0.11500,  1.48573,  0.00000,  925.85711
delay:
0.0
0.0
0.0
0.0
0.0
18,  1.48245,  0.51761,  0.11546,  1.48732,  0.00000,  1021.98081
delay:
0.0
0.0
0.0
0.0
0.0
19,  1.48418,  0.51809,  0.11560,  1.48901,  0.00000,  1037.50367
delay:
0.0
0.0
0.0
0.0
0.0
20,  1.48610,  0.51795,  0.11541,  1.49090,  0.00000,  1041.50748
delay:
0.0
0.0
0.0
0.0
0.0
21,  1.49670,  0.51817,  0.11183,  1.49643,  21.95301,  1221.58355
delay:
7.19
0.164
0.011
1.255
0.105
22,  1.50971,  0.51807,  0.10835,  1.50813,  15.46717,  1126.06375
delay:
11.253
0.225
0.003
0.82
0.011
23,  1.52312,  0.51828,  0.10992,  1.52090,  32.74869,  957.62869
delay:
10.147
0.285
0.002
0.494
0.006
24,  1.53212,  0.51814,  0.11024,  1.53219,  41.19484,  1075.17469
delay:
9.183
0.279
0.003
0.504
0.004
25,  1.54284,  0.51835,  0.11255,  1.54089,  32.21865,  953.77137
delay:
8.664
0.256
0.357
0.402
0.003
26,  1.55371,  0.51825,  0.11448,  1.54956,  42.04432,  1153.64676
delay:
5.938
0.164
0.5
0.59
0.003
27,  1.56225,  0.51820,  0.11385,  1.55821,  47.50341,  1393.32295
delay:
4.368
0.232
0.423
1.555
0.005
28,  1.57825,  0.51800,  0.11379,  1.56851,  60.89228,  1508.40953
delay:
4.474
0.21
0.289
0.809
0.025
29,  1.60364,  0.51813,  0.11393,  1.58377,  147.82016,  2513.49046
delay:
4.833
0.216
0.271
0.49
0.481
30,  1.63314,  0.51812,  0.11286,  1.61016,  278.90950,  6121.90615
delay:
5.472
0.188
0.234
0.331
0.344
31,  1.63268,  0.51808,  0.11250,  1.63619,  276.95969,  4113.75223
delay:
5.714
0.208
0.192
0.374
0.319
32,  1.63603,  0.51802,  0.11189,  1.65389,  398.75489,  3341.85659
delay:
5.369
0.219
0.179
0.24
0.305
33,  1.64651,  0.51817,  0.11151,  1.67363,  434.33762,  4211.20973
delay:
5.232
0.205
0.178
0.225
0.298
34,  1.62203,  0.51802,  0.11162,  1.69325,  688.38936,  6168.01643
delay:
4.611
0.193
0.169
0.233
0.295
35,  1.62488,  0.51810,  0.11145,  1.71003,  836.79516,  5651.96696
delay:
4.464
0.205
0.148
0.188
0.283
36,  1.62198,  0.51805,  0.11098,  1.72335,  842.68113,  4924.66518
delay:
4.313
0.177
0.132
0.181
0.269
37,  1.63011,  0.51809,  0.11059,  1.73331,  1273.05411,  6176.45689
delay:
4.376
0.185
0.139
0.172
0.245
38,  1.64980,  0.51818,  0.11027,  1.74200,  1763.31670,  4824.04981
delay:
4.047
0.188
0.13
0.157
0.244
39,  1.64830,  0.51809,  0.10968,  1.75023,  1127.13593,  3671.80300
delay:
2.696
0.151
0.112
0.134
0.228
40,  1.67297,  0.51828,  0.10975,  1.75818,  1242.33821,  3889.80319
delay:
0.35
0.15
0.102
0.12
0.222
41,  1.59729,  0.51802,  0.11066,  1.76659,  846.84214,  9679.30463
delay:
0.35
0.15
0.102
0.12
0.222
42,  1.58725,  0.51803,  0.11079,  1.77570,  846.84214,  4345.86594
delay:
0.35
0.15
0.102
0.12
0.222
43,  1.59504,  0.51795,  0.11063,  1.78209,  846.84214,  4563.55195
delay:
0.35
0.15
0.102
0.12
0.222
44,  1.59246,  0.51803,  0.11070,  1.78746,  846.84214,  4565.65939
delay:
0.35
0.15
0.102
0.12
0.222
45,  1.58958,  0.51791,  0.11063,  1.79365,  846.84214,  3813.62462
delay:
0.35
0.15
0.102
0.12
0.222
46,  1.59460,  0.51793,  0.11045,  1.79896,  846.84214,  3683.26623
delay:
0.35
0.15
0.102
0.12
0.222
47,  1.58799,  0.51794,  0.11071,  1.80376,  846.84214,  4726.22228
delay:
0.35
0.15
0.102
0.12
0.222
48,  1.58517,  0.51795,  0.11064,  1.80844,  846.84214,  3682.25836
delay:
0.35
0.15
0.102
0.12
0.222
49,  1.58635,  0.51775,  0.11059,  1.81302,  846.84214,  3519.42289
delay:
0.35
0.15
0.102
0.12
0.222
50,  1.53881,  0.51771,  0.11656,  1.52688,  846.84214,  18242.26695
delay:
0.35
0.15
0.102
0.12
0.222
51,  1.57032,  0.51774,  0.11578,  1.71739,  846.84214,  6706.90746
delay:
0.35
0.15
0.102
0.12
0.222
52,  1.58401,  0.51786,  0.11483,  1.74374,  846.84214,  6639.56014
delay:
0.35
0.15
0.102
0.12
0.222
53,  1.59219,  0.51788,  0.11421,  1.76167,  846.84214,  6245.19308
delay:
0.35
0.15
0.102
0.12
0.222
54,  1.59832,  0.51786,  0.11383,  1.77464,  846.84214,  5159.64611
delay:
0.35
0.15
0.102
0.12
0.222
55,  1.60276,  0.51789,  0.11334,  1.78442,  846.84214,  4726.56096
delay:
0.35
0.15
0.102
0.12
0.222
56,  1.60611,  0.51784,  0.11292,  1.79192,  846.84214,  4275.36641
delay:
0.35
0.15
0.102
0.12
0.222
57,  1.60938,  0.51791,  0.11290,  1.79819,  846.84214,  4314.82263
delay:
0.35
0.15
0.102
0.12
0.222
58,  1.61137,  0.51799,  0.11268,  1.80322,  846.84214,  3906.95574
delay:
0.35
0.15
0.102
0.12
0.222
59,  1.61247,  0.51798,  0.11244,  1.80770,  846.84214,  3763.72861
delay:
0.35
0.15
0.102
0.12
0.222
60,  1.61310,  0.51796,  0.11230,  1.81166,  846.84214,  3522.55585
delay:
0.35
0.15
0.102
0.12
0.222
61,  1.79273,  0.51802,  0.10876,  1.82287,  1388.89444,  3554.54266
delay:
0.137
0.117
0.063
0.069
0.323
62,  1.79202,  0.51804,  0.10864,  1.83307,  1384.61813,  3865.04125
delay:
0.107
0.1
0.049
0.054
0.379
63,  1.81254,  0.51813,  0.10862,  1.84085,  1355.71732,  3645.54203
delay:
0.091
0.088
0.043
0.043
0.426
64,  1.81076,  0.51800,  0.10854,  1.84738,  1321.19043,  4397.95756
delay:
0.076
0.076
0.038
0.039
0.467
65,  1.81518,  0.51808,  0.10848,  1.85361,  765.81054,  3417.84503
delay:
0.064
0.072
0.033
0.033
0.502
66,  1.82497,  0.51804,  0.10843,  1.85821,  709.33837,  4317.77644
delay:
0.056
0.065
0.029
0.027
0.54
67,  1.82620,  0.51803,  0.10837,  1.86293,  788.72531,  4058.66512
delay:
0.049
0.057
0.026
0.023
0.561
68,  1.82626,  0.51800,  0.10828,  1.86727,  739.92375,  3863.98938
delay:
0.043
0.051
0.022
0.021
0.568
69,  1.82655,  0.51793,  0.10826,  1.87122,  945.74918,  5017.36475
delay:
0.039
0.045
0.02
0.017
0.579
70,  1.83453,  0.51804,  0.10821,  1.87441,  880.48794,  6186.74569
delay:
0.035
0.042
0.018
0.015
0.573
71,  1.82945,  0.51793,  0.10812,  1.87776,  451.00306,  4182.12008
delay:
0.034
0.039
0.016
0.014
0.576
72,  1.83059,  0.51790,  0.10813,  1.87995,  474.94920,  3428.26880
delay:
0.031
0.037
0.016
0.012
0.568
73,  1.83693,  0.51791,  0.10800,  1.88189,  455.10455,  4243.92212
delay:
0.029
0.035
0.014
0.011
0.556
74,  1.83005,  0.51789,  0.10802,  1.88396,  513.51655,  3883.04909
delay:
0.027
0.033
0.013
0.01
0.554
75,  1.83795,  0.51789,  0.10801,  1.88595,  517.21807,  3847.53394
delay:
0.026
0.031
0.012
0.009
0.544
76,  1.83307,  0.51785,  0.10798,  1.88708,  528.04099,  4131.89210
delay:
0.024
0.03
0.011
0.008
0.548
77,  1.83079,  0.51793,  0.10789,  1.88831,  378.70713,  3330.67589
delay:
0.023
0.028
0.01
0.008
0.551
78,  1.82615,  0.51779,  0.10788,  1.88946,  367.88050,  3314.94687
delay:
0.022
0.027
0.01
0.007
0.554
79,  1.83931,  0.51790,  0.10787,  1.89048,  411.81858,  3728.16881
delay:
0.021
0.025
0.009
0.006
0.562
80,  1.83025,  0.51779,  0.10783,  1.89134,  404.82668,  3667.68966
delay:
0.02
0.024
0.008
0.006
0.565
81,  1.39550,  0.51784,  0.10929,  1.89205,  441.76719,  3360.39597
delay:
0.02
0.024
0.008
0.006
0.565
82,  1.39696,  0.51788,  0.10917,  1.89213,  441.76719,  2948.85240
delay:
0.02
0.024
0.008
0.006
0.565
83,  1.39696,  0.51788,  0.10920,  1.89240,  441.76719,  3242.78088
delay:
0.02
0.024
0.008
0.006
0.565
84,  1.39584,  0.51785,  0.10923,  1.89290,  441.76719,  2774.39388
delay:
0.02
0.024
0.008
0.006
0.565
85,  1.39527,  0.51789,  0.10912,  1.89289,  441.76719,  3012.87675
delay:
0.02
0.024
0.008
0.006
0.565
86,  1.39479,  0.51784,  0.10906,  1.89345,  441.76719,  3148.34241
delay:
0.02
0.024
0.008
0.006
0.565
87,  1.39464,  0.51785,  0.10909,  1.89335,  441.76719,  3300.63527
delay:
0.02
0.024
0.008
0.006
0.565
88,  1.39006,  0.51779,  0.10922,  1.89366,  441.76719,  2979.37115
delay:
0.02
0.024
0.008
0.006
0.565
89,  1.39114,  0.51788,  0.10916,  1.89387,  441.76719,  3039.42417
delay:
0.02
0.024
0.008
0.006
0.565
90,  1.38990,  0.51786,  0.10917,  1.89392,  441.76719,  3653.35785
delay:
0.02
0.024
0.008
0.006
0.565
91,  1.39062,  0.51785,  0.10907,  1.89437,  441.76719,  2972.22406
delay:
0.02
0.024
0.008
0.006
0.565
92,  1.39101,  0.51783,  0.10905,  1.89459,  441.76719,  3191.30727
delay:
0.02
0.024
0.008
0.006
0.565
93,  1.38898,  0.51781,  0.10907,  1.89458,  441.76719,  2838.89822
delay:
0.02
0.024
0.008
0.006
0.565
94,  1.38931,  0.51786,  0.10901,  1.89476,  441.76719,  3249.93484
delay:
0.02
0.024
0.008
0.006
0.565
95,  1.39003,  0.51786,  0.10900,  1.89487,  441.76719,  3127.61571
delay:
0.02
0.024
0.008
0.006
0.565
96,  1.38774,  0.51781,  0.10907,  1.89487,  441.76719,  2729.56546
delay:
0.02
0.024
0.008
0.006
0.565
97,  1.38885,  0.51780,  0.10898,  1.89521,  441.76719,  2962.51135
delay:
0.02
0.024
0.008
0.006
0.565
98,  1.38869,  0.51785,  0.10900,  1.89511,  441.76719,  3558.60415
delay:
0.02
0.024
0.008
0.006
0.565
99,  1.38641,  0.51786,  0.10904,  1.89538,  441.76719,  3155.95251
delay:
0.02
0.024
0.008
0.006
0.565
100,  1.27171,  0.51771,  0.11027,  1.30095,  441.76719,  70199.70078
delay:
0.02
0.024
0.008
0.006
0.565
